5.850499999999999184e-09 6.003199999999999287e-09 5.945000000000000460e-09 5.229399999999999771e-05 5.225000000000000288e-05 5.231600000000000529e-05
3.161199999999999905e-06 3.186999999999999726e-06 3.218100000000000156e-06 1.567099999999999955e-05 1.543200000000000065e-05 1.515499999999999974e-05
7.827199999999999869e-05 7.824499999999999370e-05 7.823999999999999629e-05 0.000000000000000000e+00 0.000000000000000000e+00 0.000000000000000000e+00
1.976200000000000239e-06 1.977899999999999731e-06 1.963099999999999890e-06 2.829599999999999810e-05 2.837800000000000172e-05 2.834800000000000031e-05
4.054099999999999691e-05 4.057299999999999931e-05 4.059399999999999792e-05 0.000000000000000000e+00 0.000000000000000000e+00 0.000000000000000000e+00
1.588300000000000023e-05 1.588999999999999864e-05 1.589199999999999963e-05 3.206300000000000084e-10 3.165400000000000257e-10 3.148700000000000201e-10
3.891700000000000365e-06 3.928599999999999961e-06 3.966500000000000055e-06 1.035700000000000096e-05 1.011899999999999917e-05 9.832999999999998859e-06
2.194600000000000130e-06 2.197799999999999947e-06 2.200899999999999968e-06 1.760699999999999931e-05 1.752900000000000107e-05 1.741600000000000063e-05
5.011900000000000244e-06 5.047299999999999939e-06 5.091299999999999857e-06 4.497700000000000153e-06 4.333399999999999880e-06 4.144499999999999875e-06
4.436499999999999960e-05 4.440000000000000180e-05 4.429199999999999538e-05 0.000000000000000000e+00 0.000000000000000000e+00 0.000000000000000000e+00
1.649199999999999812e-06 1.651900000000000015e-06 1.642599999999999952e-06 2.576199999999999831e-05 2.576099999999999950e-05 2.574999999999999910e-05
2.202099999999999804e-05 2.201800000000000163e-05 2.201499999999999844e-05 0.000000000000000000e+00 0.000000000000000000e+00 0.000000000000000000e+00
2.789700000000000158e-06 2.798299999999999957e-06 2.814800000000000138e-06 1.751700000000000186e-05 1.735000000000000160e-05 1.715000000000000012e-05
4.665700000000000069e-06 4.710699999999999638e-06 4.754300000000000373e-06 6.676199999999999709e-06 6.462299999999999944e-06 6.204500000000000481e-06
9.129199999999998923e-06 9.198399999999999887e-06 9.263700000000000770e-06 8.905700000000000131e-07 8.322300000000000347e-07 7.615200000000000586e-07
2.011699999999999730e-06 1.995300000000000192e-06 1.984699999999999819e-06 2.686400000000000232e-05 2.686999999999999854e-05 2.678000000000000110e-05
3.827599999999999678e-07 3.885600000000000330e-07 3.894499999999999834e-07 4.308800000000000488e-05 4.308499999999999830e-05 4.313000000000000210e-05
3.938100000000000124e-05 3.941500000000000125e-05 3.939699999999999566e-05 0.000000000000000000e+00 0.000000000000000000e+00 0.000000000000000000e+00
1.378300000000000212e-06 1.374499999999999927e-06 1.366499999999999961e-06 2.772599999999999848e-05 2.777199999999999770e-05 2.780499999999999891e-05
1.254700000000000032e-06 1.251800000000000026e-06 1.255100000000000062e-06 2.553199999999999881e-05 2.552800000000000021e-05 2.553499999999999862e-05
9.172900000000000216e-05 9.172299999999998900e-05 9.172299999999998900e-05 0.000000000000000000e+00 0.000000000000000000e+00 0.000000000000000000e+00
2.676100000000000009e-05 2.678300000000000090e-05 2.679599999999999891e-05 0.000000000000000000e+00 0.000000000000000000e+00 0.000000000000000000e+00
3.838000000000000184e-05 3.839999999999999826e-05 3.839500000000000085e-05 0.000000000000000000e+00 0.000000000000000000e+00 0.000000000000000000e+00
9.116799999999999686e-07 9.123800000000000212e-07 9.161100000000000685e-07 3.684899999999999905e-05 3.685099999999999666e-05 3.683699999999999984e-05
1.478199999999999882e-06 1.475600000000000111e-06 1.476999999999999792e-06 2.496400000000000019e-05 2.494999999999999998e-05 2.492699999999999698e-05
6.958799999999999849e-05 6.956999999999999968e-05 6.949899999999999307e-05 0.000000000000000000e+00 0.000000000000000000e+00 0.000000000000000000e+00
2.171399999999999658e-06 2.176699999999999844e-06 2.183000000000000106e-06 2.258399999999999926e-05 2.248300000000000141e-05 2.231100000000000035e-05
1.665499999999999893e-05 1.673300000000000056e-05 1.675600000000000017e-05 2.409599999999999620e-09 2.206999999999999927e-09 1.993799999999999877e-09
2.538800000000000155e-06 2.537200000000000035e-06 2.562699999999999621e-06 2.405599999999999804e-05 2.393199999999999719e-05 2.376599999999999912e-05
1.051600000000000028e-04 1.051499999999999944e-04 1.051499999999999944e-04 0.000000000000000000e+00 0.000000000000000000e+00 0.000000000000000000e+00
2.969499999999999690e-06 2.982799999999999631e-06 2.998700000000000190e-06 1.283900000000000023e-05 1.265499999999999996e-05 1.241500000000000057e-05
4.998500000000000339e-05 4.996600000000000238e-05 5.003100000000000261e-05 0.000000000000000000e+00 0.000000000000000000e+00 0.000000000000000000e+00
2.256199999999999845e-05 2.252900000000000063e-05 2.250400000000000002e-05 0.000000000000000000e+00 0.000000000000000000e+00 0.000000000000000000e+00
7.080899999999999239e-05 7.081500000000000555e-05 7.080499999999999717e-05 0.000000000000000000e+00 0.000000000000000000e+00 0.000000000000000000e+00
3.678700000000000032e-06 3.704300000000000262e-06 3.735199999999999830e-06 8.597000000000000868e-06 8.367500000000000778e-06 8.094299999999999735e-06
1.430099999999999911e-05 1.435500000000000063e-05 1.442400000000000115e-05 2.661700000000000269e-08 2.483000000000000132e-08 2.306700000000000068e-08
5.755000000000000295e-05 5.758399999999999619e-05 5.758399999999999619e-05 0.000000000000000000e+00 0.000000000000000000e+00 0.000000000000000000e+00
2.561199999999999805e-05 2.562400000000000064e-05 2.559999999999999884e-05 0.000000000000000000e+00 0.000000000000000000e+00 0.000000000000000000e+00
6.194299999999999969e-05 6.193499999999999570e-05 6.193599999999999789e-05 0.000000000000000000e+00 0.000000000000000000e+00 0.000000000000000000e+00
4.526300000000000353e-05 4.530300000000000315e-05 4.537100000000000318e-05 0.000000000000000000e+00 0.000000000000000000e+00 0.000000000000000000e+00
4.144700000000000380e-09 4.268300000000000243e-09 4.042600000000000081e-09 5.461100000000000280e-05 5.470699999999999646e-05 5.478699999999999570e-05
3.494300000000000155e-06 3.526300000000000018e-06 3.551299999999999778e-06 1.521000000000000006e-05 1.497400000000000097e-05 1.469099999999999876e-05
3.164599999999999737e-06 3.182799999999999834e-06 3.227500000000000015e-06 1.544900000000000066e-05 1.523900000000000097e-05 1.501099999999999909e-05
2.381900000000000014e-05 2.380800000000000312e-05 2.375699999999999972e-05 0.000000000000000000e+00 0.000000000000000000e+00 0.000000000000000000e+00
7.576299999999999781e-06 7.635800000000000652e-06 7.717400000000000006e-06 1.763199999999999907e-06 1.667400000000000121e-06 1.567800000000000050e-06
2.760800000000000062e-05 2.760400000000000202e-05 2.761100000000000042e-05 0.000000000000000000e+00 0.000000000000000000e+00 0.000000000000000000e+00
1.587800000000000162e-08 1.591999999999999962e-08 1.562900000000000052e-08 5.015600000000000565e-05 5.013399999999999806e-05 5.019100000000000108e-05
8.126699999999999289e-05 8.126199999999999548e-05 8.124000000000000145e-05 0.000000000000000000e+00 0.000000000000000000e+00 0.000000000000000000e+00
6.753899999999999151e-05 6.751099999999999788e-05 6.752199999999999489e-05 0.000000000000000000e+00 0.000000000000000000e+00 0.000000000000000000e+00
1.492900000000000055e-05 1.491800000000000015e-05 1.496000000000000076e-05 3.013799999999999498e-08 2.847500000000000186e-08 2.666699999999999983e-08
4.754700000000000403e-06 4.790399999999999909e-06 4.828199999999999784e-06 5.915099999999999491e-06 5.747000000000000203e-06 5.552499999999999778e-06
3.857699999999999928e-07 3.820199999999999757e-07 3.665900000000000024e-07 4.337399999999999502e-05 4.350300000000000006e-05 4.346399999999999586e-05
2.261300000000000186e-05 2.263599999999999808e-05 2.265000000000000167e-05 0.000000000000000000e+00 0.000000000000000000e+00 0.000000000000000000e+00
2.812300000000000162e-06 2.827699999999999625e-06 2.842600000000000109e-06 2.221699999999999752e-05 2.204499999999999984e-05 2.182199999999999876e-05
1.335800000000000196e-06 1.336100000000000218e-06 1.332499999999999948e-06 2.687699999999999695e-05 2.688199999999999775e-05 2.688400000000000213e-05
3.238500000000000249e-05 3.234100000000000088e-05 3.229699999999999927e-05 0.000000000000000000e+00 0.000000000000000000e+00 0.000000000000000000e+00
6.462100000000000352e-06 6.528899999999999442e-06 6.600300000000000147e-06 3.533700000000000150e-06 3.369599999999999892e-06 3.179700000000000236e-06
4.918499999999999749e-05 4.917199999999999609e-05 4.917100000000000068e-05 0.000000000000000000e+00 0.000000000000000000e+00 0.000000000000000000e+00
1.157699999999999944e-06 1.149499999999999963e-06 1.135299999999999955e-06 3.200700000000000035e-05 3.203599999999999617e-05 3.198499999999999954e-05
9.768099999999999701e-07 9.703200000000001813e-07 9.678200000000002053e-07 3.150299999999999975e-05 3.152900000000000255e-05 3.155099999999999658e-05
2.797199999999999917e-05 2.794300000000000334e-05 2.789999999999999715e-05 0.000000000000000000e+00 0.000000000000000000e+00 0.000000000000000000e+00
7.629299999999999105e-06 7.692399999999999398e-06 7.745899999999999818e-06 1.244800000000000135e-06 1.182600000000000121e-06 1.114000000000000049e-06
3.182699999999999868e-05 3.188199999999999731e-05 3.193300000000000072e-05 0.000000000000000000e+00 0.000000000000000000e+00 0.000000000000000000e+00
3.075000000000000205e-07 3.016500000000000045e-07 2.977599999999999875e-07 4.066899999999999975e-05 4.073699999999999977e-05 4.081399999999999921e-05
3.965999999999999806e-06 4.016499999999999576e-06 4.056700000000000479e-06 1.561000000000000132e-05 1.527000000000000118e-05 1.490099999999999845e-05
6.933299999999999622e-09 6.695900000000000421e-09 6.657100000000000100e-09 5.289800000000000074e-05 5.290000000000000512e-05 5.293399999999999836e-05
3.718100000000000028e-06 3.738600000000000086e-06 3.765899999999999807e-06 9.484099999999999540e-06 9.294700000000000981e-06 9.068099999999998780e-06
1.207900000000000116e-06 1.199399999999999901e-06 1.201400000000000051e-06 2.986699999999999712e-05 2.982699999999999750e-05 2.977100000000000007e-05
3.143099999999999773e-05 3.141899999999999852e-05 3.151000000000000155e-05 0.000000000000000000e+00 0.000000000000000000e+00 0.000000000000000000e+00
5.174500000000000009e-05 5.177100000000000289e-05 5.173000000000000108e-05 0.000000000000000000e+00 0.000000000000000000e+00 0.000000000000000000e+00
1.009200000000000011e-06 1.013799999999999933e-06 1.015200000000000038e-06 3.692500000000000307e-05 3.688700000000000106e-05 3.682399999999999844e-05
8.684999999999999686e-05 8.684100000000000423e-05 8.683100000000000941e-05 0.000000000000000000e+00 0.000000000000000000e+00 0.000000000000000000e+00
1.729299999999999859e-05 1.730999999999999859e-05 1.734299999999999980e-05 1.084500000000000132e-09 9.766200000000000872e-10 9.373599999999999560e-10
1.628799999999999974e-06 1.635200000000000031e-06 1.647200000000000086e-06 2.915699999999999884e-05 2.908500000000000020e-05 2.910800000000000320e-05
3.330699999999999510e-07 3.343699999999999957e-07 3.433799999999999950e-07 4.450999999999999906e-05 4.443499999999999723e-05 4.447299999999999924e-05
7.789100000000000353e-05 7.786699999999999156e-05 7.782099999999999912e-05 0.000000000000000000e+00 0.000000000000000000e+00 0.000000000000000000e+00
2.182699999999999818e-07 2.171400000000000240e-07 2.211400000000000069e-07 4.186699999999999742e-05 4.182999999999999761e-05 4.180499999999999700e-05
5.133100000000000033e-05 5.132000000000000331e-05 5.132800000000000052e-05 0.000000000000000000e+00 0.000000000000000000e+00 0.000000000000000000e+00
1.286700000000000064e-05 1.291799999999999897e-05 1.297299999999999929e-05 1.081599999999999838e-07 1.014200000000000175e-07 9.395400000000000870e-08
3.249100000000000368e-06 3.265400000000000110e-06 3.285299999999999699e-06 1.086900000000000046e-05 1.068700000000000119e-05 1.046500000000000060e-05
2.660099999999999739e-06 2.669100000000000415e-06 2.675899999999999655e-06 1.749400000000000225e-05 1.736599999999999941e-05 1.718999999999999974e-05
3.025500000000000086e-05 3.025400000000000206e-05 3.025099999999999887e-05 0.000000000000000000e+00 0.000000000000000000e+00 0.000000000000000000e+00
4.759800000000000574e-06 4.818800000000000348e-06 4.877299999999999873e-06 1.055900000000000173e-05 1.020099999999999940e-05 9.760700000000001263e-06
1.731000000000000029e-06 1.738099999999999927e-06 1.738600000000000176e-06 2.583300000000000152e-05 2.581300000000000172e-05 2.570900000000000068e-05
2.563899999999999711e-06 2.584299999999999973e-06 2.592500000000000166e-06 2.277800000000000113e-05 2.268199999999999730e-05 2.252100000000000003e-05
7.447800000000001350e-07 7.431599999999999922e-07 7.426399999999999319e-07 3.206099999999999678e-05 3.207699999999999798e-05 3.206199999999999897e-05
8.380799999999999845e-09 8.360900000000000772e-09 8.761600000000000846e-09 5.297799999999999997e-05 5.290800000000000234e-05 5.295800000000000355e-05
5.693600000000000108e-08 5.701900000000000255e-08 5.690800000000000242e-08 4.718399999999999412e-05 4.715600000000000049e-05 4.709399999999999329e-05
1.576100000000000038e-05 1.578000000000000138e-05 1.582600000000000060e-05 8.817500000000000829e-10 8.424199999999999716e-10 7.978799999999999372e-10
5.673499999999999805e-05 5.673600000000000702e-05 5.671100000000000641e-05 0.000000000000000000e+00 0.000000000000000000e+00 0.000000000000000000e+00
5.745100000000000272e-06 5.787699999999999660e-06 5.833300000000000545e-06 3.103700000000000032e-06 2.970699999999999781e-06 2.822699999999999673e-06
7.398199999999999742e-05 7.396899999999999602e-05 7.398699999999999483e-05 0.000000000000000000e+00 0.000000000000000000e+00 0.000000000000000000e+00
6.047999999999999629e-08 5.998899999999999540e-08 5.917999999999999127e-08 4.859499999999999806e-05 4.860999999999999707e-05 4.862399999999999389e-05
6.811399999999998643e-07 6.797300000000000125e-07 6.774100000000000288e-07 3.534300000000000364e-05 3.533999999999999707e-05 3.534999999999999867e-05
1.902800000000000019e-06 1.903499999999999859e-06 1.908199999999999789e-06 2.106599999999999787e-05 2.102300000000000184e-05 2.097500000000000162e-05
2.254499999999999760e-06 2.253399999999999889e-06 2.259599999999999931e-06 2.394199999999999879e-05 2.383899999999999995e-05 2.370500000000000089e-05
7.940000000000000551e-05 7.940699999999999376e-05 7.942900000000000134e-05 0.000000000000000000e+00 0.000000000000000000e+00 0.000000000000000000e+00
1.479199999999999958e-06 1.486699999999999886e-06 1.487199999999999923e-06 2.619900000000000107e-05 2.616999999999999847e-05 2.613900000000000164e-05
1.474799999999999839e-06 1.476999999999999792e-06 1.448699999999999996e-06 3.098400000000000015e-05 3.101300000000000275e-05 3.095499999999999755e-05
2.403299999999999928e-06 2.408800000000000129e-06 2.415099999999999967e-06 1.802099999999999907e-05 1.793599999999999904e-05 1.782199999999999979e-05
6.692100000000000522e-05 6.692899999999999566e-05 6.691100000000001040e-05 0.000000000000000000e+00 0.000000000000000000e+00 0.000000000000000000e+00
1.964900000000000078e-07 1.935700000000000055e-07 1.959000000000000006e-07 4.433999999999999899e-05 4.436100000000000438e-05 4.441600000000000300e-05
1.520299999999999922e-07 1.527799999999999956e-07 1.559200000000000092e-07 4.822799999999999971e-05 4.818899999999999551e-05 4.827999999999999854e-05
2.537099999999999815e-05 2.542099999999999937e-05 2.547800000000000238e-05 0.000000000000000000e+00 0.000000000000000000e+00 0.000000000000000000e+00
2.307299999999999915e-06 2.317800000000000069e-06 2.323200000000000051e-06 2.310599999999999866e-05 2.304800000000000024e-05 2.291800000000000317e-05
1.357199999999999898e-06 1.357700000000000147e-06 1.358499999999999995e-06 2.317500000000000088e-05 2.314900000000000147e-05 2.310900000000000185e-05
6.331399999999999723e-05 6.330000000000000719e-05 6.328199999999999483e-05 0.000000000000000000e+00 0.000000000000000000e+00 0.000000000000000000e+00
8.209899999999999949e-08 8.205700000000000481e-08 7.982099999999999723e-08 4.715100000000000308e-05 4.717199999999999491e-05 4.718899999999999831e-05
1.286200000000000069e-06 1.280999999999999890e-06 1.259199999999999946e-06 3.241399999999999832e-05 3.247599999999999874e-05 3.232300000000000207e-05
1.131400000000000059e-07 1.109599999999999824e-07 1.066700000000000016e-07 4.764500000000000207e-05 4.768800000000000149e-05 4.765399999999999470e-05
2.264799999999999898e-06 2.264799999999999898e-06 2.271199999999999956e-06 1.960799999999999929e-05 1.950400000000000164e-05 1.935299999999999919e-05
6.486300000000000053e-06 6.572599999999999549e-06 6.696500000000000175e-06 5.902699999999999406e-06 5.537999999999999324e-06 5.193300000000000744e-06
4.919899999999999473e-07 4.957899999999999152e-07 4.956000000000000703e-07 4.233399999999999821e-05 4.235299999999999921e-05 4.240000000000000062e-05
9.683099999999999668e-07 9.689200000000000761e-07 9.700000000000000302e-07 2.863099999999999743e-05 2.860099999999999942e-05 2.856600000000000060e-05
3.813900000000000195e-05 3.815400000000000096e-05 3.814900000000000355e-05 0.000000000000000000e+00 0.000000000000000000e+00 0.000000000000000000e+00
6.786899999999999682e-05 6.786600000000000380e-05 6.785399999999999104e-05 0.000000000000000000e+00 0.000000000000000000e+00 0.000000000000000000e+00
2.033799999999999908e-06 2.036600000000000118e-06 2.015099999999999985e-06 2.779899999999999930e-05 2.779599999999999950e-05 2.766099999999999825e-05
2.954700000000000273e-06 2.968000000000000213e-06 2.984900000000000000e-06 1.219200000000000118e-05 1.200200000000000130e-05 1.176700000000000101e-05
5.362199999999999584e-05 5.361899999999999604e-05 5.361200000000000102e-05 0.000000000000000000e+00 0.000000000000000000e+00 0.000000000000000000e+00
2.934500000000000110e-05 2.931400000000000089e-05 2.928600000000000048e-05 0.000000000000000000e+00 0.000000000000000000e+00 0.000000000000000000e+00
1.896400000000000004e-05 1.899400000000000144e-05 1.900499999999999846e-05 0.000000000000000000e+00 0.000000000000000000e+00 0.000000000000000000e+00
3.235499999999999769e-05 3.235000000000000028e-05 3.230199999999999668e-05 0.000000000000000000e+00 0.000000000000000000e+00 0.000000000000000000e+00
2.659499999999999694e-06 2.651800000000000174e-06 2.668999999999999772e-06 2.366899999999999988e-05 2.356000000000000143e-05 2.346300000000000219e-05
3.336100000000000128e-05 3.336700000000000088e-05 3.331800000000000186e-05 0.000000000000000000e+00 0.000000000000000000e+00 0.000000000000000000e+00
2.368500000000000108e-05 2.374599999999999931e-05 2.374099999999999851e-05 0.000000000000000000e+00 0.000000000000000000e+00 0.000000000000000000e+00
1.429900000000000150e-05 1.432499999999999922e-05 1.435299999999999963e-05 3.052800000000000046e-08 2.951399999999999879e-08 2.816600000000000220e-08
2.488599999999999856e-05 2.486300000000000234e-05 2.480699999999999813e-05 0.000000000000000000e+00 0.000000000000000000e+00 0.000000000000000000e+00
1.129000000000000033e-05 1.139799999999999997e-05 1.146599999999999830e-05 5.799800000000000358e-07 5.431300000000000201e-07 5.008899999999999807e-07
5.184199999999999594e-05 5.184500000000000252e-05 5.184300000000000491e-05 0.000000000000000000e+00 0.000000000000000000e+00 0.000000000000000000e+00
4.936700000000000524e-06 4.993099999999999679e-06 5.056499999999999783e-06 1.095900000000000129e-05 1.061700000000000016e-05 1.021300000000000030e-05
2.549599999999999780e-05 2.542899999999999997e-05 2.538399999999999955e-05 0.000000000000000000e+00 0.000000000000000000e+00 0.000000000000000000e+00
5.432100000000000389e-05 5.433899999999999592e-05 5.434600000000000449e-05 0.000000000000000000e+00 0.000000000000000000e+00 0.000000000000000000e+00
5.028399999999999493e-05 5.030999999999999773e-05 5.033600000000000053e-05 0.000000000000000000e+00 0.000000000000000000e+00 0.000000000000000000e+00
8.073500000000000544e-05 8.073600000000000763e-05 8.074600000000000245e-05 0.000000000000000000e+00 0.000000000000000000e+00 0.000000000000000000e+00
1.513899999999999812e-06 1.515200000000000121e-06 1.514100000000000039e-06 2.519300000000000087e-05 2.518699999999999788e-05 2.516900000000000246e-05
4.480199999999999897e-06 4.523700000000000412e-06 4.556400000000000116e-06 1.278599999999999922e-05 1.247499999999999999e-05 1.203799999999999892e-05
6.453899999999999991e-05 6.453799999999999771e-05 6.455600000000001008e-05 0.000000000000000000e+00 0.000000000000000000e+00 0.000000000000000000e+00
1.291200000000000021e-06 1.290099999999999939e-06 1.294900000000000087e-06 2.697099999999999978e-05 2.693499999999999877e-05 2.693199999999999896e-05
5.717699999999999907e-07 5.718699999999999982e-07 5.706999999999999950e-07 4.045800000000000465e-05 4.041800000000000503e-05 4.034999999999999823e-05
4.736399999999999579e-05 4.732300000000000075e-05 4.730600000000000413e-05 0.000000000000000000e+00 0.000000000000000000e+00 0.000000000000000000e+00
1.405199999999999904e-07 1.361700000000000077e-07 1.320199999999999871e-07 4.484999999999999919e-05 4.491199999999999961e-05 4.493500000000000261e-05
4.083600000000000001e-05 4.086700000000000022e-05 4.088799999999999884e-05 0.000000000000000000e+00 0.000000000000000000e+00 0.000000000000000000e+00
7.953599999999999964e-07 7.983499999999999457e-07 7.824299999999999990e-07 3.811400000000000134e-05 3.822599999999999620e-05 3.821300000000000158e-05
2.239500000000000158e-05 2.235199999999999877e-05 2.240099999999999779e-05 0.000000000000000000e+00 0.000000000000000000e+00 0.000000000000000000e+00
1.533099999999999941e-05 1.534599999999999842e-05 1.539500000000000083e-05 3.915699999999999620e-09 3.748500000000000446e-09 3.677899999999999883e-09
5.581600000000000228e-05 5.578199999999999549e-05 5.584499999999999810e-05 0.000000000000000000e+00 0.000000000000000000e+00 0.000000000000000000e+00
3.299100000000000207e-07 3.278400000000000028e-07 3.275500000000000445e-07 4.080200000000000000e-05 4.083000000000000041e-05 4.084300000000000181e-05
2.311800000000000041e-06 2.313799999999999768e-06 2.306999999999999681e-06 2.471699999999999730e-05 2.474899999999999970e-05 2.469099999999999789e-05
1.730400000000000238e-05 1.730200000000000138e-05 1.729499999999999958e-05 0.000000000000000000e+00 0.000000000000000000e+00 0.000000000000000000e+00
2.779700000000000254e-06 2.787499999999999993e-06 2.798699999999999987e-06 1.398299999999999978e-05 1.384999999999999953e-05 1.368500000000000026e-05
9.292000000000000143e-06 9.368799999999999136e-06 9.476600000000000036e-06 1.892500000000000092e-06 1.770300000000000017e-06 1.655800000000000096e-06
2.943600000000000074e-06 2.956200000000000173e-06 2.973000000000000165e-06 1.749800000000000086e-05 1.734099999999999880e-05 1.716299999999999814e-05
7.435300000000000411e-07 7.498500000000000077e-07 7.506199999999999809e-07 3.606300000000000353e-05 3.606800000000000094e-05 3.605400000000000412e-05
2.648300000000000229e-07 2.655099999999999999e-07 2.673400000000000103e-07 4.621399999999999494e-05 4.617899999999999951e-05 4.620600000000000450e-05
1.804300000000000030e-06 1.805000000000000082e-06 1.806599999999999991e-06 2.597000000000000038e-05 2.598400000000000059e-05 2.594199999999999658e-05
6.731799999999999651e-06 6.813900000000000101e-06 6.917299999999999823e-06 4.473500000000000452e-06 4.260900000000000150e-06 4.031900000000000310e-06
2.431699999999999944e-06 2.436299999999999866e-06 2.460600000000000209e-06 2.292699999999999919e-05 2.281599999999999975e-05 2.280199999999999954e-05
1.281699999999999943e-06 1.283300000000000063e-06 1.291800000000000066e-06 3.463800000000000277e-05 3.463500000000000297e-05 3.462599999999999679e-05
8.636600000000000624e-05 8.636600000000000624e-05 8.635499999999999567e-05 0.000000000000000000e+00 0.000000000000000000e+00 0.000000000000000000e+00
7.252000000000000352e-08 7.668899999999999274e-08 7.827200000000000102e-08 4.864399999999999708e-05 4.863199999999999788e-05 4.871499999999999691e-05
4.582700000000000017e-05 4.583199999999999758e-05 4.582300000000000495e-05 0.000000000000000000e+00 0.000000000000000000e+00 0.000000000000000000e+00
3.017499999999999908e-06 3.026300000000000146e-06 3.048600000000000339e-06 2.137999999999999859e-05 2.118699999999999891e-05 2.088400000000000198e-05
3.346999999999999994e-07 3.356800000000000518e-07 3.341599999999999694e-07 4.014300000000000512e-05 4.013500000000000113e-05 4.009599999999999693e-05
6.391600000000000265e-05 6.393600000000000585e-05 6.396800000000000825e-05 0.000000000000000000e+00 0.000000000000000000e+00 0.000000000000000000e+00
8.996399999999999449e-05 8.996200000000000366e-05 8.996200000000000366e-05 0.000000000000000000e+00 0.000000000000000000e+00 0.000000000000000000e+00
2.466399999999999798e-06 2.460200000000000179e-06 2.471200000000000158e-06 2.256000000000000084e-05 2.245999999999999841e-05 2.238800000000000317e-05
6.609899999999999175e-05 6.610699999999999573e-05 6.609499999999999653e-05 0.000000000000000000e+00 0.000000000000000000e+00 0.000000000000000000e+00
2.251900000000000242e-05 2.251400000000000162e-05 2.247899999999999942e-05 0.000000000000000000e+00 0.000000000000000000e+00 0.000000000000000000e+00
1.840200000000000101e-05 1.836600000000000000e-05 1.833900000000000178e-05 2.460899999999999743e-10 2.434499999999999710e-10 2.385500000000000189e-10
4.070800000000000056e-06 4.106800000000000219e-06 4.139700000000000362e-06 1.448400000000000058e-05 1.410700000000000063e-05 1.361000000000000014e-05
8.599400000000001048e-06 8.710399999999998799e-06 8.842600000000000685e-06 2.245999999999999756e-06 2.088400000000000198e-06 1.938899999999999766e-06
2.114300000000000238e-06 2.114099999999999800e-06 2.100200000000000238e-06 2.589600000000000075e-05 2.590800000000000335e-05 2.584599999999999954e-05
1.901999999999999958e-07 1.878800000000000121e-07 1.869000000000000126e-07 4.743199999999999581e-05 4.741199999999999939e-05 4.746500000000000041e-05
7.924199999999999788e-05 7.923700000000000047e-05 7.923499999999999608e-05 0.000000000000000000e+00 0.000000000000000000e+00 0.000000000000000000e+00
1.616100000000000078e-06 1.616399999999999889e-06 1.591699999999999939e-06 3.181000000000000207e-05 3.187400000000000010e-05 3.189199999999999891e-05
8.202299999999999802e-07 8.225299999999998353e-07 8.314499999999999973e-07 3.805900000000000271e-05 3.806199999999999574e-05 3.811199999999999695e-05
1.365900000000000085e-05 1.370400000000000127e-05 1.380799999999999892e-05 8.474000000000000309e-08 7.807800000000000604e-08 7.245799999999999939e-08
8.700200000000000490e-05 8.699700000000000748e-05 8.700399999999999573e-05 0.000000000000000000e+00 0.000000000000000000e+00 0.000000000000000000e+00
8.739799999999999229e-05 8.739499999999999927e-05 8.738500000000000445e-05 0.000000000000000000e+00 0.000000000000000000e+00 0.000000000000000000e+00
2.479100000000000117e-06 2.483900000000000054e-06 2.492100000000000246e-06 2.042200000000000200e-05 2.034499999999999918e-05 2.020400000000000172e-05
7.603999999999999702e-05 7.604600000000001018e-05 7.603499999999999961e-05 0.000000000000000000e+00 0.000000000000000000e+00 0.000000000000000000e+00
2.994200000000000064e-06 3.006000000000000103e-06 3.042300000000000078e-06 2.013299999999999850e-05 1.995200000000000142e-05 1.976000000000000055e-05
5.024899999999999950e-06 5.140700000000000604e-06 5.217499999999999597e-06 1.087999999999999917e-05 1.050700000000000122e-05 1.004499999999999954e-05
1.995900000000000237e-06 2.011100000000000108e-06 2.041600000000000070e-06 2.677300000000000269e-05 2.657199999999999902e-05 2.652199999999999781e-05
2.758800000000000166e-06 2.766799999999999920e-06 2.775199999999999704e-06 1.512599999999999883e-05 1.498099999999999938e-05 1.479900000000000010e-05
2.276900000000000172e-06 2.281999999999999920e-06 2.288700000000000212e-06 1.639600000000000023e-05 1.628500000000000078e-05 1.614100000000000013e-05
2.578400000000000250e-05 2.576900000000000010e-05 2.575400000000000109e-05 0.000000000000000000e+00 0.000000000000000000e+00 0.000000000000000000e+00
1.674900000000000049e-06 1.684099999999999893e-06 1.685700000000000013e-06 2.989999999999999833e-05 2.981500000000000168e-05 2.970099999999999905e-05
1.727700000000000204e-06 1.728300000000000038e-06 1.734400000000000072e-06 3.096400000000000373e-05 3.091400000000000251e-05 3.089399999999999932e-05
7.020000000000001228e-05 7.019899999999999654e-05 7.019299999999999693e-05 0.000000000000000000e+00 0.000000000000000000e+00 0.000000000000000000e+00
6.031100000000000583e-05 6.032199999999999607e-05 6.033600000000000643e-05 0.000000000000000000e+00 0.000000000000000000e+00 0.000000000000000000e+00
1.514100000000000039e-06 1.513700000000000008e-06 1.521200000000000148e-06 3.005800000000000258e-05 2.998300000000000075e-05 2.993699999999999814e-05
3.230299999999999887e-05 3.235599999999999989e-05 3.232000000000000226e-05 0.000000000000000000e+00 0.000000000000000000e+00 0.000000000000000000e+00
5.198399999999999560e-05 5.199799999999999919e-05 5.198199999999999799e-05 0.000000000000000000e+00 0.000000000000000000e+00 0.000000000000000000e+00
3.938800000000000303e-06 3.969200000000000046e-06 4.014000000000000024e-06 1.005300000000000014e-05 9.813999999999999550e-06 9.542199999999999882e-06
3.609200000000000105e-06 3.631800000000000109e-06 3.659899999999999890e-06 1.003499999999999964e-05 9.829900000000000532e-06 9.589099999999999382e-06
3.808999999999999869e-06 3.815699999999999737e-06 3.846299999999999918e-06 1.678499999999999938e-05 1.655700000000000089e-05 1.631000000000000139e-05
5.946200000000000091e-05 5.946100000000000549e-05 5.945899999999999433e-05 0.000000000000000000e+00 0.000000000000000000e+00 0.000000000000000000e+00
2.918699999999999685e-05 2.923800000000000026e-05 2.922599999999999767e-05 0.000000000000000000e+00 0.000000000000000000e+00 0.000000000000000000e+00
4.223800000000000455e-05 4.229999999999999819e-05 4.233399999999999821e-05 0.000000000000000000e+00 0.000000000000000000e+00 0.000000000000000000e+00
1.043099999999999957e-04 1.043099999999999957e-04 1.043099999999999957e-04 0.000000000000000000e+00 0.000000000000000000e+00 0.000000000000000000e+00
1.769900000000000114e-05 1.771799999999999875e-05 1.771400000000000014e-05 0.000000000000000000e+00 0.000000000000000000e+00 0.000000000000000000e+00
6.932400000000000322e-07 6.959899999999999212e-07 6.913399999999999953e-07 4.090500000000000223e-05 4.082199999999999642e-05 4.075499999999999858e-05
3.453799999999999865e-06 3.476700000000000103e-06 3.506899999999999831e-06 1.691799999999999963e-05 1.673999999999999897e-05 1.653400000000000128e-05
5.086600000000000393e-05 5.086500000000000174e-05 5.086399999999999954e-05 0.000000000000000000e+00 0.000000000000000000e+00 0.000000000000000000e+00
7.736999999999999954e-05 7.734199999999999235e-05 7.737100000000000173e-05 0.000000000000000000e+00 0.000000000000000000e+00 0.000000000000000000e+00
2.502099999999999981e-05 2.502000000000000101e-05 2.498499999999999880e-05 0.000000000000000000e+00 0.000000000000000000e+00 0.000000000000000000e+00
1.746499999999999965e-05 1.746499999999999965e-05 1.746900000000000164e-05 0.000000000000000000e+00 0.000000000000000000e+00 0.000000000000000000e+00
6.137100000000000584e-05 6.135600000000000006e-05 6.136699999999999707e-05 0.000000000000000000e+00 0.000000000000000000e+00 0.000000000000000000e+00
2.968999999999999984e-08 3.009199999999999576e-08 3.138999999999999852e-08 5.292600000000000115e-05 5.291299999999999975e-05 5.300699999999999580e-05
8.899799999999999053e-05 8.899599999999999970e-05 8.899399999999999531e-05 0.000000000000000000e+00 0.000000000000000000e+00 0.000000000000000000e+00
1.031099999999999962e-06 1.032300000000000052e-06 1.032399999999999848e-06 3.552899999999999814e-05 3.555099999999999894e-05 3.554900000000000133e-05
1.903200000000000128e-08 1.877099999999999980e-08 1.868700000000000051e-08 5.320899999999999827e-05 5.324700000000000028e-05 5.334100000000000310e-05
3.013300000000000016e-06 3.048600000000000339e-06 3.065899999999999733e-06 2.151400000000000103e-05 2.135600000000000017e-05 2.112499999999999849e-05
2.271100000000000160e-06 2.275800000000000301e-06 2.282299999999999731e-06 1.817800000000000112e-05 1.810400000000000149e-05 1.800699999999999886e-05
9.615400000000000130e-05 9.615100000000000827e-05 9.615000000000000608e-05 0.000000000000000000e+00 0.000000000000000000e+00 0.000000000000000000e+00
8.353700000000000218e-08 8.382400000000000998e-08 8.266100000000000148e-08 4.801999999999999764e-05 4.802399999999999963e-05 4.800899999999999385e-05
2.352300000000000162e-05 2.350300000000000181e-05 2.348699999999999722e-05 0.000000000000000000e+00 0.000000000000000000e+00 0.000000000000000000e+00
5.701899999999999737e-05 5.703000000000000116e-05 5.699899999999999417e-05 0.000000000000000000e+00 0.000000000000000000e+00 0.000000000000000000e+00
1.038900000000000167e-05 1.041200000000000128e-05 1.044599999999999960e-05 1.185999999999999900e-07 1.129700000000000117e-07 1.068400000000000091e-07
1.475299999999999919e-05 1.489599999999999934e-05 1.494599999999999886e-05 3.171000000000000403e-08 3.061499999999999985e-08 2.859900000000000019e-08
1.085300000000000010e-06 1.088799999999999850e-06 1.082400000000000004e-06 3.702000000000000131e-05 3.696300000000000508e-05 3.676300000000000021e-05
7.559199999999999555e-06 7.650899999999999880e-06 7.713099999999999048e-06 4.185699999999999583e-06 3.964499999999999905e-06 3.652699999999999773e-06
2.328199999999999833e-05 2.330099999999999934e-05 2.328300000000000053e-05 0.000000000000000000e+00 0.000000000000000000e+00 0.000000000000000000e+00
6.787399999999999423e-05 6.784899999999999363e-05 6.781899999999999561e-05 0.000000000000000000e+00 0.000000000000000000e+00 0.000000000000000000e+00
1.787000000000000001e-05 1.787200000000000100e-05 1.788499999999999902e-05 0.000000000000000000e+00 0.000000000000000000e+00 0.000000000000000000e+00
1.259199999999999946e-06 1.255699999999999895e-06 1.249700000000000080e-06 3.059099999999999900e-05 3.058099999999999740e-05 3.054799999999999958e-05
4.461600000000000617e-06 4.532699999999999818e-06 4.623200000000000053e-06 1.396599999999999978e-05 1.355700000000000081e-05 1.311999999999999975e-05
2.289599999999999898e-05 2.296000000000000040e-05 2.292699999999999919e-05 0.000000000000000000e+00 0.000000000000000000e+00 0.000000000000000000e+00
1.670200000000000035e-05 1.670400000000000134e-05 1.670700000000000115e-05 0.000000000000000000e+00 0.000000000000000000e+00 0.000000000000000000e+00
3.894599999999999947e-06 3.922699999999999729e-06 3.949700000000000487e-06 9.050399999999998932e-06 8.866099999999999697e-06 8.649299999999998656e-06
1.794699999999999944e-06 1.818799999999999849e-06 1.835699999999999848e-06 3.044199999999999754e-05 3.036800000000000130e-05 3.034600000000000050e-05
1.554699999999999912e-06 1.546899999999999962e-06 1.543799999999999941e-06 3.105999999999999739e-05 3.105399999999999778e-05 3.101399999999999817e-05
3.035499999999999990e-06 3.058199999999999790e-06 3.067900000000000307e-06 2.183099999999999817e-05 2.162599999999999928e-05 2.132699999999999757e-05
3.870199999999999639e-05 3.871800000000000437e-05 3.878500000000000220e-05 0.000000000000000000e+00 0.000000000000000000e+00 0.000000000000000000e+00
2.027200000000000174e-05 2.023600000000000073e-05 2.024099999999999814e-05 0.000000000000000000e+00 0.000000000000000000e+00 0.000000000000000000e+00
7.289700000000000357e-05 7.290300000000000317e-05 7.291600000000000457e-05 0.000000000000000000e+00 0.000000000000000000e+00 0.000000000000000000e+00
1.416899999999999936e-06 1.426100000000000203e-06 1.425099999999999917e-06 2.825599999999999848e-05 2.827199999999999969e-05 2.824800000000000127e-05
6.444100000000000186e-05 6.444100000000000186e-05 6.443999999999999967e-05 0.000000000000000000e+00 0.000000000000000000e+00 0.000000000000000000e+00
9.840700000000000497e-07 9.867299999999997836e-07 9.842499999999999361e-07 3.205299999999999957e-05 3.204699999999999997e-05 3.203699999999999837e-05
2.692699999999999647e-06 2.704999999999999936e-06 2.712799999999999675e-06 2.389599999999999957e-05 2.381600000000000034e-05 2.376900000000000231e-05
5.592899999999999933e-05 5.592800000000000392e-05 5.592699999999999495e-05 0.000000000000000000e+00 0.000000000000000000e+00 0.000000000000000000e+00
1.012000000000000009e-06 1.012600000000000054e-06 9.982400000000000766e-07 3.601300000000000231e-05 3.601999999999999733e-05 3.591299999999999988e-05
1.990299999999999816e-06 1.994999999999999957e-06 1.998000000000000183e-06 2.511499999999999925e-05 2.507300000000000202e-05 2.500499999999999861e-05
1.170900000000000089e-06 1.178600000000000032e-06 1.183299999999999962e-06 3.364200000000000079e-05 3.372699999999999743e-05 3.386500000000000187e-05
5.618100000000000259e-07 5.545899999999999917e-07 5.482799999999999835e-07 4.146100000000000165e-05 4.152199999999999988e-05 4.159600000000000629e-05
9.052000000000000747e-06 9.167800000000000553e-06 9.277600000000000755e-06 1.987500000000000029e-06 1.859499999999999942e-06 1.738799999999999979e-06
9.684999999999999599e-06 9.714900000000000786e-06 9.748300000000001178e-06 1.998999999999999834e-07 1.915900000000000367e-07 1.828400000000000146e-07
1.280400000000000142e-05 1.281500000000000012e-05 1.283400000000000113e-05 5.867899999999999558e-09 5.713899999999999469e-09 5.562300000000000117e-09
3.742699999999999928e-05 3.744199999999999829e-05 3.748800000000000428e-05 0.000000000000000000e+00 0.000000000000000000e+00 0.000000000000000000e+00
2.446100000000000178e-06 2.439700000000000121e-06 2.444999999999999884e-06 2.650000000000000039e-05 2.637899999999999935e-05 2.629000000000000071e-05
1.191700000000000127e-05 1.194099999999999968e-05 1.196900000000000009e-05 2.649700000000000228e-08 2.566600000000000298e-08 2.479499999999999803e-08
8.872500000000000178e-05 8.870600000000000078e-05 8.866600000000000794e-05 0.000000000000000000e+00 0.000000000000000000e+00 0.000000000000000000e+00
1.533300000000000105e-07 1.514200000000000152e-07 1.457900000000000104e-07 4.881100000000000412e-05 4.884699999999999497e-05 4.887699999999999976e-05
1.739900000000000062e-06 1.739600000000000039e-06 1.745200000000000037e-06 3.062199999999999921e-05 3.054699999999999739e-05 3.053900000000000017e-05
1.448099999999999950e-06 1.448800000000000003e-06 1.447599999999999913e-06 2.371699999999999671e-05 2.368899999999999969e-05 2.364099999999999947e-05
1.071800000000000055e-06 1.072300000000000093e-06 1.072699999999999911e-06 2.607300000000000261e-05 2.606300000000000102e-05 2.604800000000000201e-05
2.567300000000000306e-05 2.567500000000000066e-05 2.575800000000000309e-05 0.000000000000000000e+00 0.000000000000000000e+00 0.000000000000000000e+00
1.746599999999999930e-06 1.743600000000000128e-06 1.744000000000000158e-06 2.205999999999999885e-05 2.204099999999999785e-05 2.200800000000000342e-05
9.162700000000001440e-07 9.125100000000000098e-07 8.916400000000000088e-07 3.658400000000000074e-05 3.660900000000000135e-05 3.659699999999999537e-05
5.208999999999999763e-05 5.211199999999999844e-05 5.211100000000000302e-05 0.000000000000000000e+00 0.000000000000000000e+00 0.000000000000000000e+00
7.500000000000000190e-07 7.507899999999999089e-07 7.519100000000000143e-07 3.323100000000000083e-05 3.319500000000000320e-05 3.319700000000000081e-05
3.920099999999999957e-05 3.919399999999999778e-05 3.916300000000000434e-05 0.000000000000000000e+00 0.000000000000000000e+00 0.000000000000000000e+00
2.343100000000000063e-06 2.346699999999999910e-06 2.354500000000000073e-06 1.816299999999999873e-05 1.809300000000000109e-05 1.800500000000000126e-05
1.302299999999999955e-07 1.300199999999999956e-07 1.267500000000000199e-07 5.022100000000000587e-05 5.027699999999999991e-05 5.025699999999999672e-05
5.998300000000000490e-05 5.998700000000000012e-05 5.998700000000000012e-05 0.000000000000000000e+00 0.000000000000000000e+00 0.000000000000000000e+00
4.595500000000000089e-07 4.546500000000000113e-07 4.482800000000000410e-07 4.332199999999999620e-05 4.328500000000000316e-05 4.320399999999999496e-05
1.333599999999999903e-05 1.333500000000000023e-05 1.334599999999999894e-05 5.522199999999998984e-09 5.413399999999999525e-09 5.300099999999999926e-09
1.807899999999999877e-06 1.815600000000000032e-06 1.826299999999999989e-06 2.557399999999999943e-05 2.556099999999999803e-05 2.557099999999999963e-05
2.575500000000000159e-06 2.571000000000000033e-06 2.586700000000000154e-06 2.199800000000000182e-05 2.190300000000000019e-05 2.182800000000000175e-05
9.559299999999999091e-05 9.560600000000000587e-05 9.563200000000000867e-05 0.000000000000000000e+00 0.000000000000000000e+00 0.000000000000000000e+00
1.957600000000000027e-05 1.957799999999999788e-05 1.956900000000000187e-05 0.000000000000000000e+00 0.000000000000000000e+00 0.000000000000000000e+00
5.692200000000000321e-06 5.751699999999999497e-06 5.832899999999999668e-06 9.184299999999999463e-06 8.857999999999998877e-06 8.531900000000000424e-06
2.693299999999999692e-06 2.706299999999999822e-06 2.731000000000000195e-06 2.444599999999999939e-05 2.432099999999999974e-05 2.423400000000000209e-05
7.959100000000000112e-08 7.681400000000000213e-08 7.482199999999999329e-08 5.045100000000000197e-05 5.043899999999999599e-05 5.040199999999999618e-05
2.821800000000000325e-05 2.821099999999999807e-05 2.820099999999999986e-05 0.000000000000000000e+00 0.000000000000000000e+00 0.000000000000000000e+00
1.554199999999999875e-06 1.549699999999999960e-06 1.559799999999999872e-06 3.313999999999999780e-05 3.319299999999999882e-05 3.328599999999999945e-05
9.147399999999999867e-05 9.147399999999999867e-05 9.147600000000000306e-05 0.000000000000000000e+00 0.000000000000000000e+00 0.000000000000000000e+00
1.156800000000000004e-05 1.159099999999999965e-05 1.163799999999999937e-05 5.102899999999999987e-08 4.914299999999999873e-08 4.751699999999999463e-08
1.614100000000000013e-05 1.615500000000000033e-05 1.616699999999999954e-05 1.184600000000000066e-08 1.151899999999999879e-08 1.109499999999999943e-08
3.357300000000000026e-06 3.361999999999999744e-06 3.402100000000000004e-06 1.995000000000000042e-05 1.973400000000000113e-05 1.957699999999999908e-05
8.038100000000000171e-05 8.037500000000000211e-05 8.037799999999999513e-05 0.000000000000000000e+00 0.000000000000000000e+00 0.000000000000000000e+00
4.382600000000000188e-06 4.409499999999999879e-06 4.449000000000000094e-06 8.005299999999999401e-06 7.806500000000000559e-06 7.593999999999999629e-06
1.209700000000000039e-06 1.211299999999999948e-06 1.209400000000000017e-06 3.053699999999999579e-05 3.050099999999999817e-05 3.037499999999999971e-05
5.279300000000000428e-07 5.301200000000000380e-07 5.350100000000000242e-07 4.020099999999999677e-05 4.015100000000000233e-05 4.004999999999999771e-05
1.424599999999999879e-05 1.424700000000000098e-05 1.426400000000000099e-05 3.520199999999999900e-09 3.429100000000000080e-09 3.377999999999999709e-09
1.296699999999999799e-06 1.302099999999999993e-06 1.306699999999999915e-06 2.798199999999999738e-05 2.798099999999999858e-05 2.799000000000000137e-05
5.629299999999999619e-06 5.725099999999999616e-06 5.834800000000000446e-06 8.997000000000000426e-06 8.652099999999999713e-06 8.287000000000000448e-06
3.085899999999999542e-06 3.106200000000000008e-06 3.126600000000000270e-06 1.737300000000000121e-05 1.724399999999999956e-05 1.710099999999999771e-05
2.233300000000000285e-06 2.244099999999999825e-06 2.234899999999999981e-06 2.394800000000000178e-05 2.390599999999999778e-05 2.379900000000000033e-05
3.853300000000000021e-06 3.875400000000000199e-06 3.922300000000000546e-06 1.333700000000000123e-05 1.305499999999999952e-05 1.279200000000000051e-05
4.461499999999999890e-05 4.457100000000000406e-05 4.443399999999999504e-05 0.000000000000000000e+00 0.000000000000000000e+00 0.000000000000000000e+00
1.152699999999999992e-05 1.159200000000000014e-05 1.169699999999999999e-05 5.153699999999999886e-07 4.786100000000000221e-07 4.472500000000000377e-07
2.977499999999999868e-05 2.979900000000000048e-05 2.971599999999999806e-05 0.000000000000000000e+00 0.000000000000000000e+00 0.000000000000000000e+00
4.405199999999999768e-06 4.426399999999999667e-06 4.471699999999999894e-06 8.992500000000000723e-06 8.758300000000000492e-06 8.498700000000000471e-06
1.243099999999999838e-05 1.246400000000000128e-05 1.251599999999999841e-05 9.833299999999999782e-08 9.188700000000000746e-08 8.556600000000000003e-08
1.288800000000000053e-06 1.283499999999999866e-06 1.283700000000000093e-06 2.924800000000000186e-05 2.926600000000000067e-05 2.924900000000000067e-05
8.509999999999999837e-06 8.565100000000000377e-06 8.586700000000000306e-06 1.915300000000000111e-06 1.804199999999999811e-06 1.672800000000000103e-06
6.043999999999999731e-05 6.041299999999999909e-05 6.043300000000000229e-05 0.000000000000000000e+00 0.000000000000000000e+00 0.000000000000000000e+00
2.283699999999999836e-06 2.283499999999999821e-06 2.289000000000000022e-06 1.830499999999999838e-05 1.821000000000000014e-05 1.809199999999999890e-05
4.931699999999999555e-05 4.934600000000000493e-05 4.934800000000000254e-05 0.000000000000000000e+00 0.000000000000000000e+00 0.000000000000000000e+00
2.446699999999999800e-06 2.449500000000000010e-06 2.440300000000000166e-06 2.611499999999999984e-05 2.611099999999999785e-05 2.603300000000000300e-05
7.888199999999999455e-05 7.888800000000000770e-05 7.889499999999999595e-05 0.000000000000000000e+00 0.000000000000000000e+00 0.000000000000000000e+00
3.840599999999999787e-05 3.847399999999999789e-05 3.842699999999999648e-05 0.000000000000000000e+00 0.000000000000000000e+00 0.000000000000000000e+00
2.053000000000000164e-05 2.052699999999999845e-05 2.052699999999999845e-05 0.000000000000000000e+00 0.000000000000000000e+00 0.000000000000000000e+00
3.873500000000000098e-05 3.874100000000000059e-05 3.873599999999999640e-05 0.000000000000000000e+00 0.000000000000000000e+00 0.000000000000000000e+00
5.195199999999999828e-06 5.277999999999999272e-06 5.363800000000000212e-06 9.453600000000000425e-06 9.069500000000000156e-06 8.686500000000000604e-06
4.323399999999999298e-05 4.324100000000000155e-05 4.321899999999999397e-05 0.000000000000000000e+00 0.000000000000000000e+00 0.000000000000000000e+00
2.508199999999999974e-06 2.515500000000000310e-06 2.524199999999999905e-06 1.482799999999999932e-05 1.469299999999999976e-05 1.452500000000000069e-05
1.916900000000000231e-05 1.916400000000000151e-05 1.912800000000000050e-05 0.000000000000000000e+00 0.000000000000000000e+00 0.000000000000000000e+00
2.179300000000000293e-05 2.179500000000000054e-05 2.175400000000000212e-05 0.000000000000000000e+00 0.000000000000000000e+00 0.000000000000000000e+00
1.651599999999999993e-06 1.652299999999999833e-06 1.653300000000000120e-06 2.094400000000000141e-05 2.091400000000000000e-05 2.087499999999999919e-05
3.953000000000000100e-06 3.981300000000000320e-06 4.004699999999999960e-06 1.041900000000000138e-05 1.023300000000000011e-05 1.001600000000000033e-05
2.281800000000000074e-05 2.280499999999999934e-05 2.282100000000000055e-05 0.000000000000000000e+00 0.000000000000000000e+00 0.000000000000000000e+00
8.210500000000000079e-05 8.208700000000000198e-05 8.207100000000000755e-05 0.000000000000000000e+00 0.000000000000000000e+00 0.000000000000000000e+00
5.816100000000000100e-05 5.816100000000000100e-05 5.815999999999999881e-05 0.000000000000000000e+00 0.000000000000000000e+00 0.000000000000000000e+00
4.394200000000000212e-06 4.417200000000000670e-06 4.443799999999999703e-06 8.202000000000000414e-06 8.017500000000000741e-06 7.816000000000001061e-06
5.046099999999999849e-06 5.098699999999999989e-06 5.162999999999999526e-06 1.043700000000000019e-05 1.017099999999999969e-05 9.837899999999999439e-06
4.622699999999999697e-07 4.599100000000000465e-07 4.601799999999999821e-07 3.966999999999999796e-05 3.967100000000000015e-05 3.966900000000000254e-05
8.494099999999999278e-08 8.442399999999998888e-08 8.388199999999999633e-08 4.972300000000000488e-05 4.976100000000000689e-05 4.973299999999999970e-05
6.213300000000000719e-07 6.257500000000000016e-07 6.218199999999999393e-07 4.328399999999999419e-05 4.323300000000000434e-05 4.312499999999999792e-05
4.173799999999999917e-05 4.178600000000000277e-05 4.178399999999999839e-05 0.000000000000000000e+00 0.000000000000000000e+00 0.000000000000000000e+00
1.609499999999999794e-06 1.598500000000000027e-06 1.597400000000000156e-06 3.262600000000000238e-05 3.263300000000000418e-05 3.265900000000000020e-05
1.591100000000000106e-06 1.591999999999999962e-06 1.593300000000000060e-06 2.131999999999999916e-05 2.128900000000000234e-05 2.124699999999999834e-05
2.052700000000000269e-06 2.065000000000000134e-06 2.071999999999999813e-06 2.612000000000000064e-05 2.605300000000000281e-05 2.603699999999999822e-05
2.039099999999999840e-05 2.037900000000000258e-05 2.044300000000000061e-05 0.000000000000000000e+00 0.000000000000000000e+00 0.000000000000000000e+00
2.198499999999999788e-06 2.202799999999999899e-06 2.200399999999999719e-06 2.343399999999999959e-05 2.341099999999999998e-05 2.337900000000000096e-05
4.788699999999999739e-05 4.782100000000000174e-05 4.764699999999999968e-05 0.000000000000000000e+00 0.000000000000000000e+00 0.000000000000000000e+00
2.359400000000000145e-05 2.358999999999999945e-05 2.359099999999999826e-05 0.000000000000000000e+00 0.000000000000000000e+00 0.000000000000000000e+00
3.532199999999999826e-05 3.539800000000000227e-05 3.541099999999999690e-05 0.000000000000000000e+00 0.000000000000000000e+00 0.000000000000000000e+00
7.859299999999999782e-05 7.861799999999999843e-05 7.862100000000000501e-05 0.000000000000000000e+00 0.000000000000000000e+00 0.000000000000000000e+00
2.004199999999999802e-06 2.006399999999999967e-06 2.006199999999999952e-06 1.988800000000000000e-05 1.985000000000000138e-05 1.978099999999999916e-05
3.006199999999999779e-05 3.007800000000000238e-05 3.007300000000000159e-05 0.000000000000000000e+00 0.000000000000000000e+00 0.000000000000000000e+00
4.295299999999999346e-06 4.350699999999999697e-06 4.414100000000000648e-06 1.354499999999999991e-05 1.321900000000000168e-05 1.284799999999999964e-05
3.728099999999999763e-05 3.728499999999999962e-05 3.727300000000000041e-05 0.000000000000000000e+00 0.000000000000000000e+00 0.000000000000000000e+00
2.435500000000000229e-06 2.435199999999999995e-06 2.439900000000000136e-06 2.027099999999999955e-05 2.021199999999999893e-05 2.012600000000000009e-05
7.434399999999999920e-07 7.455899999999999418e-07 7.416800000000001139e-07 3.619900000000000358e-05 3.619800000000000139e-05 3.621000000000000060e-05
2.138099999999999909e-06 2.143000000000000065e-06 2.153600000000000014e-06 2.425899999999999931e-05 2.421500000000000109e-05 2.415199999999999848e-05
5.972100000000000639e-05 5.974300000000000042e-05 5.976800000000000103e-05 0.000000000000000000e+00 0.000000000000000000e+00 0.000000000000000000e+00
1.171800000000000156e-06 1.174399999999999928e-06 1.158700000000000019e-06 3.585399999999999926e-05 3.587000000000000046e-05 3.583699999999999587e-05
8.952800000000000070e-06 9.036599999999999166e-06 9.112100000000000391e-06 2.275700000000000082e-06 2.146799999999999927e-06 1.985299999999999864e-06
5.459699999999999921e-05 5.459899999999999682e-05 5.466999999999999665e-05 0.000000000000000000e+00 0.000000000000000000e+00 0.000000000000000000e+00
2.706400000000000041e-05 2.707000000000000001e-05 2.709699999999999823e-05 0.000000000000000000e+00 0.000000000000000000e+00 0.000000000000000000e+00
9.927799999999999375e-05 9.927200000000000770e-05 9.928100000000000033e-05 0.000000000000000000e+00 0.000000000000000000e+00 0.000000000000000000e+00
8.266299999999999104e-05 8.267000000000000639e-05 8.266700000000001337e-05 0.000000000000000000e+00 0.000000000000000000e+00 0.000000000000000000e+00
3.229800000000000146e-05 3.225999999999999945e-05 3.223799999999999864e-05 0.000000000000000000e+00 0.000000000000000000e+00 0.000000000000000000e+00
3.651599999999999690e-07 3.587899999999999987e-07 3.584799999999999648e-07 4.544800000000000261e-05 4.546199999999999943e-05 4.551399999999999825e-05
4.327999999999999897e-06 4.348999999999999357e-06 4.402199999999999966e-06 9.824600000000000769e-06 9.580900000000000036e-06 9.346900000000000244e-06
5.253800000000000418e-05 5.254100000000000399e-05 5.254999999999999662e-05 0.000000000000000000e+00 0.000000000000000000e+00 0.000000000000000000e+00
6.364899999999998979e-07 6.357700000000000344e-07 6.408600000000000356e-07 3.740900000000000047e-05 3.743800000000000307e-05 3.753900000000000092e-05
3.056000000000000048e-06 3.070299999999999640e-06 3.082900000000000163e-06 1.271200000000000128e-05 1.256799999999999893e-05 1.239500000000000076e-05
1.552899999999999989e-06 1.548400000000000074e-06 1.548199999999999848e-06 2.932099999999999930e-05 2.929900000000000188e-05 2.926000000000000107e-05
8.452999999999998996e-08 8.631800000000000571e-08 8.814800000000000290e-08 5.170000000000000306e-05 5.170800000000000027e-05 5.191300000000000255e-05
1.521799999999999897e-05 1.525500000000000048e-05 1.522099999999999877e-05 1.472599999999999899e-08 1.445700000000000002e-08 1.372100000000000090e-08
3.747400000000000069e-05 3.747599999999999830e-05 3.748099999999999571e-05 0.000000000000000000e+00 0.000000000000000000e+00 0.000000000000000000e+00
3.477300000000000148e-06 3.487099999999999614e-06 3.479100000000000283e-06 1.990099999999999801e-05 1.968300000000000111e-05 1.929599999999999957e-05
4.024699999999999599e-05 4.019599999999999936e-05 4.019700000000000156e-05 0.000000000000000000e+00 0.000000000000000000e+00 0.000000000000000000e+00
8.842399999999999230e-05 8.841899999999999489e-05 8.841200000000000664e-05 0.000000000000000000e+00 0.000000000000000000e+00 0.000000000000000000e+00
2.207299999999999919e-07 2.218600000000000027e-07 2.220100000000000140e-07 4.585600000000000277e-05 4.583499999999999738e-05 4.580100000000000414e-05
6.514999999999999774e-08 6.302399999999999578e-08 6.398199999999999681e-08 5.236000000000000013e-05 5.230000000000000409e-05 5.230699999999999911e-05
9.747100000000000241e-06 9.775499999999999833e-06 9.801499999999999246e-06 1.359599999999999813e-07 1.306400000000000104e-07 1.249400000000000057e-07
3.603299999999999873e-06 3.633099999999999995e-06 3.652900000000000212e-06 1.331099999999999842e-05 1.307900000000000132e-05 1.283000000000000083e-05
4.531399999999999339e-05 4.531199999999999578e-05 4.527899999999999796e-05 0.000000000000000000e+00 0.000000000000000000e+00 0.000000000000000000e+00
2.654499999999999742e-06 2.662499999999999919e-06 2.660400000000000397e-06 2.146800000000000181e-05 2.137599999999999998e-05 2.125900000000000093e-05
1.824700000000000080e-06 1.836500000000000120e-06 1.832700000000000046e-06 2.710300000000000122e-05 2.709400000000000182e-05 2.717499999999999986e-05
9.667500000000000529e-05 9.667500000000000529e-05 9.667700000000000967e-05 0.000000000000000000e+00 0.000000000000000000e+00 0.000000000000000000e+00
9.074799999999999241e-05 9.074700000000000377e-05 9.074700000000000377e-05 0.000000000000000000e+00 0.000000000000000000e+00 0.000000000000000000e+00
3.670699999999999939e-05 3.674300000000000379e-05 3.680800000000000402e-05 0.000000000000000000e+00 0.000000000000000000e+00 0.000000000000000000e+00
3.382499999999999802e-06 3.387900000000000208e-06 3.408100000000000031e-06 1.846400000000000143e-05 1.830200000000000197e-05 1.811699999999999951e-05
2.432900000000000034e-05 2.432800000000000153e-05 2.432600000000000054e-05 0.000000000000000000e+00 0.000000000000000000e+00 0.000000000000000000e+00
2.377900000000000052e-05 2.374599999999999931e-05 2.369800000000000248e-05 0.000000000000000000e+00 0.000000000000000000e+00 0.000000000000000000e+00
8.464899999999999541e-05 8.464600000000000238e-05 8.461799999999999519e-05 0.000000000000000000e+00 0.000000000000000000e+00 0.000000000000000000e+00
4.242300000000000362e-05 4.243199999999999625e-05 4.243899999999999805e-05 0.000000000000000000e+00 0.000000000000000000e+00 0.000000000000000000e+00
3.418499999999999881e-05 3.418000000000000140e-05 3.417599999999999940e-05 0.000000000000000000e+00 0.000000000000000000e+00 0.000000000000000000e+00
9.129700000000000358e-05 9.130399999999999183e-05 9.130600000000000977e-05 0.000000000000000000e+00 0.000000000000000000e+00 0.000000000000000000e+00
2.833100000000000031e-06 2.837099999999999908e-06 2.848299999999999902e-06 1.566799999999999974e-05 1.555799999999999910e-05 1.541800000000000044e-05
2.784699999999999952e-05 2.784800000000000171e-05 2.788800000000000133e-05 0.000000000000000000e+00 0.000000000000000000e+00 0.000000000000000000e+00
2.852300000000000203e-06 2.860299999999999533e-06 2.867400000000000278e-06 1.689400000000000122e-05 1.677099999999999918e-05 1.659700000000000051e-05
1.570499999999999956e-05 1.567200000000000174e-05 1.571300000000000016e-05 8.301099999999999800e-09 7.966800000000000241e-09 7.746899999999999377e-09
1.629300000000000011e-06 1.630200000000000079e-06 1.631799999999999987e-06 2.103800000000000085e-05 2.100199999999999984e-05 2.095600000000000061e-05
7.739900000000000214e-06 7.818599999999999986e-06 7.905599999999999322e-06 2.759200000000000196e-06 2.627600000000000050e-06 2.501799999999999916e-06
2.877499999999999978e-06 2.869400000000000005e-06 2.868999999999999975e-06 2.280800000000000253e-05 2.270699999999999791e-05 2.259300000000000205e-05
6.430099999999999642e-06 6.475399999999999869e-06 6.549600000000000785e-06 6.387599999999999626e-06 6.122800000000000060e-06 5.846399999999999624e-06
2.154999999999999865e-05 2.156999999999999846e-05 2.156099999999999906e-05 0.000000000000000000e+00 0.000000000000000000e+00 0.000000000000000000e+00
1.877799999999999877e-05 1.877499999999999897e-05 1.877499999999999897e-05 0.000000000000000000e+00 0.000000000000000000e+00 0.000000000000000000e+00
8.097299999999999875e-05 8.097299999999999875e-05 8.097699999999999397e-05 0.000000000000000000e+00 0.000000000000000000e+00 0.000000000000000000e+00
1.510099999999999950e-06 1.511999999999999881e-06 1.513499999999999993e-06 2.777400000000000208e-05 2.776599999999999809e-05 2.777800000000000069e-05
1.582400000000000088e-06 1.584300000000000019e-06 1.590000000000000023e-06 2.549800000000000219e-05 2.548800000000000059e-05 2.546599999999999979e-05
1.757500000000000029e-05 1.759599999999999890e-05 1.757599999999999909e-05 5.722000000000000507e-10 5.522199999999999811e-10 4.946600000000000268e-10
1.312099999999999855e-05 1.315400000000000145e-05 1.320499999999999978e-05 3.482400000000000134e-08 3.380699999999999958e-08 3.277500000000000066e-08
6.491100000000000244e-05 6.489399999999999227e-05 6.487199999999999824e-05 0.000000000000000000e+00 0.000000000000000000e+00 0.000000000000000000e+00
5.144999999999999698e-05 5.143399999999999578e-05 5.138800000000000334e-05 0.000000000000000000e+00 0.000000000000000000e+00 0.000000000000000000e+00
3.830299999999999563e-06 3.849500000000000159e-06 3.890699999999999866e-06 1.299500000000000009e-05 1.274999999999999990e-05 1.248700000000000089e-05
3.961499999999999933e-05 3.961199999999999953e-05 3.957300000000000211e-05 0.000000000000000000e+00 0.000000000000000000e+00 0.000000000000000000e+00
2.614899999999999985e-05 2.619800000000000226e-05 2.622400000000000168e-05 0.000000000000000000e+00 0.000000000000000000e+00 0.000000000000000000e+00
5.897100000000000045e-07 5.949299999999999943e-07 5.824000000000000270e-07 4.038000000000000302e-05 4.031899999999999802e-05 4.030699999999999881e-05
4.076099999999999819e-05 4.074700000000000137e-05 4.076600000000000238e-05 0.000000000000000000e+00 0.000000000000000000e+00 0.000000000000000000e+00
7.273699999999999282e-07 7.293399999999999915e-07 7.347499999999999321e-07 3.882599999999999723e-05 3.875199999999999760e-05 3.873699999999999859e-05
1.941699999999999976e-06 1.940200000000000075e-06 1.942100000000000006e-06 2.650899999999999979e-05 2.649499999999999959e-05 2.645400000000000117e-05
1.030999999999999853e-04 1.030900000000000040e-04 1.030900000000000040e-04 0.000000000000000000e+00 0.000000000000000000e+00 0.000000000000000000e+00
2.069800000000000071e-06 2.067999999999999936e-06 2.088400000000000198e-06 3.035099999999999791e-05 3.035699999999999751e-05 3.043999999999999994e-05
8.807099999999999500e-07 8.799700000000001697e-07 8.863299999999999699e-07 3.442800000000000309e-05 3.443099999999999611e-05 3.440699999999999770e-05
8.676200000000000042e-06 8.739299999999999488e-06 8.818799999999999320e-06 1.221400000000000071e-06 1.161300000000000003e-06 1.106200000000000098e-06
4.503499999999999826e-05 4.507399999999999569e-05 4.504699999999999747e-05 0.000000000000000000e+00 0.000000000000000000e+00 0.000000000000000000e+00
5.779399999999999460e-07 5.723699999999999299e-07 5.614399999999999770e-07 4.410100000000000348e-05 4.410100000000000348e-05 4.405100000000000226e-05
9.146799999999998763e-07 9.139100000000000091e-07 9.135299999999998958e-07 3.626000000000000181e-05 3.624300000000000519e-05 3.620899999999999840e-05
3.294299999999999952e-05 3.294899999999999912e-05 3.300000000000000253e-05 0.000000000000000000e+00 0.000000000000000000e+00 0.000000000000000000e+00
4.367699999999999534e-05 4.364300000000000210e-05 4.365800000000000111e-05 0.000000000000000000e+00 0.000000000000000000e+00 0.000000000000000000e+00
1.685700000000000140e-05 1.685700000000000140e-05 1.686199999999999882e-05 1.078899999999999986e-08 1.047900000000000073e-08 1.030999999999999935e-08
1.106799999999999974e-05 1.112599999999999986e-05 1.118599999999999929e-05 6.900100000000000225e-07 6.514699999999999434e-07 6.110600000000000203e-07
7.166499999999999910e-06 7.251200000000000133e-06 7.357599999999999656e-06 5.507399999999999989e-06 5.312200000000000571e-06 5.118500000000000206e-06
2.162400000000000252e-06 2.175900000000000207e-06 2.172899999999999982e-06 2.327199999999999674e-05 2.322100000000000010e-05 2.315000000000000028e-05
1.377299999999999925e-06 1.377799999999999963e-06 1.376500000000000077e-06 2.690699999999999836e-05 2.690400000000000194e-05 2.689900000000000114e-05
3.815400000000000138e-07 3.757400000000000016e-07 3.615599999999999633e-07 4.537499999999999840e-05 4.530699999999999837e-05 4.518600000000000410e-05
1.646699999999999836e-06 1.647899999999999926e-06 1.665399999999999971e-06 3.155800000000000516e-05 3.151799999999999876e-05 3.144099999999999933e-05
2.094599999999999902e-05 2.095499999999999842e-05 2.095699999999999942e-05 0.000000000000000000e+00 0.000000000000000000e+00 0.000000000000000000e+00
2.601500000000000080e-05 2.601300000000000319e-05 2.601099999999999880e-05 0.000000000000000000e+00 0.000000000000000000e+00 0.000000000000000000e+00
5.549899999999999837e-05 5.547499999999999995e-05 5.549100000000000115e-05 0.000000000000000000e+00 0.000000000000000000e+00 0.000000000000000000e+00
6.452800000000000289e-05 6.452899999999999153e-05 6.453899999999999991e-05 0.000000000000000000e+00 0.000000000000000000e+00 0.000000000000000000e+00
2.124199999999999754e-05 2.124699999999999834e-05 2.124500000000000073e-05 0.000000000000000000e+00 0.000000000000000000e+00 0.000000000000000000e+00
2.329800000000000292e-05 2.327499999999999993e-05 2.327199999999999674e-05 0.000000000000000000e+00 0.000000000000000000e+00 0.000000000000000000e+00
5.722300000000000253e-06 5.779999999999999717e-06 5.861499999999999699e-06 9.078099999999998684e-06 8.752599999999999852e-06 8.400299999999999854e-06
3.679300000000000077e-06 3.706299999999999988e-06 3.733099999999999884e-06 1.442099999999999966e-05 1.423599999999999889e-05 1.401200000000000069e-05
7.002499999999999448e-05 7.001899999999999487e-05 7.004200000000000465e-05 0.000000000000000000e+00 0.000000000000000000e+00 0.000000000000000000e+00
3.621499999999999801e-05 3.621499999999999801e-05 3.619300000000000398e-05 0.000000000000000000e+00 0.000000000000000000e+00 0.000000000000000000e+00
9.100700000000000467e-05 9.101099999999999988e-05 9.101599999999999730e-05 0.000000000000000000e+00 0.000000000000000000e+00 0.000000000000000000e+00
2.168900000000000190e-05 2.165999999999999930e-05 2.161499999999999888e-05 0.000000000000000000e+00 0.000000000000000000e+00 0.000000000000000000e+00
1.519300000000000006e-06 1.526599999999999919e-06 1.523700000000000124e-06 2.578600000000000011e-05 2.577900000000000170e-05 2.575499999999999990e-05
1.807200000000000036e-06 1.808700000000000149e-06 1.809399999999999989e-06 2.062400000000000108e-05 2.058300000000000266e-05 2.052099999999999885e-05
1.167099999999999888e-05 1.169599999999999949e-05 1.170299999999999959e-05 2.805499999999999876e-08 2.741299999999999870e-08 2.661399999999999929e-08
1.930299999999999798e-05 1.929599999999999957e-05 1.929800000000000056e-05 0.000000000000000000e+00 0.000000000000000000e+00 0.000000000000000000e+00
8.765599999999999558e-06 8.790900000000000824e-06 8.823699999999999900e-06 3.183499999999999886e-07 3.057499999999999949e-07 2.928300000000000089e-07
1.565200000000000193e-05 1.565699999999999934e-05 1.565099999999999974e-05 0.000000000000000000e+00 0.000000000000000000e+00 0.000000000000000000e+00
1.417699999999999996e-05 1.418099999999999857e-05 1.419500000000000046e-05 3.288400000000000349e-09 3.230499999999999960e-09 3.174300000000000505e-09
2.655400000000000021e-05 2.656400000000000181e-05 2.655100000000000041e-05 0.000000000000000000e+00 0.000000000000000000e+00 0.000000000000000000e+00
4.212399999999999852e-05 4.211899999999999433e-05 4.209899999999999791e-05 0.000000000000000000e+00 0.000000000000000000e+00 0.000000000000000000e+00
4.676800000000000352e-05 4.672600000000000630e-05 4.670600000000000310e-05 0.000000000000000000e+00 0.000000000000000000e+00 0.000000000000000000e+00
7.799899999999999640e-05 7.800300000000000517e-05 7.799800000000000776e-05 0.000000000000000000e+00 0.000000000000000000e+00 0.000000000000000000e+00
5.177800000000000469e-05 5.181499999999999772e-05 5.183100000000000570e-05 0.000000000000000000e+00 0.000000000000000000e+00 0.000000000000000000e+00
3.412599999999999819e-05 3.411300000000000356e-05 3.409300000000000037e-05 0.000000000000000000e+00 0.000000000000000000e+00 0.000000000000000000e+00
1.261500000000000035e-05 1.261200000000000054e-05 1.268099999999999937e-05 1.574900000000000159e-07 1.477500000000000095e-07 1.404900000000000093e-07
2.547999999999999999e-05 2.547699999999999680e-05 2.555099999999999982e-05 0.000000000000000000e+00 0.000000000000000000e+00 0.000000000000000000e+00
2.581199999999999952e-05 2.582000000000000012e-05 2.583199999999999933e-05 0.000000000000000000e+00 0.000000000000000000e+00 0.000000000000000000e+00
5.157999999999999743e-05 5.157899999999999524e-05 5.158100000000000640e-05 0.000000000000000000e+00 0.000000000000000000e+00 0.000000000000000000e+00
4.104599999999999578e-08 4.303000000000000216e-08 4.266600000000000631e-08 5.564000000000000261e-05 5.562700000000000121e-05 5.551100000000000435e-05
2.218800000000000169e-05 2.218900000000000050e-05 2.216399999999999989e-05 0.000000000000000000e+00 0.000000000000000000e+00 0.000000000000000000e+00
3.161199999999999481e-05 3.162700000000000060e-05 3.163000000000000040e-05 0.000000000000000000e+00 0.000000000000000000e+00 0.000000000000000000e+00
9.277200000000000513e-07 9.274200000000000288e-07 9.280699999999999717e-07 2.741699999999999855e-05 2.740900000000000134e-05 2.740100000000000074e-05
6.689700000000000511e-06 6.750299999999999558e-06 6.824600000000000693e-06 3.893699999999999668e-06 3.764599999999999921e-06 3.621000000000000144e-06
4.263099999999999892e-06 4.308000000000000089e-06 4.336499999999999901e-06 1.531900000000000021e-05 1.509400000000000151e-05 1.484200000000000122e-05
7.665100000000000524e-07 7.647600000000000268e-07 7.521999999999999725e-07 4.352800000000000066e-05 4.362800000000000310e-05 4.372699999999999656e-05
1.097999999999999991e-05 1.105599999999999884e-05 1.112400000000000056e-05 6.386699999999999346e-07 6.095600000000000135e-07 5.786100000000000176e-07
1.542899999999999873e-06 1.540099999999999874e-06 1.539900000000000071e-06 2.940599999999999933e-05 2.936400000000000211e-05 2.928000000000000088e-05
7.835700000000000212e-07 7.868300000000001178e-07 7.943500000000000687e-07 3.280999999999999927e-05 3.279399999999999806e-05 3.284199999999999489e-05
3.685300000000000105e-05 3.684400000000000164e-05 3.683100000000000024e-05 0.000000000000000000e+00 0.000000000000000000e+00 0.000000000000000000e+00
4.564100000000000483e-07 4.579699999999999643e-07 4.604100000000000312e-07 4.672399999999999514e-05 4.661699999999999769e-05 4.654399999999999347e-05
9.798700000000000899e-05 9.797299999999999184e-05 9.797100000000000101e-05 0.000000000000000000e+00 0.000000000000000000e+00 0.000000000000000000e+00
7.213000000000000227e-05 7.209600000000000904e-05 7.207299999999999926e-05 0.000000000000000000e+00 0.000000000000000000e+00 0.000000000000000000e+00
3.377000000000000024e-06 3.391700000000000070e-06 3.408700000000000076e-06 1.061599999999999966e-05 1.045700000000000000e-05 1.027500000000000073e-05
6.009399999999999757e-05 6.009600000000000196e-05 6.010300000000000375e-05 0.000000000000000000e+00 0.000000000000000000e+00 0.000000000000000000e+00
2.541100000000000116e-06 2.545000000000000197e-06 2.548499999999999825e-06 1.641899999999999984e-05 1.630200000000000079e-05 1.616300000000000093e-05
1.405900000000000041e-05 1.411799999999999934e-05 1.417799999999999876e-05 6.569899999999999822e-08 6.236400000000000178e-08 5.990799999999999620e-08
1.518700000000000045e-05 1.519000000000000025e-05 1.518900000000000145e-05 1.654300000000000171e-10 1.607400000000000053e-10 1.534699999999999881e-10
6.762100000000000868e-05 6.761699999999999991e-05 6.762100000000000868e-05 0.000000000000000000e+00 0.000000000000000000e+00 0.000000000000000000e+00
1.615500000000000033e-05 1.616699999999999954e-05 1.617200000000000034e-05 8.047600000000000210e-09 7.794299999999999854e-09 7.478300000000000532e-09
3.138000000000000110e-05 3.143499999999999973e-05 3.145199999999999634e-05 0.000000000000000000e+00 0.000000000000000000e+00 0.000000000000000000e+00
1.557899999999999941e-06 1.563600000000000158e-06 1.574499999999999918e-06 2.977800000000000187e-05 2.979900000000000048e-05 2.990900000000000112e-05
2.786800000000000152e-05 2.786699999999999933e-05 2.786199999999999853e-05 0.000000000000000000e+00 0.000000000000000000e+00 0.000000000000000000e+00
2.036900000000000098e-05 2.035200000000000098e-05 2.042999999999999921e-05 0.000000000000000000e+00 0.000000000000000000e+00 0.000000000000000000e+00
7.371200000000000254e-07 7.353799999999999582e-07 7.284200000000000071e-07 4.245699999999999686e-05 4.244300000000000004e-05 4.235700000000000120e-05
1.237199999999999988e-06 1.236899999999999965e-06 1.237400000000000003e-06 2.431800000000000332e-05 2.430399999999999973e-05 2.428499999999999873e-05
2.655200000000000006e-06 2.646800000000000222e-06 2.640699999999999975e-06 2.329900000000000173e-05 2.319400000000000189e-05 2.303199999999999903e-05
3.495600000000000210e-05 3.501800000000000252e-05 3.503400000000000372e-05 0.000000000000000000e+00 0.000000000000000000e+00 0.000000000000000000e+00
3.307200000000000286e-06 3.324200000000000292e-06 3.318899999999999682e-06 2.082300000000000036e-05 2.065000000000000049e-05 2.047199999999999983e-05
1.900799999999999826e-05 1.900600000000000065e-05 1.900099999999999985e-05 0.000000000000000000e+00 0.000000000000000000e+00 0.000000000000000000e+00
8.217200000000001218e-05 8.217700000000000959e-05 8.217900000000000042e-05 0.000000000000000000e+00 0.000000000000000000e+00 0.000000000000000000e+00
9.172000000000001292e-06 9.273099999999999358e-06 9.299599999999999867e-06 2.568000000000000231e-06 2.425500000000000325e-06 2.304599999999999924e-06
6.273000000000000418e-05 6.274100000000000120e-05 6.274700000000000080e-05 0.000000000000000000e+00 0.000000000000000000e+00 0.000000000000000000e+00
1.352900000000000040e-05 1.358099999999999923e-05 1.364299999999999965e-05 1.306900000000000142e-07 1.272899999999999970e-07 1.229300000000000029e-07
2.666899999999999826e-06 2.669200000000000211e-06 2.658799999999999853e-06 2.633800000000000092e-05 2.621300000000000127e-05 2.614400000000000244e-05
1.221400000000000071e-06 1.226700000000000046e-06 1.239399999999999941e-06 3.811299999999999915e-05 3.813499999999999995e-05 3.820699999999999520e-05
4.463600000000000429e-05 4.464700000000000130e-05 4.465100000000000330e-05 0.000000000000000000e+00 0.000000000000000000e+00 0.000000000000000000e+00
1.706299999999999867e-06 1.706599999999999890e-06 1.708000000000000206e-06 2.550099999999999860e-05 2.547999999999999999e-05 2.549100000000000039e-05
1.157099999999999899e-06 1.157799999999999952e-06 1.159300000000000064e-06 3.041699999999999694e-05 3.041199999999999953e-05 3.038500000000000131e-05
5.551300000000000196e-05 5.551100000000000435e-05 5.550000000000000734e-05 0.000000000000000000e+00 0.000000000000000000e+00 0.000000000000000000e+00
1.222599999999999950e-06 1.218000000000000027e-06 1.210600000000000107e-06 3.471699999999999981e-05 3.469600000000000120e-05 3.469900000000000100e-05
2.482099999999999834e-05 2.483800000000000173e-05 2.482199999999999714e-05 0.000000000000000000e+00 0.000000000000000000e+00 0.000000000000000000e+00
1.258299999999999879e-06 1.258499999999999894e-06 1.259799999999999991e-06 2.456099999999999744e-05 2.454599999999999843e-05 2.453800000000000122e-05
6.798699999999999806e-05 6.799000000000000464e-05 6.799199999999999547e-05 0.000000000000000000e+00 0.000000000000000000e+00 0.000000000000000000e+00
2.763000000000000058e-07 2.798800000000000418e-07 2.792500000000000157e-07 4.988500000000000096e-05 4.986199999999999796e-05 4.987399999999999717e-05
4.406500000000000077e-06 4.437200000000000478e-06 4.494600000000000132e-06 1.610100000000000051e-05 1.579700000000000139e-05 1.555900000000000130e-05
8.333400000000000546e-06 8.420999999999999504e-06 8.531000000000000144e-06 3.700199999999999742e-06 3.548999999999999817e-06 3.418699999999999981e-06
1.646800000000000055e-06 1.637199999999999970e-06 1.644399999999999875e-06 3.220300000000000322e-05 3.217599999999999822e-05 3.212800000000000139e-05
1.550600000000000028e-05 1.551199999999999988e-05 1.557700000000000011e-05 3.416500000000000186e-08 3.295399999999999849e-08 3.160899999999999538e-08
4.337899999999999688e-07 4.322900000000000149e-07 4.314500000000000154e-07 4.362399999999999432e-05 4.366700000000000052e-05 4.373800000000000035e-05
4.935199999999999776e-06 4.973000000000000498e-06 5.052200000000000519e-06 1.330599999999999932e-05 1.306199999999999962e-05 1.281099999999999982e-05
1.296999999999999822e-06 1.299799999999999820e-06 1.297700000000000086e-06 3.871199999999999799e-05 3.876699999999999661e-05 3.890599999999999647e-05
6.576400000000000046e-07 6.550399999999999151e-07 6.568099999999999634e-07 4.314899999999999633e-05 4.314300000000000350e-05 4.305899999999999550e-05
9.150499999999999888e-06 9.216500000000000612e-06 9.282300000000000896e-06 2.748799999999999838e-06 2.619500000000000077e-06 2.487699999999999916e-06
1.780299999999999878e-05 1.779699999999999918e-05 1.779799999999999799e-05 0.000000000000000000e+00 0.000000000000000000e+00 0.000000000000000000e+00
