79 128
1 -1
1 0
0 0
0 1
-1 1
-1 -1
-1 -0.534099
-1 0.16851
-1 -0.162313
-1 0.536827
-0.451269 1
-0.536211 -1
-0.635445 0.0119651
-0.597253 0.634026
-0.607426 -0.602898
-0.284389 -0.643476
-0.640895 0.298686
-0.386116 -0.376776
-0.648573 -0.274728
-0.38882 0.0113223
-0.166257 -1
-0.245236 0.0720173
-0.421667 -0.155876
-0.413302 0.176414
-0.37455 0.407362
-0.243519 0.67293
-0.172328 -0.409521
-0.247469 -0.222342
-0.154612 0.137892
-0.159143 0.407766
-0.113158 -0.239773
-0.147416 -0.121392
-0.255112 -0.0712239
-0.160961 -0.0149965
7.40155e-011 0.591116
-0.092054 -0.0568608
-0.0646047 0.123962
-0.0069971 -0.629817
-0.244872 0.234344
-0.0808164 0.00584462
-0.12291 0.0574499
-0.0991025 0.239218
-0.0527213 -0.131074
4.18226e-013 0.0374845
7.73703e-013 0.0936503
-0.0094647 -0.218822
-0.0283915 0.0144788
-0.0491964 0.0554223
0.163072 -1
-1.11898e-011 0.343513
-0.0363394 -0.0648839
-6.13411e-012 0.188437
0.00944774 -0.0816675
-0.0401661 -0.0196847
0.0401961 -0.140274
-0.00352328 -0.0294843
0.0207301 3.46435e-013
0.158552 -0.425182
-0.0107516 -0.375496
0.072509 -0.0679673
0.0951626 -0.256844
0.1313 -0.148322
0.0326629 -0.0359935
0.0576728 3.71528e-013
0.237709 -0.247861
0.143446 -0.0636953
0.382861 -0.384765
0.250456 -0.108628
0.110751 8.97019e-013
0.416171 -0.165695
0.278417 -0.650711
0.601191 -0.5974
0.363403 -1.16063e-011
0.648651 -0.272891
0.210532 -8.09089e-012
0.53709 -1
1 -0.594398
1 -0.278338
0.610172 6.01528e-011
77 72 1
76 1 72
15 7 6
8 17 10
8 9 13
8 13 17
26 4 11
25 30 26
24 17 13
24 25 17
12 15 6
19 15 18
19 13 9
19 9 7
19 7 15
74 72 77
74 79 70
74 2 79
73 70 79
20 22 24
20 24 13
14 26 11
14 25 26
14 17 25
14 10 17
14 5 10
14 11 5
29 22 41
39 25 24
39 42 30
39 30 25
39 29 42
39 24 22
39 22 29
78 2 74
78 74 77
68 70 73
35 4 26
35 26 30
71 76 72
71 49 76
38 71 58
38 21 49
38 49 71
33 22 20
33 28 32
23 19 18
23 18 28
23 13 19
23 20 13
23 28 33
23 33 20
40 48 41
67 72 74
67 74 70
67 71 72
67 58 71
65 68 62
65 58 67
65 70 68
65 67 70
75 68 73
16 18 15
16 21 38
16 12 21
16 15 12
59 38 58
31 32 28
31 43 32
34 41 22
34 22 33
34 40 41
34 33 32
66 60 62
66 69 60
66 75 69
66 62 68
66 68 75
55 62 60
37 42 29
37 48 45
37 29 41
37 41 48
64 60 69
50 30 42
50 35 30
61 58 65
61 59 58
61 65 62
61 62 55
27 59 31
27 18 16
27 28 18
27 31 28
27 16 38
27 38 59
36 34 32
36 40 34
36 54 40
36 32 43
56 3 54
47 48 40
47 40 54
47 54 3
44 47 3
44 45 48
44 48 47
52 50 42
52 42 37
52 37 45
46 61 55
46 43 31
46 55 43
46 31 59
46 59 61
51 36 43
51 54 36
51 56 54
57 3 56
53 56 51
53 55 60
53 43 55
53 51 43
63 53 60
63 56 53
63 60 64
63 64 57
63 57 56
