465 860
1 -1
1 0
0 0
0 1
-1 1
-1 -1
-1 -0.761532
-1 0.766682
-1 0.369471
-1 -0.552554
-1 -0.174604
-1 0.559146
-1 -0.361171
-1 0.00880874
-1 0.186884
-0.86829 -0.281786
-0.850264 0.462105
-0.827508 -0.824153
-0.863883 0.144512
-0.742629 -0.357259
-0.758722 -0.204009
-0.848175 0.0156158
-0.869666 -0.117981
-0.838831 0.638625
-0.862808 0.299077
-0.763664 1
-0.734281 0.0923121
-0.740124 -0.0595522
-0.852321 -0.453548
-0.656187 -0.146234
-0.745645 0.235344
-0.605424 0.434894
-0.726825 0.374353
-0.822435 0.826063
-0.710004 0.527344
-0.840191 -0.63006
-0.655994 0.0166249
-0.709332 -0.516316
-0.620126 0.303226
-0.606604 -0.0651713
-0.65203 0.184223
-0.681004 0.687235
-0.763534 -1
-0.557867 -0.183245
-0.598733 0.0957535
-0.510162 0.370386
-0.690297 -0.685608
-0.646759 -0.262657
-0.539025 0.0159931
-0.55431 0.197302
-0.636365 -0.844086
-0.554875 1
-0.622963 -0.383185
-0.579502 -0.484653
-0.463891 -0.130769
-0.573768 0.574424
-0.541208 -0.295176
-0.50489 0.113567
-0.511151 0.279772
-0.520357 -0.732822
-0.45912 0.200929
-0.436676 0.603863
-0.631145 0.841263
-0.528952 -0.0889364
-0.464582 -0.0353715
-0.453482 0.0476082
-0.445952 -0.299763
-0.3946 -0.00495551
-0.379023 0.0662759
-0.421708 0.127723
-0.486355 0.484003
-0.518843 0.710907
-0.401765 -0.0816071
-0.570399 -0.605081
-0.470229 -0.214752
-0.38343 0.206174
-0.394661 -0.161944
-0.343125 0.335948
-0.413185 0.395496
-0.317944 0.424377
-0.332239 0.0165797
-0.419783 0.292618
-0.375537 0.501286
-0.36045 0.719044
-0.351423 0.134546
-0.45327 0.845316
-0.496133 -0.401132
-0.383529 -0.236898
-0.339963 -0.116266
-0.287592 -0.0237535
-0.264111 0.362356
-0.263332 0.501628
-0.312324 0.596871
-0.382524 -0.461119
-0.350032 -0.309353
-0.341411 -0.0484293
-0.314971 0.0773472
-0.422594 -0.633992
-0.404202 -0.375927
-0.326137 -0.185458
-0.311578 0.188933
-0.264296 0.232366
-0.333794 0.260368
-0.294292 0.866979
-0.357572 -0.746821
-0.30363 -0.251598
-0.286414 0.1301
-0.24743 0.174879
-0.270601 -0.322379
-0.281172 -0.141479
-0.289604 -0.0815389
-0.277293 0.030835
-0.25753 0.0797406
-0.218698 0.422707
-0.463105 -0.520182
-0.261407 -0.201666
-0.244064 -0.0542741
-0.265082 0.296603
-0.368715 1
-0.312705 -0.390488
-0.240509 -0.105588
-0.205876 0.271146
-0.227808 0.764776
-0.226554 -0.158653
-0.239589 -0.00548728
-0.196171 0.160301
-0.204381 0.216125
-0.447526 -0.862876
-0.202966 -0.0337461
-0.196711 0.00665591
-0.153037 0.291158
-0.551455 -1
-0.203731 -0.212981
-0.185479 0.0442435
-0.231498 0.122786
-0.192941 0.341957
-0.227865 0.0397805
-0.221552 0.656389
-0.207836 -0.748695
-0.337487 -0.555383
-0.202592 -0.0768695
-0.158946 0.013598
-0.199181 -0.326336
-0.235408 -0.263372
-0.173781 -0.267131
-0.161712 0.191683
-0.277445 -0.648358
-0.177414 -0.16991
-0.165859 -0.0190651
-0.183705 0.118213
-0.118511 0.192922
-0.184891 1
-0.150829 -0.216888
-0.107127 0.736281
-0.154101 -0.132852
-0.195052 -0.122236
-0.167682 -0.0546009
-0.132632 -0.00528188
-0.149876 0.0434837
-0.163533 0.0774873
-0.20661 0.0807812
-0.157526 0.475319
-0.353998 -1
-0.27639 -0.473242
-0.229202 -0.395776
-0.132436 -0.174367
-0.117253 -0.137518
-0.163774 -0.0925
-0.124702 0.0236489
-0.0899321 0.226959
-0.139212 0.395105
-0.0842705 0.527731
-0.188591 0.559664
-0.148351 0.111803
-0.146266 0.151218
-0.148222 -0.634162
-0.21974 -0.554669
-0.180516 -0.467967
-0.125269 0.0874174
-0.102786 0.156974
-0.14623 0.238057
-0.125348 0.874594
-0.114715 -0.537454
-0.098086 -0.447329
-0.15313 -0.388067
-0.134078 -0.319498
-0.128397 -0.10194
-0.134744 -0.068077
-0.0927622 0.0252393
-0.12758 0.0599383
-0.0961536 0.0693782
-0.115258 0.123259
-0.114701 0.334065
-0.117624 -0.26125
-0.102075 -0.211957
-0.104217 -0.0772277
-0.136233 -0.0358677
-0.108587 -0.0221443
-0.104447 0.00398078
-0.0784124 0.00865404
-0.0952023 0.0957159
-0.0737462 0.186135
-0.168592 -1
-0.027796 -0.415191
-0.10849 -0.0491172
-0.085137 -0.0360532
-0.0850235 -0.0125769
-0.06892 0.0973371
-0.098308 0.273511
-0.0742935 0.442018
-0.0911674 -0.171176
-0.0628486 -0.114885
-0.0844145 -0.135186
-0.0749229 -0.0868868
-0.0653847 -0.0251534
-0.0694278 0.0304822
-0.106453 0.0436968
-0.0508797 0.119912
-0.0819902 0.126016
-0.0624396 0.151617
-0.0411178 0.211329
-1.10958e-011 0.830147
-0.272351 -0.866953
-0.0958418 -0.106092
-0.0580742 -0.0683771
-0.0821827 -0.0604645
-0.0496642 0.034355
-0.0802444 0.0491598
-0.0688762 0.0730792
-0.0462202 0.254872
-0.0619954 0.371405
-4.81622e-012 0.40511
-0.102549 0.624092
-0.076462 -0.302215
-0.0590028 -0.195387
-0.0481898 -0.0927314
-0.0626083 -0.046037
-0.046405 -0.0335295
-0.0638202 -0.00584669
-0.0577715 0.0520287
-0.0364717 0.0514198
-0.0449553 0.0914315
-0.0335316 0.173043
-0.0533836 0.308407
-0.0415201 -0.053145
-0.0471783 -0.0168451
-0.0475804 0.000632862
-0.0585497 0.0144972
-0.0205806 0.0653697
-0.0433888 0.0699536
-4.08667e-012 0.337159
-5.42045e-012 0.484372
-0.035379 -0.0722358
-0.0298682 -0.0403339
-0.0299208 -0.0242849
-0.0335123 -0.00944971
-0.0344274 0.00631421
-0.0420403 0.0193088
-0.0270953 0.0221802
-0.0315732 0.0357265
-0.0243674 0.109624
7.00319e-013 0.0781506
-0.112679 -0.865448
0.0181679 -0.702441
-0.0269553 -0.280501
-0.0307677 -0.159497
-0.0577278 -0.152105
-0.024984 -0.096633
-0.0194864 -0.0559401
-0.0158578 -0.0369838
-0.00130172 -0.0318656
-0.0141862 -0.0234482
-0.0189996 -0.0129274
-0.0221043 -0.00150892
-0.0111302 0.00893391
-0.022025 0.0104906
-0.0150118 0.0339723
-0.0170843 0.0484631
-1.97024e-013 0.061402
-0.0219517 0.0848569
-0.0285794 0.139536
-1.96903e-012 0.124543
-2.89422e-012 0.230953
-6.40309e-012 0.579546
0.0116011 -1
-0.0847008 -0.728134
-0.0329337 -0.603199
-0.0855708 -0.368999
-0.0682439 -0.245091
-0.0111663 -0.137573
-0.0364272 -0.122875
-0.00613071 -0.110406
-0.0157315 -0.0755664
0.00131862 -0.0654097
0.0118783 -0.0365093
-0.00327793 -0.0474959
0.0101342 -0.0215414
-0.00197021 -0.0190744
-0.00668461 -0.00983392
-0.0109651 -0.00108797
-1.23035e-013 0.0108689
-0.0128025 0.0210383
-1.64433e-013 0.0263
-1.59688e-013 0.0361075
-1.84805e-013 0.0474067
9.31508e-013 0.0989945
-2.38194e-012 0.154775
-8.80229e-012 0.690767
-0.0273856 -0.342035
-0.0205609 -0.189243
0.0163576 -0.129112
0.00182368 -0.0874845
0.0217031 -0.0758414
0.0136662 -0.0531949
0.0275727 -0.0394639
0.0053816 -0.00918536
0.0116717 -1.90889e-013
-1.0617e-013 0.0047585
-1.3924e-013 0.0177143
-2.50764e-012 0.19025
-3.41148e-012 0.279592
-0.0291876 -0.501478
0.0313422 -0.370867
0.00848986 -0.164231
0.021022 -0.101753
0.0459879 -0.0680455
0.0297396 -0.0576585
-0.026297 -0.229645
0.040241 -0.147274
0.0428407 -0.0901979
0.0652748 -0.0549335
0.0181141 -0.0107905
0.0255556 5.8211e-013
0.0420831 -0.445191
0.0221984 -0.306555
0.0134727 -0.205306
0.0456234 -0.0458155
0.0402354 -0.0276404
0.023532 -0.0242191
0.0162402 -0.837265
0.0161424 -0.251039
0.0435123 -0.178474
0.0332643 -0.0126226
0.0421374 6.98068e-013
0.0536816 -0.53015
0.0532826 -0.218331
0.0719719 -0.144194
0.0450688 -0.118344
0.0675074 -0.0798498
0.0597808 -0.0326308
0.0515659 -0.0147481
0.0676802 -0.107254
0.0994799 -0.38681
0.0795703 -0.179095
0.0941434 -0.0910193
0.0895666 -0.0638316
0.0629558 -0.267875
0.09867 -0.0210909
0.0732113 -0.0174004
0.061957 8.60791e-013
0.0944914 -0.226413
0.0938148 -0.121932
0.0820034 -0.0387632
0.144176 -0.86468
0.079508 -0.323347
0.124678 -0.110086
0.108628 -0.0463348
0.0855225 1.01775e-012
0.0859253 -0.615869
0.128776 -0.0250935
0.11322 -2.10376e-012
0.122649 -0.459007
0.116535 -0.187775
0.114472 -0.149227
0.175887 -0.270871
0.116721 -0.274226
0.15445 -0.133174
0.119827 -0.0764913
0.139208 -0.0541756
0.165178 -0.0247488
0.146007 -2.96032e-012
0.156027 -0.174989
0.155097 -0.0907315
0.144508 -0.226021
0.143637 -0.328242
0.193859 -0.212791
0.199209 -0.160519
0.170985 -0.0546236
0.188105 -3.02026e-012
0.189002 -1
0.175332 -0.389282
0.234148 -3.29735e-012
0.215148 -0.456047
0.193462 -0.116438
0.195316 -0.0779423
0.126946 -0.73285
0.157043 -0.535621
0.213471 -0.321167
0.245922 -0.190098
0.210413 -0.0369172
0.285858 -0.299937
0.242583 -0.132538
0.236389 -0.253632
0.235069 -0.0825699
0.261306 -0.0433677
0.298239 -0.225879
0.296852 -0.157416
0.298019 -0.861357
0.263829 -0.533406
0.258499 -0.377531
0.285893 -0.0968006
0.248632 -0.739255
0.199412 -0.628107
0.359495 -0.266708
0.288635 -3.94209e-012
0.344486 -0.35257
0.431693 -0.313424
0.370093 -1
0.312716 -0.44202
0.346631 -0.114957
0.320714 -0.624617
0.32079 -0.052061
0.387558 -0.730869
0.359297 -0.186818
0.418502 -0.136375
0.376838 -0.517234
0.413872 -0.413281
0.516446 -0.367584
0.352355 -4.53418e-012
0.464931 -0.853698
0.495042 -0.484654
0.503742 -0.160948
0.432544 -0.220468
0.560835 -1
0.472348 -0.0743376
0.390356 -0.062387
0.518741 -0.25905
0.513587 -5.84592e-012
0.426759 -5.16386e-012
0.538711 -0.712021
0.614445 -6.51051e-012
0.58816 -0.571859
0.614276 -0.432726
0.570095 -0.0882126
0.723361 -0.516716
0.619528 -0.304221
0.604919 -0.189349
0.451289 -0.60589
0.688035 -0.104784
0.643217 -0.840639
0.729748 -6.92033e-012
0.69735 -0.681807
0.848604 -0.625688
0.724233 -0.223221
0.831613 -0.125423
0.831122 -0.822411
0.859215 -0.270004
0.734198 -0.360845
0.768284 -1
0.857588 -0.440283
0.856489 -8.92807e-012
1 -0.543069
1 -0.348431
1 -0.166778
1 -0.757928
34 26 5
86 119 52
452 456 453
203 223 163
105 223 139
18 7 6
18 6 43
94 115 140
29 13 10
63 72 86
63 86 52
63 52 26
63 26 34
8 34 5
17 12 9
449 451 441
252 284 172
459 1 456
465 462 453
465 453 456
465 456 1
60 74 47
128 163 223
128 223 105
128 105 60
128 132 163
51 47 18
51 60 47
51 43 132
51 18 43
51 132 128
51 128 60
164 140 177
164 177 178
164 120 94
164 94 140
147 105 139
147 177 140
44 40 30
23 14 11
16 13 29
16 11 13
16 21 23
16 23 11
36 29 10
36 18 47
36 10 7
36 7 18
24 12 17
24 8 12
24 34 8
15 14 19
25 17 9
25 33 17
25 9 15
25 15 19
444 447 449
444 449 441
444 441 438
444 438 435
439 435 438
88 75 67
84 86 72
84 72 62
210 232 252
210 252 172
165 109 120
165 143 109
165 120 164
165 164 178
450 452 440
450 456 452
450 434 459
450 459 456
445 452 453
460 462 463
460 458 445
460 453 462
460 445 453
98 115 74
98 74 60
98 60 105
98 140 115
98 105 147
98 147 140
144 106 109
144 109 143
57 67 75
57 75 44
64 40 44
22 19 14
22 14 23
22 27 19
93 138 84
93 84 62
93 173 138
93 92 173
233 173 172
233 138 173
233 172 284
233 284 308
182 4 152
35 17 33
35 24 17
31 25 19
31 19 27
31 33 25
31 39 33
49 65 66
49 64 65
49 40 64
359 360 351
359 368 360
364 285 390
457 463 464
457 460 463
457 458 460
415 422 429
68 66 65
68 65 73
100 88 106
95 88 67
95 106 88
95 109 106
95 120 109
41 31 27
41 39 31
59 61 82
59 82 46
59 46 39
79 46 82
79 71 46
76 82 61
114 92 80
114 80 91
103 82 76
145 144 143
116 106 144
116 100 106
110 89 100
110 116 124
110 100 116
156 124 148
48 53 57
48 30 21
48 44 30
48 57 44
20 16 29
20 53 48
20 21 16
20 48 21
38 47 74
38 20 29
38 53 20
38 36 47
38 29 36
87 57 53
87 67 57
87 115 94
55 44 75
55 64 44
55 73 65
55 65 64
37 40 49
154 138 233
154 233 308
123 84 138
123 138 154
123 154 182
222 4 182
222 154 308
222 182 154
32 35 33
32 33 39
32 39 46
32 46 71
42 24 35
42 63 34
42 34 24
42 72 63
350 363 359
350 359 351
350 351 338
350 338 337
358 371 368
358 359 363
358 368 359
405 415 392
405 422 415
430 418 434
430 434 450
430 450 440
263 203 285
263 139 223
263 223 203
314 313 327
454 458 457
454 449 447
90 117 125
99 95 67
99 87 94
99 67 87
99 94 120
99 120 95
129 125 117
129 157 149
58 49 66
50 39 41
50 59 39
50 61 59
50 58 61
83 79 80
83 71 79
83 62 71
83 93 62
83 80 92
83 92 93
101 102 103
101 103 76
162 172 173
162 114 171
162 173 92
162 92 114
162 210 172
162 171 210
118 103 102
78 91 80
78 80 79
78 118 91
78 103 118
78 79 82
78 82 103
133 144 145
133 116 144
133 148 124
133 124 116
111 89 110
111 117 90
121 110 124
121 124 156
121 117 111
121 111 110
54 38 74
54 53 38
54 74 115
54 115 87
54 87 53
77 88 100
77 75 88
77 55 75
77 100 89
77 89 73
77 73 55
28 27 22
28 37 27
28 22 23
28 30 40
28 40 37
28 21 30
28 23 21
104 86 84
104 84 123
104 119 86
104 152 119
104 182 152
104 123 182
56 72 42
56 42 35
56 62 72
56 71 62
56 32 71
56 35 32
317 332 333
344 351 360
271 298 272
320 243 307
267 291 212
328 336 310
375 398 403
375 376 385
375 385 398
325 313 312
330 313 325
420 424 425
420 407 424
411 422 405
411 420 422
411 407 420
455 454 457
455 457 464
455 449 454
455 2 461
455 464 2
455 461 451
455 451 449
122 181 131
122 118 102
231 210 171
231 232 210
231 251 232
209 131 181
221 202 243
221 320 283
221 243 320
108 135 126
108 102 101
192 179 201
192 201 219
159 160 134
191 201 179
208 219 201
161 137 134
161 134 160
130 129 149
130 125 129
130 137 125
130 134 137
246 239 215
246 215 238
45 41 27
45 27 37
45 50 41
45 58 50
45 37 49
45 49 58
155 156 148
155 148 166
153 133 145
153 148 133
153 166 148
96 111 90
96 68 73
96 73 89
96 89 111
141 157 129
141 121 156
141 129 117
141 117 121
316 332 317
316 317 3
297 339 332
297 332 316
297 316 298
297 295 339
297 271 295
297 298 271
315 339 295
315 295 314
315 314 327
315 338 339
315 327 337
315 337 338
343 339 338
343 338 351
343 351 344
343 344 333
343 333 332
343 332 339
299 272 298
299 298 316
299 3 300
299 316 3
318 300 3
404 411 405
261 306 282
266 291 267
235 267 211
235 328 310
235 310 266
235 266 267
185 143 165
185 165 178
185 178 184
433 425 424
432 444 435
432 435 425
432 447 444
432 437 447
432 425 433
432 433 437
442 440 452
442 452 445
423 430 440
410 419 416
414 433 424
331 363 350
331 350 337
341 336 328
341 346 336
386 375 403
386 399 387
386 403 399
354 374 347
354 373 374
354 346 361
354 361 373
436 422 420
436 429 422
436 439 429
436 420 425
436 435 439
436 425 435
127 181 122
127 108 126
127 122 102
127 102 108
136 91 118
136 118 122
136 122 131
136 171 114
136 114 91
170 209 181
170 202 221
193 131 209
193 231 171
193 171 136
193 136 131
244 251 231
244 321 251
244 231 193
244 193 209
151 170 181
151 202 170
227 240 216
227 216 248
227 241 240
228 216 240
229 201 191
229 208 201
229 228 240
229 191 228
229 242 208
280 261 242
280 262 306
280 306 261
150 161 160
150 126 135
150 135 161
247 239 246
247 248 239
274 276 257
256 274 257
256 257 247
256 247 246
237 238 215
237 215 206
226 206 205
226 237 206
226 225 237
236 212 291
107 135 108
107 108 101
113 161 135
113 137 161
113 135 107
113 107 97
85 101 76
85 107 101
85 97 107
168 156 155
168 157 141
168 141 156
167 166 211
167 155 166
195 235 211
195 211 166
195 166 153
304 305 277
278 277 305
278 305 279
270 271 272
245 238 237
245 237 225
294 269 293
294 293 312
294 312 313
294 313 314
370 381 371
370 371 358
380 389 381
380 381 370
380 370 379
356 363 331
402 407 411
402 411 404
402 387 399
402 399 407
402 394 387
402 404 394
220 243 202
281 282 307
281 261 282
281 307 243
281 243 220
218 208 242
218 242 261
218 261 281
218 219 208
218 220 219
218 281 220
289 328 235
289 235 195
288 185 184
353 323 334
443 445 458
443 442 445
408 390 418
408 364 390
408 418 430
408 430 423
401 416 414
401 403 398
401 398 410
401 410 416
406 399 403
406 403 401
406 401 414
406 414 424
406 424 407
406 407 399
292 325 312
292 311 325
348 330 325
348 325 311
342 354 347
342 336 346
342 346 354
324 266 310
324 310 336
324 336 342
326 337 327
326 331 337
326 327 313
326 313 330
365 323 353
365 385 376
365 353 385
384 375 386
384 373 361
384 376 375
384 361 376
382 374 373
382 386 387
382 373 384
382 384 386
230 209 170
230 170 221
230 244 209
230 321 244
230 283 321
230 221 283
175 126 150
146 127 126
146 126 175
146 175 151
146 181 127
146 151 181
258 227 248
258 247 257
258 248 247
260 241 227
260 277 278
260 278 241
260 227 258
142 169 159
142 130 149
142 159 134
142 134 130
198 205 206
190 159 169
190 191 179
190 179 160
190 160 159
250 280 242
250 240 241
250 229 240
250 242 229
174 160 179
174 150 160
174 179 192
174 192 175
174 175 150
255 270 272
255 246 238
255 256 246
273 274 256
273 272 299
273 255 272
273 256 255
273 299 300
273 300 274
112 137 113
112 125 137
112 90 125
112 113 97
70 76 61
70 85 76
70 61 58
70 58 66
213 211 267
213 167 211
213 267 212
187 168 155
187 155 167
303 304 277
303 277 302
249 241 278
249 250 241
249 280 250
249 278 279
249 262 280
249 279 262
253 225 236
253 245 225
253 269 245
253 293 269
296 270 269
296 269 294
296 271 270
296 294 314
296 314 295
296 295 271
275 300 318
275 302 276
275 274 300
275 276 274
388 379 383
388 380 379
367 379 370
367 370 358
367 358 363
367 363 356
378 383 379
378 379 367
378 367 356
204 288 184
204 334 323
309 204 323
309 288 204
194 289 195
194 153 145
194 195 153
186 143 185
186 185 288
186 145 143
186 194 145
176 177 147
176 147 139
340 285 364
340 263 285
393 409 419
393 419 410
446 443 458
446 447 437
446 454 447
446 458 454
428 446 437
428 443 446
448 423 440
448 421 423
448 440 442
268 312 293
268 292 312
268 253 236
268 293 253
268 236 291
268 291 292
290 311 292
290 266 324
290 324 311
290 291 266
290 292 291
362 347 374
329 311 324
329 324 342
329 348 311
329 347 348
329 342 347
349 356 331
349 331 326
349 326 330
357 365 376
357 376 361
357 346 341
357 361 346
377 394 383
377 374 382
377 387 394
377 382 387
180 175 192
180 151 175
180 192 219
180 202 151
180 219 220
180 220 202
259 257 276
259 258 257
259 260 258
259 276 302
259 302 277
259 277 260
197 205 198
197 149 157
207 198 206
207 215 239
207 206 215
217 190 169
217 228 191
217 191 190
254 270 255
254 269 270
254 245 269
254 238 245
254 255 238
81 112 97
81 90 112
81 68 96
81 96 90
69 70 66
69 66 68
69 97 85
69 85 70
69 68 81
69 81 97
188 157 168
188 168 187
188 197 157
188 205 197
224 167 213
224 187 167
224 213 212
319 303 302
319 302 275
400 389 380
400 380 388
400 392 389
400 405 392
400 404 405
322 334 204
322 204 184
335 323 365
335 309 323
335 365 357
335 357 341
234 288 309
234 186 288
234 289 194
234 194 186
286 287 176
286 263 340
286 139 263
286 176 139
413 421 409
264 286 340
264 369 287
264 287 286
372 353 334
391 410 398
391 393 410
391 398 385
391 385 353
391 353 372
391 372 393
417 414 416
417 433 414
417 437 433
417 428 437
426 421 448
426 419 409
426 409 421
431 442 443
431 443 428
431 448 442
431 426 448
366 383 378
366 377 383
366 362 374
366 374 377
355 356 349
355 378 356
355 366 378
355 362 366
352 330 348
352 349 330
352 348 347
352 347 362
352 362 355
352 355 349
158 197 198
158 169 142
158 142 149
158 149 197
200 239 248
200 207 239
200 248 216
199 198 207
199 169 158
199 158 198
199 207 200
214 212 236
214 224 212
214 236 225
214 225 226
196 226 205
196 205 188
196 214 226
196 224 214
196 188 187
196 187 224
301 275 318
301 319 275
395 404 400
395 400 388
395 394 404
395 383 394
395 388 383
345 287 369
345 322 287
345 334 322
345 372 334
183 322 184
183 184 178
183 176 287
183 287 322
183 178 177
183 177 176
265 335 341
265 341 328
265 309 335
265 234 309
265 328 289
265 289 234
412 423 421
412 421 413
412 408 423
412 364 408
396 413 369
396 369 264
396 412 413
396 364 412
396 340 364
396 264 340
397 369 413
397 345 369
397 372 345
397 413 409
397 409 393
397 393 372
427 428 417
427 431 428
427 417 416
427 426 431
427 416 419
427 419 426
189 199 200
189 200 216
189 217 169
189 169 199
189 216 228
189 228 217
