237 422
1 -1
1 0
0 0
0 1
-1 1
-1 -1
-1 0.0072292
-1 -0.435373
-1 0.227916
-1 0.459994
-1 0.722869
-0.80626 0.103065
-1 -0.696185
-1 -0.202387
-0.786089 -0.0893894
-0.617692 -0.0919083
-0.779583 0.573612
-0.799633 -0.294815
-0.760185 -0.757345
-0.62237 0.0397168
-0.584588 -0.589458
-0.784513 -0.518727
-0.791234 0.332461
-0.636241 -0.230584
-0.633174 0.462413
-0.491517 -0.173829
-0.488725 -0.0489979
-0.523682 0.156129
-0.671609 0.190944
-0.490892 -0.306233
-0.463404 0.0560792
-0.525331 0.616319
-0.394192 0.154931
-0.683695 0.771578
-0.625509 -0.399155
-0.701058 -1
-0.291112 0.14967
-0.582503 0.305752
-0.306421 -0.791799
-0.522792 -0.783005
-0.362338 -0.353625
-0.349188 0.0688275
-0.445271 0.262654
-0.473633 0.419965
-0.463689 -0.459146
-0.378717 -0.231838
-0.218337 0.131757
-0.376926 -0.0234698
-0.247165 0.306223
-0.361894 0.34695
-0.321064 0.236269
-0.309442 0.661259
-0.388774 -0.622803
-0.317435 -0.490907
-0.385466 -0.122054
-0.291822 -0.173073
-0.377527 0.519244
-0.205532 -0.632841
-0.246997 -0.372962
-0.298055 -0.0882248
-0.292398 -0.00311363
-0.135524 -0.394046
-0.21884 0.528148
-0.179444 -0.297444
-0.220176 -0.133662
-0.222254 0.010019
-0.276894 -0.268961
-0.728516 1
-0.125861 -0.240411
-0.236446 -0.0560295
-0.422827 0.79804
-0.109431 -0.799186
-0.207917 -0.211632
-0.161064 0.0204065
-0.264092 0.0707202
-0.198341 -0.48866
-0.185053 -0.081666
-0.177264 -0.0268667
-0.163624 0.168575
-0.220528 0.216474
-0.282166 0.419695
-0.159848 0.102708
-0.480656 1
-0.0346251 -0.414848
-0.086212 -0.317642
-0.0820856 -0.19406
-0.150791 -0.173549
-0.148976 -0.117781
-0.135643 0.0579474
-0.196317 0.0642155
-0.119272 0.12952
-0.15705 0.294072
-0.0871228 -0.522732
-0.128502 -0.0153904
-0.103885 0.0863149
-0.0983442 0.487781
-0.137362 -0.0609584
-0.0882811 0.0511765
-0.0723622 0.120392
-0.0948395 0.172562
-0.13167 0.225196
-0.082201 0.366072
-0.174408 0.394914
-0.130327 0.643629
-0.185284 0.814105
-0.444087 -1
-0.0989685 -0.0447275
-0.111779 0.0218845
-0.0626441 0.0799293
-0.0722642 0.278853
-1.10201e-011 0.579065
-0.0894256 -0.00751789
-0.0730704 0.0224486
-0.0292778 -0.653814
-0.0472437 -0.253872
-0.0988608 -0.141306
-0.104655 -0.090639
-0.0711016 -0.0682347
-0.0680982 -0.0317613
-0.0586949 -0.00145936
-0.0528057 0.0485829
-0.0423001 0.154942
-0.21743 -1
-0.0459722 -0.153748
-0.0650234 -0.109256
-0.0448367 -0.0504747
-0.0291912 0.071909
-0.0561845 0.212752
-3.53032e-012 0.18454
-4.36041e-012 0.247875
-5.99927e-012 0.327668
-0.240959 1
0.0396358 -0.522799
0.00120373 -0.324483
-0.016788 -0.200919
-0.038313 -0.0826924
-0.0170985 -0.062043
-0.0239521 -0.0366917
-0.0253176 -0.013383
-0.0437006 -0.0217053
-0.0354961 0.00366606
-0.0437486 0.0240024
-0.0240428 0.0446612
-0.0337115 0.107575
-2.86873e-012 0.1339
-8.43997e-012 0.434882
-1.26023e-011 0.766315
0.0921848 -0.804343
-0.0234801 -0.117597
-0.00218572 -0.0876915
-0.0169715 0.00658378
-0.0205169 0.023346
2.61164e-014 0.030482
5.54441e-014 0.0668821
0.0279375 -0.251211
0.0169018 -0.119622
0.0165163 -0.0660799
0.000191322 -0.0470292
-0.00826585 -0.0253151
2.52056e-014 0.00764399
-0.0101882 -0.00786995
2.32827e-014 0.0174915
4.69908e-014 0.0464014
-2.14605e-012 0.095143
0.0475901 -0.0668794
0.0283185 -0.0422427
0.0107877 -0.0306464
0.00580276 -0.0132316
0.00659018 -0.156218
0.0545384 -0.0415038
0.0243186 -0.0175928
0.015415 5.10451e-014
0.0450463 -0.0200068
0.0346428 -1.83533e-012
0.0365921 -0.0948427
0.074125 -0.0958152
0.0824973 -0.0599866
0.0456762 -0.190152
0.109245 -0.118701
0.0579174 -0.137374
0.0601047 -2.03268e-012
-0.00316985 -1
0.0675271 -0.403725
0.0872453 -0.308759
0.0762355 -0.0251609
0.137642 -0.645811
0.165544 -0.371064
0.0984889 -0.231623
0.101164 -0.169862
0.119164 -0.0756673
0.111066 -0.0342082
0.15571 -0.492442
0.167061 -0.272376
0.164987 -0.195653
0.166238 -0.0908672
0.0928933 -2.78499e-012
0.15763 -0.140483
0.223465 -0.131372
0.214223 -1
0.271703 -0.58865
0.250654 -0.313607
0.305209 -0.148793
0.155982 -0.0409207
0.295906 -0.784622
0.265802 -0.439795
0.236564 -0.212061
0.133162 -3.35111e-012
0.185687 -3.50986e-012
0.325397 -0.242378
0.249561 -4.34299e-012
0.213304 -0.0582025
0.412735 -0.172234
0.35699 -0.360568
0.332384 -6.30021e-012
0.439017 -1
0.28116 -0.0705866
0.440018 -0.283494
0.376457 -0.0791666
0.445413 -8.55478e-012
0.407022 -0.488302
0.4269 -0.640407
0.552778 -0.229712
0.601265 -0.559445
0.51945 -0.399748
0.666081 -0.344213
0.505743 -0.101651
0.534785 -0.78647
0.792717 -0.487276
0.666424 -0.1376
0.764088 -0.740136
0.592982 -1.08301e-011
0.703708 -1
0.809919 -0.233696
1 -0.198597
0.780586 -6.07859e-012
1 -0.687826
1 -0.423393
234 2 235
71 132 83
17 11 10
227 215 232
233 237 234
233 234 235
200 221 220
24 26 16
24 16 15
8 13 22
19 22 13
19 21 22
19 13 6
216 214 210
216 198 202
38 43 44
23 17 10
23 10 9
23 29 38
68 5 11
223 225 224
223 221 227
223 220 221
223 224 220
53 45 21
204 221 200
204 199 215
204 215 227
204 227 221
12 29 23
12 23 9
30 45 41
30 26 24
54 41 45
54 45 53
59 54 76
59 41 54
18 15 14
18 24 15
18 14 8
18 8 22
36 19 6
131 110 130
128 130 110
211 216 210
211 198 216
32 44 57
105 132 71
105 4 132
111 96 146
111 104 96
63 57 81
63 96 104
25 17 23
25 23 38
25 38 44
25 44 32
25 32 17
34 11 17
34 68 11
34 17 32
34 32 71
34 71 83
34 83 68
228 225 223
228 237 233
228 233 225
228 236 237
70 60 65
208 211 210
62 64 59
62 59 76
93 62 76
93 84 62
40 53 21
40 21 19
40 36 106
40 19 36
148 114 72
148 72 182
148 182 199
148 199 204
50 43 51
50 44 43
50 57 44
50 81 57
20 29 12
20 15 16
20 12 15
28 38 29
28 43 38
28 29 20
28 20 31
27 16 26
27 20 16
27 31 20
33 51 43
33 43 28
33 28 31
7 12 9
7 14 15
7 15 12
35 45 30
35 30 24
35 21 45
35 22 21
35 18 22
35 24 18
49 51 80
49 80 92
49 81 50
49 50 51
103 63 81
103 96 63
103 81 49
103 49 92
195 197 198
195 198 211
195 179 197
52 105 71
52 104 105
52 63 104
52 57 63
52 71 32
52 32 57
147 105 104
147 104 111
147 4 105
218 219 214
218 202 212
218 216 202
218 214 216
226 231 219
226 219 218
226 218 212
230 236 228
230 228 223
230 223 227
230 227 232
230 232 1
230 1 236
150 156 175
150 136 149
150 149 156
165 175 176
165 176 177
56 65 60
122 99 144
122 100 99
122 128 100
164 144 127
129 130 128
129 128 122
205 200 220
186 114 148
186 204 200
186 148 204
73 64 69
73 65 56
123 182 72
58 76 54
58 54 53
58 72 114
58 114 93
58 93 76
48 31 27
37 80 51
37 51 33
102 92 110
102 103 92
102 110 131
102 131 146
102 146 96
102 96 103
101 128 110
101 100 128
101 110 92
101 79 100
101 92 80
101 80 79
190 179 195
190 191 177
190 176 179
190 177 176
203 207 191
203 208 207
203 191 190
203 190 195
203 211 208
203 195 211
229 231 226
229 235 231
229 233 235
229 225 233
222 212 217
222 226 212
222 229 226
222 225 229
222 224 225
222 217 224
91 99 100
91 100 79
170 173 166
170 166 165
170 165 177
67 41 59
67 73 56
67 59 64
67 64 73
55 56 60
55 60 48
55 27 26
55 48 27
125 124 149
125 116 124
125 149 136
185 173 170
185 177 191
185 170 177
154 164 127
145 129 122
145 122 144
145 144 164
213 205 220
213 220 224
213 224 217
133 84 93
133 93 114
133 114 186
189 197 179
39 123 72
39 58 53
39 72 58
39 53 40
39 40 106
39 106 123
42 33 31
42 31 48
42 37 33
168 172 3
158 166 167
171 166 173
171 167 166
171 173 174
171 174 172
171 172 168
171 168 167
46 67 56
46 56 55
46 41 67
46 30 41
46 26 30
46 55 26
87 73 69
87 116 88
87 65 73
87 88 65
160 151 3
160 162 151
181 174 173
181 173 185
209 213 217
209 212 202
209 217 212
192 205 187
192 200 205
192 186 200
192 133 186
194 197 189
194 189 188
194 198 197
86 135 124
86 124 116
86 87 69
86 116 87
178 188 189
85 64 62
85 69 64
85 62 84
85 84 134
47 79 80
47 80 37
61 42 48
61 60 70
61 48 60
75 37 42
75 47 37
75 90 47
75 42 61
159 139 138
159 167 168
159 138 158
159 158 167
137 158 138
137 136 150
157 166 158
157 165 166
157 137 150
157 158 137
157 150 175
157 175 165
117 116 125
117 88 116
196 181 185
196 191 207
196 185 191
201 213 209
201 187 205
201 205 213
155 188 178
155 184 188
155 134 184
155 178 135
180 178 189
180 175 156
180 176 175
180 179 176
180 189 179
169 135 178
169 124 135
169 180 156
169 178 180
169 149 124
169 156 149
183 134 84
183 184 134
183 187 184
183 84 133
183 192 187
183 133 192
115 135 86
115 155 135
115 86 69
115 69 85
115 85 134
115 134 155
161 139 159
161 3 151
161 151 139
161 168 3
161 159 168
118 107 117
118 119 107
118 125 136
118 117 125
112 107 119
77 78 70
77 70 65
77 65 88
66 90 75
66 75 61
66 61 70
66 70 78
206 201 209
206 198 194
206 202 198
206 209 202
193 194 188
193 188 184
193 206 194
193 201 206
193 184 187
193 187 201
126 119 118
126 118 136
126 136 137
126 137 138
140 138 139
140 126 138
140 119 126
141 139 151
141 140 139
95 99 91
74 90 66
74 66 78
94 107 112
94 74 78
120 112 119
120 119 140
120 140 141
152 141 151
152 162 153
152 151 162
82 95 91
82 47 90
82 91 79
82 79 47
97 78 77
97 94 78
97 107 94
97 117 107
97 88 117
97 77 88
142 120 141
142 141 152
89 98 95
89 95 82
89 90 74
89 82 90
109 95 98
109 99 95
109 144 99
109 127 144
113 120 142
113 112 120
143 142 152
143 154 127
143 163 154
143 153 163
143 152 153
108 98 89
108 94 112
108 74 94
108 89 74
108 112 113
108 113 98
121 142 143
121 109 98
121 127 109
121 143 127
121 98 113
121 113 142
