5.142000000000000043e-02
1.182099999999999956e-01
2.911599999999999744e-01
4.621000000000000107e-01
4.843700000000000228e-01
5.012900000000000134e-01
5.016300000000000203e-01
6.038599999999999524e-01
6.240900000000000336e-01
6.386199999999999655e-01
6.563900000000000290e-01
6.872399999999999620e-01
6.907699999999999951e-01
7.109100000000000419e-01
7.190400000000000125e-01
8.669799999999999729e-01
8.745899999999999785e-01
1.000000000000000000e+00
1.000000000000000000e+00
1.000000000000000000e+00
1.000000000000000000e+00
1.000000000000000000e+00
