2.633045979856645680e+00
2.329604493458955705e+00
2.205567245625630335e+00
9.582589808871311288e-01
2.056491601335549646e+00
8.692114642187908080e-01
1.359350129953743158e+00
5.466640351765932770e+00
1.866482504213772264e+00
2.190555760707558974e+00
1.181192172931092577e+00
2.569543468578533663e+00
7.100429820554446714e+00
1.032806603142572888e+00
1.249558491824479756e+00
1.545369717122733411e+00
1.544024061811766657e+00
4.904996882238759071e+00
9.112719987275795575e+00
1.088076068965680987e+00
2.964027964607889754e+00
2.686620473196578818e+00
2.148776272837436885e+00
3.567398930124485279e+00
4.912434807547763960e+00
7.141449503421282152e+00
1.018277588071561190e+01
1.438889989190726526e+00
1.316822796928105888e+00
1.794288812591768201e+00
4.249307919434844649e+00
3.304188775558034585e+00
7.276451559897823884e+00
1.087705525718105859e+00
1.404006325209412598e+00
2.093878614671733196e+00
5.445806733634045216e+00
1.040756759941132481e+00
8.292740721706927109e-01
3.080404739111880508e-01
1.660713752354793682e+00
