2.240284316152411202e-16
3.283655931276694417e-01
4.916661114318003345e-01
0.000000000000000000e+00
6.149604304135383170e-01
6.438043457983453344e-01
6.473090719986506203e-01
8.173805970039178526e-01
9.711075039275898213e-01
9.068843099880055103e-01
8.987805136685246277e-01
9.090044134620728356e-01
1.108365031117996002e+00
1.542148924173922797e+00
1.277936698465968579e+00
1.140151284502791240e+00
1.138500074232506654e+00
1.199760708224284045e+00
1.585247560269126055e+00
1.838290082136501136e+00
2.072394564842898301e+00
1.680518532835922230e+00
1.458406562554779518e+00
1.364332191323500920e+00
1.660234122146003077e+00
2.078986886500193698e+00
1.964788231675753227e+00
2.646346799187257126e+00
2.667738109937917823e+00
2.374742224905793453e+00
2.442684622630803215e+00
1.970847291357372910e+00
2.363792924970736564e+00
3.154681733161450730e+00
2.961535665991203548e+00
2.680452479258191634e+00
2.623652036486048722e+00
3.467062909899746082e+00
3.222130662624408615e+00
3.177532655424037511e+00
2.898187402828088288e+00
