-1.205769370788723873e-16
2.486045114723043070e-01
4.077848151788679987e-01
1.630563828309086525e-16
4.965564373581140556e-01
5.514670311390519331e-01
6.217642186211395083e-01
1.309554270542979237e+00
1.015393439230799721e+00
9.556474866628883458e-01
1.250078011336980932e+00
1.416169675449944876e+00
1.645192449198568330e+00
1.665210782197828809e+00
1.477152558376083169e+00
1.450667880188054593e+00
1.559677547245600815e+00
1.670127984288192868e+00
1.844691158426166711e+00
1.880618285041137261e+00
1.945093523029808091e+00
1.722332732633748975e+00
1.697630240268463986e+00
1.727965855859193045e+00
1.844263313806768778e+00
2.019718489812751816e+00
1.983111492119545627e+00
2.431199391284664557e+00
2.447728254625554545e+00
2.109740564025321952e+00
2.209559951014757662e+00
1.917506772765640966e+00
2.178506520065518259e+00
3.216468956997961648e+00
2.819552074574400713e+00
2.473675277591360633e+00
2.411956297034099084e+00
3.529795673014052948e+00
3.132641013288682608e+00
3.020758099358139770e+00
2.741742346241025974e+00
