-0.000000000000000000e+00
3.504334564434934962e-01
4.440089854223714383e-01
0.000000000000000000e+00
5.699720413348904335e-01
5.567633966057407013e-01
5.334403656218060785e-01
5.978393478346057943e-01
1.029190139247936342e+00
9.095892090235703220e-01
6.842017231719729198e-01
6.895394569198459722e-01
8.868215425663428242e-01
1.546834947980969766e+00
1.339194661873952974e+00
1.065841196806919466e+00
9.010045267475376152e-01
9.569076648209681180e-01
1.267846987370166101e+00
1.947877525905765905e+00
1.921841232710939984e+00
1.480779898283676843e+00
1.191767920123826485e+00
1.093126473484201000e+00
1.318385354745478466e+00
1.702184423136084312e+00
1.595189013157622293e+00
2.593163738357306958e+00
2.697775602821048668e+00
2.031776497338416920e+00
2.163832819522876427e+00
1.565324082954841156e+00
2.066194865353928822e+00
3.552856560987110335e+00
3.252969648970932326e+00
2.785570405998363697e+00
2.678353281279705733e+00
3.966593258284814016e+00
3.573921796301793741e+00
3.476865840886819381e+00
3.174551408202062497e+00
