-0.000000000000000000e+00
3.752288008868671088e-01
6.975962505457690144e-01
0.000000000000000000e+00
9.322986003870646909e-01
9.751608069709613025e-01
9.891663176345077968e-01
1.273867431285464313e+00
1.514454139053545534e+00
1.449787500789921468e+00
1.410874897608049849e+00
1.453932021371022731e+00
1.718916397885029923e+00
2.110060221861980168e+00
1.831144499589187458e+00
1.745983480083250106e+00
1.697032342410210282e+00
1.779125565438080203e+00
2.021809414290321794e+00
2.317549127936367359e+00
2.284743623172102556e+00
2.056919004407559370e+00
1.944383381298694147e+00
1.892665844445405865e+00
2.049279708811080791e+00
2.238792894897312369e+00
2.186512123148523390e+00
2.786432881829228769e+00
2.799616884180741394e+00
2.399370501786196375e+00
2.437852972502524196e+00
2.175961853310007577e+00
2.387637200335293031e+00
3.678828529374406742e+00
3.388371985306774636e+00
2.791104339515522614e+00
2.662383192442126401e+00
4.223505446044811151e+00
3.748691172632157009e+00
3.681663844249376982e+00
3.327262488993655065e+00
