-0.000000000000000000e+00
4.546926158142075014e-01
7.830282968348163397e-01
0.000000000000000000e+00
8.190808847743069609e-01
8.437962685528237472e-01
9.930318816352758926e-01
1.158509618299073729e+00
1.290427956630515238e+00
1.170590653771288014e+00
1.158301962714475497e+00
1.243940775067394977e+00
1.373120932085743151e+00
1.619180216413711459e+00
1.455177703021281355e+00
1.434947956478034525e+00
1.387786557118047659e+00
1.421884818571987674e+00
1.572352744325609564e+00
1.787383065272748706e+00
1.753268354145967045e+00
1.604895114768730702e+00
1.544720661116357530e+00
1.500167301163173539e+00
1.599879251405367908e+00
1.740380787430809484e+00
1.699292537952790560e+00
2.122946057090245642e+00
2.129788359715675927e+00
1.843307965953830951e+00
1.898538040267060412e+00
1.693713134646083196e+00
1.864066778725999685e+00
2.696061074077669151e+00
2.478462713653677429e+00
2.136872286091357154e+00
2.077225872228874337e+00
3.267356847621799343e+00
2.876907924486173052e+00
2.785132617099503882e+00
2.406510833025993001e+00
