-1.879078127128188259e-16
4.660158813852489090e-01
6.379620212265714185e-01
0.000000000000000000e+00
1.038054533942648128e+00
1.057316918511318926e+00
8.212851963275633604e-01
9.692324201824914498e-01
1.480120750925133732e+00
1.405145583040994239e+00
1.276212567340700987e+00
1.201436094606974203e+00
1.364451862742156241e+00
1.894032286085413963e+00
1.690898727187122974e+00
1.525883884043366612e+00
1.426976033438228653e+00
1.448204623610374719e+00
1.669163430508726398e+00
2.042034470626671983e+00
1.990523169425904459e+00
1.780405106295322559e+00
1.615470325153117281e+00
1.553419251945357793e+00
1.700616304470211615e+00
1.899914023892671944e+00
1.845956488523434746e+00
2.325269647552928198e+00
2.300321574211475983e+00
2.049715359947262616e+00
2.087175227105273478e+00
1.838162872576373896e+00
2.046182282003277564e+00
2.850339612413177903e+00
2.596759460949111364e+00
2.291377703926587017e+00
2.234939564520556754e+00
3.154638855989538637e+00
2.878335734944182711e+00
2.810066645936328378e+00
2.515700570997756902e+00
