1.922149462584226587e+00
1.299782690898007464e+00
3.913779703168737356e+00
2.498588705740860672e+00
1.195772927575661004e+00
1.253942969202312296e+00
2.857436297143588266e+00
1.861437276100738059e+00
6.132606339051454025e-01
3.721982429277441717e+00
1.076431141093727506e+00
2.449537632863472147e+00
4.396020295922689947e+00
8.836487700186969052e-01
1.396923689646302424e+00
1.908425705581308529e+00
1.721469950421443684e+00
3.700452628022828261e+00
5.859112692288345414e+00
2.359737093177453726e+00
1.431807296804866292e+00
3.295971094560063541e+00
2.453933752941729551e+00
2.832179429702564644e+00
3.963685723760208557e+00
4.641906289715594269e+00
6.498009369043054484e+00
3.533007166434276147e+00
1.790662964557329095e+00
1.634202780697226132e+00
2.612749299350114907e+00
2.825176419451762122e+00
4.188093568077305484e+00
2.061846813855862770e+00
8.731042520640250881e-01
1.384169547081091967e+00
2.175332782855771363e+00
6.125258320709587867e-01
1.269969706324485692e+00
-1.005756823700463959e-01
1.385870062700836680e+00
