1.016511043680965016e-16
2.960043060870983789e-01
5.622770100163643203e-01
0.000000000000000000e+00
6.789502006087344554e-01
6.760331069974785390e-01
7.971412820799077537e-01
1.188642096072844545e+00
1.127334952542132340e+00
1.059451025806785518e+00
1.164773288187833655e+00
1.310181237389706155e+00
1.457787251198707779e+00
1.584761396560230073e+00
1.384279381592309122e+00
1.378897304116273981e+00
1.438953837051913931e+00
1.498189648888312853e+00
1.625606013927466176e+00
1.885384512610682739e+00
1.799277194834771665e+00
1.602787153087720240e+00
1.560669528176813259e+00
1.554698528955194448e+00
1.640690351173384354e+00
1.763355129925059162e+00
1.728784148162205048e+00
2.314310978954321918e+00
2.216236488893807088e+00
1.879930907284076858e+00
1.918253767726164849e+00
1.714314959477787337e+00
1.876039617682167648e+00
2.837141462107583667e+00
2.614112758796462543e+00
2.202817401646777196e+00
2.111575900951385698e+00
3.086765887408138287e+00
2.881642693235983099e+00
2.824048419227261242e+00
2.527348979492814784e+00
