-0.000000000000000000e+00
3.933420539105864089e-01
5.689063428444766091e-01
0.000000000000000000e+00
7.372793646975627224e-01
7.627975536912858789e-01
7.491240078614475051e-01
9.549770707038313100e-01
1.357811745813802595e+00
1.168401827012869099e+00
1.022201063561829493e+00
1.130479057909970386e+00
1.516085176288002101e+00
1.853249409367289324e+00
1.616482150972884835e+00
1.470584401608885594e+00
1.411035808331041252e+00
1.579224287838101981e+00
1.894801929545953945e+00
2.004132649147207790e+00
2.055461661902251880e+00
1.874389591639277652e+00
1.750536645141110181e+00
1.715285211691642164e+00
1.916473282854018967e+00
2.125572103332971086e+00
2.074539563087999472e+00
2.504582003791239408e+00
2.538405316751306096e+00
2.229854169216880067e+00
2.293782117610090765e+00
2.044742284869161431e+00
2.265030878991216579e+00
3.083017612710833522e+00
2.884646798759537223e+00
2.502261903946110255e+00
2.443738644757026179e+00
3.454484156081584434e+00
3.153797382213356038e+00
3.094842958150446410e+00
2.784193656199003275e+00
