1.231351618738338871e+00
2.338864278096483673e+00
1.456672280587106849e+00
1.907478541758136581e+00
2.417982433605561088e+00
1.310670935755404498e+00
2.242841470314187013e+00
1.366281247388235309e+00
2.051073205718568548e+00
1.672356375403185380e+00
2.129566421687435263e+00
1.828186427723517138e+00
3.089490900762177361e+00
1.452901628896961617e+00
1.369389506719352223e+00
2.135503479188174403e+00
1.877601987276948492e+00
2.702446127934207354e+00
4.411389549176981895e+00
1.728243345048474211e+00
3.350889612348840529e+00
2.055199912529050543e+00
2.009173198118229919e+00
2.372541169934025529e+00
2.950182545191837313e+00
3.664202875510277124e+00
4.101336934747639162e+00
1.050125116157924143e+00
2.621158436613399978e+00
2.498413040651820793e+00
3.066359321006303595e+00
2.567052918024252062e+00
2.115119086906648072e+00
8.083188529142700807e-01
1.145724616107456351e+00
4.407618942284371677e+00
2.078905672095308965e+00
9.617528559324612925e-01
5.822724192785159181e-01
9.552487789497343673e-01
4.783231706943241734e-01
