-0.000000000000000000e+00
2.206189406932447528e-01
5.677066827028659501e-01
0.000000000000000000e+00
5.511183870879020619e-01
6.566325170458574556e-01
7.271255123417087463e-01
9.208311992656593725e-01
1.213464873627579266e+00
1.099061722325280099e+00
9.890675715107791754e-01
9.885354483194543906e-01
1.159461244213485065e+00
2.011579264390665145e+00
1.613280701857268351e+00
1.367427785817080244e+00
1.203001179330964288e+00
1.235139828541655493e+00
1.527105119504824637e+00
2.159600490876145695e+00
2.095361231618040332e+00
1.831459212795535807e+00
1.552127542812067329e+00
1.386585961266283196e+00
1.605440731925317888e+00
1.904046963226130318e+00
1.810050501155055169e+00
2.623998791562986543e+00
2.635323750936640064e+00
2.193848447375677413e+00
2.220497530333911396e+00
1.867576361102981197e+00
2.135248865559949749e+00
3.151877035173926700e+00
2.981122785633330441e+00
2.656845558855751133e+00
2.524848378477562605e+00
3.336458436119356108e+00
3.169817457912041281e+00
3.132135684518234431e+00
2.931561756075330205e+00
