-0.000000000000000000e+00
4.165328786681626871e-01
8.290229397224474495e-01
0.000000000000000000e+00
6.695235447043519361e-01
8.594943781408109773e-01
1.018847521398763778e+00
1.260629547702893039e+00
1.654938582464096530e+00
1.337182777877645279e+00
1.283091322870115736e+00
1.405903236283202462e+00
1.607293741602670911e+00
2.354977715376800340e+00
1.932598961363281909e+00
1.742867821320033261e+00
1.623069371338814459e+00
1.695714358368879626e+00
1.961126398804792892e+00
2.428296999558670066e+00
2.328210582669078210e+00
2.107888601449165566e+00
1.924943006764817000e+00
1.833033942254563398e+00
2.022280059429156118e+00
2.243898212426549410e+00
2.168921082810173928e+00
2.711139063763769119e+00
2.705240905937293494e+00
2.439919040092077385e+00
2.472088806632544600e+00
2.207713812953548960e+00
2.410853805553593965e+00
3.093631495410992471e+00
2.957821329641526109e+00
2.735435510005774340e+00
2.667439997816742014e+00
3.298473769466602867e+00
3.132939749487441361e+00
3.097464169046067806e+00
2.928739724265651212e+00
