1.987707513246265156e+00
1.839471434723895626e+00
2.750448914154701718e+00
1.569190364550877792e+00
1.484950602627309824e+00
3.213487558696418667e+00
2.552685195594731837e+00
2.485598919633510206e+00
4.517300882056953237e-01
1.300919886817685001e+00
1.140439379718153123e+00
2.355163057304834773e+00
3.770164238834655013e+00
1.562856684211736402e-01
3.597896616584200125e+00
1.338409330907376571e+00
2.245203152235395905e+00
3.377178592665469825e+00
4.839407304187209213e+00
1.052049426370800900e+00
1.217987745725218618e+00
2.002856926171149521e+00
1.905710183042130357e+00
2.811955406800136448e+00
3.392925402282789715e+00
3.365481535187556883e+00
4.578184569212747412e+00
5.638350208205409331e+00
1.622515629006881399e+00
2.141390021171308167e+00
2.064775148921833559e+00
2.885121105465482838e+00
2.395915020826677289e+00
1.160911364041106397e+00
6.233071707974089382e-01
1.211053002938366596e+00
1.438300119811749767e+00
1.222592378056931661e+00
8.926516193476026206e-01
2.502323774481923779e-01
2.426133554893718625e+00
