0.000000000000000000e+00
7.383977460046960983e-01
8.728011554028269892e-01
0.000000000000000000e+00
1.184262536669918431e+00
1.213244446010177224e+00
1.172575200334530443e+00
1.276692163643615263e+00
1.519342982973713285e+00
1.420149386401683200e+00
1.403003758784450605e+00
1.476067766543372350e+00
1.600529412392828199e+00
1.889424538561192968e+00
1.630574855085528352e+00
1.544782356060258266e+00
1.558587462773110888e+00
1.646766397804651616e+00
1.809605022626110227e+00
1.982292007636272002e+00
1.956542674179088559e+00
1.738162117329806078e+00
1.677864599965559256e+00
1.697448585708231761e+00
1.816631786209678578e+00
1.992807204310203861e+00
1.948891051870662139e+00
2.562562212025449870e+00
2.506322082745504165e+00
2.122871228130807086e+00
2.188751976942842514e+00
1.907301267210814055e+00
2.144059614934083591e+00
3.155370995250833754e+00
2.886202958106982575e+00
2.477674984460950913e+00
2.393259921380010979e+00
3.405752875308876604e+00
3.161487232392263813e+00
3.099865311703521087e+00
2.786956958980402188e+00
