2.604096726621607516e+00
1.717478840322147482e+00
2.228313832624869040e+00
1.744146362488706137e+00
1.399149784972706811e+00
1.026587180629604745e+00
3.783368979873696691e+00
2.643580816579160775e+00
1.485625370909540832e+00
1.828489060104885544e+00
2.496748893342045861e+00
2.778853688285225054e+00
3.171993338751427860e+00
1.669386033757314536e+00
7.719170098000226465e-01
2.168668834539394297e+00
2.549179924037124234e+00
3.135767041010514511e+00
4.569305240663903867e+00
1.200591782262920848e+00
4.018179313121846619e+00
2.933723402256596557e+00
2.724394049283819008e+00
2.583696566063069078e+00
2.916992533695797807e+00
2.894819402488610471e+00
4.779471347800149594e+00
1.425391866671030350e+00
1.728860413480612257e+00
2.027471329055484883e+00
1.451792762513501867e+00
2.214481884784007981e+00
2.130242796757067403e+00
3.003655771516771988e+00
1.529143881087168477e+00
1.171864186107425709e+00
8.821480029488856234e-01
1.541583678141942859e-01
2.951568206090050550e-01
2.942307236104068080e-01
3.000809410729250448e-01
