2.018068918328539407e+00
2.247874491885647252e+00
2.755206571956062778e+00
9.393041209636433519e-01
2.726597257252490358e+00
1.328143872852880492e+00
1.611320728905717425e+00
2.928494972996661616e+00
1.883951752300656368e+00
1.013293219217097141e+00
1.796774951110418961e+00
3.070744825584251547e+00
4.372949453974895206e+00
1.400490099552578860e+00
8.423933774896535942e-01
2.309064959995839494e+00
3.099462586399421404e+00
3.999341123869239567e+00
6.153311454640681966e+00
2.089397085117405517e+00
1.477057120868408457e+00
2.409628702141679124e+00
3.289235383043938477e+00
3.822642685999751322e+00
4.646922366645085845e+00
4.770184321965601271e+00
6.209024020713637348e+00
2.053279501999310863e+00
4.116783035060054274e+00
2.319463595518376220e+00
2.420960744480261884e+00
3.995075653725027376e+00
3.221547502241492555e+00
1.043832162404811026e+00
5.607772346936855667e-01
8.981792476412814308e-01
1.996206925165176171e+00
7.825852424405315144e-01
1.772996014846772272e+00
1.511320030712297591e-01
1.069130940883337155e+00
