2.890270590122379524e+00
1.006827343522743945e+00
1.782669688117163753e+00
2.127355335388632529e+00
3.346125743876357195e+00
1.326846081500633101e+00
2.179198477560172709e+00
4.473676387410548294e+00
1.027536357041453519e+00
1.071716363011487205e+00
9.585237106505120064e-01
2.590190922990315947e+00
5.032710521766202483e+00
2.984733304546736687e-01
3.477084355922311243e+00
1.376924551687883858e+00
1.810959726561643723e+00
4.014859032483894197e+00
6.795041267558834086e+00
5.011869868470449907e-01
2.349994200411725132e+00
1.972607970834701963e+00
1.630431215745405060e+00
2.858570340240428109e+00
3.710127180437698513e+00
4.657532452300825909e+00
7.095632792206530759e+00
3.137938170366010748e+00
2.589816222894299802e+00
1.790093043675011986e+00
2.751420148018753675e+00
2.628913511007819448e+00
3.710218183942283421e+00
1.046250992292127702e+00
1.035381038648462537e+00
1.720040044525653178e+00
2.082144852796883772e+00
1.007852131027363596e+00
8.655928515909636634e-01
4.936066138940150005e-01
4.252615412770897607e-01
