2.674478812840768920e-16
4.186094425233102267e-01
5.670638086874474348e-01
0.000000000000000000e+00
8.692295122178207434e-01
8.580607260799196778e-01
7.996741979755785934e-01
9.542255753912463057e-01
1.275091077806769002e+00
1.168619736221215399e+00
1.070960222126696948e+00
1.132516887155265994e+00
1.409841766250324646e+00
1.693329290381886842e+00
1.500546067409175732e+00
1.398828542235360795e+00
1.327259611242260773e+00
1.490733174990454879e+00
1.864025278884879455e+00
1.963122195918443502e+00
2.146687769016595748e+00
1.898867231752799478e+00
1.685665211531034435e+00
1.636998602688443549e+00
1.910801426593584651e+00
2.248062635559964662e+00
2.157287571836408180e+00
2.781102869696669533e+00
2.833643715614096337e+00
2.467238563146608499e+00
2.543461576209914643e+00
2.146057486991566510e+00
2.482605983742307121e+00
3.364139137768300536e+00
3.202530683467703199e+00
2.844408529159782262e+00
2.770563915402820321e+00
3.695684049350561384e+00
3.469190694812326559e+00
3.418015422104868861e+00
3.127981929851985310e+00
