-2.688971104975763025e-16
4.276269715372025826e-01
6.376190629879141536e-01
0.000000000000000000e+00
6.220586381105961404e-01
7.494339469150680388e-01
8.758698448439748985e-01
1.049825861208621314e+00
1.150784312623950978e+00
9.823003365742035697e-01
1.028191280704824129e+00
1.172729025197127628e+00
1.379555832584718811e+00
1.671388553942964483e+00
1.317753487665168644e+00
1.184717544243417020e+00
1.227731720763675316e+00
1.394464649188323468e+00
1.599158001813446139e+00
1.762334495394875633e+00
1.755463128678371065e+00
1.439863949140255617e+00
1.373127310652646926e+00
1.436654567691530771e+00
1.592191629146034737e+00
1.811108413502378056e+00
1.762680469941620309e+00
2.376002126235539080e+00
2.355893341358994419e+00
1.965829376511655902e+00
2.035557743444138978e+00
1.696712369177425961e+00
1.993976444979811857e+00
2.924372844416978978e+00
2.702925832638627401e+00
2.304068159678509531e+00
2.230499282430852936e+00
3.287980022964162696e+00
3.016565847707065817e+00
2.948932176046044518e+00
2.588096230954156862e+00
