3.777205790759473942e-18
2.878742738384963418e-01
4.619321365821766334e-01
2.639990136686679777e-16
5.061603379112881163e-01
5.716347674322271866e-01
6.699380503711548362e-01
9.685357455810076344e-01
9.190436658030397554e-01
8.689138995898013640e-01
9.716599305898325767e-01
1.040967500415137081e+00
1.218419117922531880e+00
1.492523377588308886e+00
1.164791199198177640e+00
1.116279163316351131e+00
1.151221049267452612e+00
1.241776681981357155e+00
1.446569075584733799e+00
1.750027232813249345e+00
1.735412780069191419e+00
1.337630180530814616e+00
1.275485976441159464e+00
1.300752750364065236e+00
1.448891343046730729e+00
1.725115859207942970e+00
1.662177891010335085e+00
2.483294432184176337e+00
2.566592817270394011e+00
1.892592432929706137e+00
2.060347234560011120e+00
1.567110108468230845e+00
1.997957663089350744e+00
3.204228883567577402e+00
3.003459677526607141e+00
2.561215038133042299e+00
2.442429546867611823e+00
3.437547834742506137e+00
3.231428201996877192e+00
3.169585468615542467e+00
2.922793811597124591e+00
