-0.000000000000000000e+00
5.393448130767581894e-01
8.321168393112713391e-01
0.000000000000000000e+00
1.182552661406465200e+00
1.178861283873618770e+00
1.178080629851047556e+00
1.376630483029372742e+00
1.456601168241403954e+00
1.418536122073693617e+00
1.445629921066120760e+00
1.512704152383088863e+00
1.684682901607005068e+00
1.826114774023762211e+00
1.644677640901335502e+00
1.610353533565626050e+00
1.666280726146031510e+00
1.753912163377274513e+00
1.996730518216057293e+00
2.096893614571722964e+00
2.211931012993491485e+00
1.959212678981298028e+00
1.869042743148960017e+00
1.852389990598071634e+00
2.028959559284059466e+00
2.264883433220274966e+00
2.202218091424704038e+00
2.749267677336613591e+00
2.786720482415455002e+00
2.411847488446124732e+00
2.498175236072763816e+00
2.175129894334199232e+00
2.453581582903455960e+00
3.521519401434038521e+00
3.259438241337060393e+00
2.809176181852751863e+00
2.739047038130185463e+00
3.842280877811130146e+00
3.561041786053952496e+00
3.491513546232716259e+00
3.161779241166219556e+00
