2.160326854227437643e+00
2.511287453927590452e+00
6.963640634197104662e-01
1.451911533613231331e+00
2.269046798626412453e+00
1.198191260890686616e+00
1.230517787368602844e+00
1.494752354212255829e+00
9.091046122765760185e-01
4.175724393907482401e+00
1.333385300889940339e+00
1.355765138488685517e+00
1.934188608402284792e+00
7.737110919223586514e-01
1.775915989460543631e+00
2.611429269853131618e+00
1.003184116145051874e+00
1.870657295991199787e+00
2.490278036748975410e+00
1.600631490891398556e+00
3.823067175794154782e+00
3.997192912939612430e+00
1.603147245968994383e+00
1.417150844885377792e+00
1.724588258562276932e+00
1.897140458575200750e+00
2.311396843788531719e+00
1.552210212591527583e+00
4.338277653231779496e+00
1.459173125201364218e+00
1.141457567272830875e+00
1.624465014163381182e+00
1.197245251205962147e+00
1.183668014666917623e+00
8.422616180584565626e-01
7.052284873261550624e-01
8.987888647196075054e-01
1.132834680666347182e+00
6.857881530211881183e-01
4.917177777067643918e-01
4.269940340803440870e-01
