2.150236986926949162e-16
3.430055732962202786e-01
5.703375210951954211e-01
0.000000000000000000e+00
6.106801156498276040e-01
6.304818922870447651e-01
6.767065994440381038e-01
8.710682677254437678e-01
1.158295628052091519e+00
9.574568959854306005e-01
8.017025058668439952e-01
9.330229630863068335e-01
1.209858993133769101e+00
1.549848950882252163e+00
1.366108955334220054e+00
1.318318267716184655e+00
1.148440585050768625e+00
1.281652643640789346e+00
1.658772010046766221e+00
1.800274074778300593e+00
1.933437709810368998e+00
1.703689263100794493e+00
1.526268778761770362e+00
1.442473645264609416e+00
1.712084908289951857e+00
2.029675989254378976e+00
1.946330798004002327e+00
2.568399906173068015e+00
2.532935778624712420e+00
2.210292737756403447e+00
2.279131764923431724e+00
1.938836130571503169e+00
2.228690997781759719e+00
3.203129552525854518e+00
2.884049516197979557e+00
2.530835416845302888e+00
2.466292183115635250e+00
3.447693152588858112e+00
3.143962516224760417e+00
3.094283878967124313e+00
2.810200225620527625e+00
