1.393060423578046603e+00
2.471831438126240954e+00
2.488353896128894682e+00
1.652111174251717607e+00
1.637095605044633917e+00
1.289756297756522452e+00
2.375068520570215114e+00
2.654823120452604712e+00
1.425399080819637065e+00
9.902386219917826971e-01
3.350523699495742136e+00
3.653241622939043420e+00
2.991173483623534857e+00
1.028394840499281759e+00
7.958984401562673172e-01
3.036737972895324322e+00
3.746001595054421873e+00
3.905421687753324544e+00
5.608450687518695688e+00
1.905409226644839249e+00
1.415713126801952937e+00
3.098268883983540167e+00
3.768079372006833960e+00
3.885369499564354179e+00
4.837044289439992539e+00
4.736082995567306497e+00
5.747208801187451144e+00
2.233977894392097596e+00
1.837065862171325392e+00
3.305044527271865373e+00
3.102625881114889239e+00
4.367503550517414901e+00
2.964694735621785870e+00
1.668203042816205128e+00
1.334341004646833584e+00
2.121778994084366321e+00
1.761224634934903222e+00
5.123489916199825966e-01
6.338107508240972132e-01
6.584766066797727024e-01
4.728249807374560465e-01
