1.846174362427049243e+00
3.423883439250880567e+00
8.833263059038320986e-01
1.157678680189712539e+00
6.979449409582896280e-01
1.542295202799877307e+00
1.658631008317587252e+00
3.390944003780702598e+00
1.033848877382418152e+00
2.766058864645977611e+00
2.166912026528048596e+00
3.290658182435460155e+00
4.211557839092175293e+00
2.783405245190396116e+00
6.755108689565124669e-01
1.541601351039724621e+00
2.559178429680286637e+00
4.249351998589642854e+00
6.956103519193585605e+00
7.064988762713073633e-01
1.873282594333532725e+00
2.395478133036311075e+00
2.992821425901837085e+00
3.809949918667761448e+00
4.685772027250969529e+00
5.524075702315002445e+00
6.738331486828553096e+00
3.149770128759899368e+00
1.307430617335746392e+00
3.340243133322788882e+00
4.130070059918911518e+00
3.832716773644339714e+00
3.425070798526286264e+00
6.742362998456989942e-01
1.382043214007695919e+00
3.258459197314883315e+00
2.253624436581314949e+00
9.322730697092114216e-01
8.702715954779559615e-01
1.153834070739428175e-01
1.398414589467117830e+00
