2.309623436526176180e-16
3.329985632040181609e-01
6.125365794350403625e-01
0.000000000000000000e+00
5.990380355005507917e-01
6.962091797816071237e-01
7.676265453360910929e-01
8.774440884018800402e-01
1.179253099154190521e+00
9.895290219994417047e-01
9.413104241660384952e-01
9.751385868339976781e-01
1.176825025684669512e+00
1.823517750366810519e+00
1.513352714259742049e+00
1.156448607509347415e+00
1.101343504134064233e+00
1.240961541564775228e+00
1.692619917506966498e+00
2.279836387368459061e+00
2.441630016882520682e+00
1.684480502405444557e+00
1.396050901220252216e+00
1.374238167768359942e+00
1.749217041231278413e+00
2.391490691810451263e+00
2.227580782221370459e+00
3.479669505643700589e+00
3.451850909014544833e+00
2.886735895375570848e+00
3.045482547337116319e+00
2.144240759229596893e+00
2.929407175926955098e+00
4.202973736141805361e+00
3.873537330090451647e+00
3.485251065523354175e+00
3.403072603474846414e+00
4.447895132486206826e+00
4.151834757464446746e+00
4.079587279767144636e+00
3.794570205534028684e+00
