1.420944066240114566e-16
4.009364884811990049e-01
7.858224330968904825e-01
0.000000000000000000e+00
8.088461145610370551e-01
8.601866037863472592e-01
9.626043863769323528e-01
1.163302618658296650e+00
1.253911351243852224e+00
1.188332271255298611e+00
1.162163707319129324e+00
1.223202519754153617e+00
1.353896737074008039e+00
1.580807707561698416e+00
1.437870894329098537e+00
1.370307577285155176e+00
1.319591466386525802e+00
1.379644116841325152e+00
1.545266276084116264e+00
1.752045761718603378e+00
1.816404621532694996e+00
1.592540217395382873e+00
1.462521626101021655e+00
1.440293405215646860e+00
1.569394097533832078e+00
1.779408450450852941e+00
1.718820288625320325e+00
2.406343194706709099e+00
2.311244227058955047e+00
2.004007006241792954e+00
2.029917175821784436e+00
1.716735955269690361e+00
1.956408660815563749e+00
2.910375233420912977e+00
2.631159579476924026e+00
2.293403945851812509e+00
2.222004000146042824e+00
3.268886440921877856e+00
2.990332905223052506e+00
2.931403440416029405e+00
2.530559479008212431e+00
