-0.000000000000000000e+00
3.345247752094028248e-01
6.292591726150643661e-01
0.000000000000000000e+00
6.743784284808523877e-01
7.718971065530247921e-01
8.725800891762658384e-01
1.136302725869207109e+00
1.290856538212636906e+00
1.124018843859397210e+00
1.192877868315167067e+00
1.323024409659144807e+00
1.521175717271200600e+00
2.042223708418452688e+00
1.630942381469045799e+00
1.436408034938198686e+00
1.462412780983717964e+00
1.579717240963143476e+00
1.826415011499795238e+00
2.291036693678789149e+00
2.197791108950722272e+00
1.831464350289212728e+00
1.673158047927277625e+00
1.666466480715436127e+00
1.850416841558877090e+00
2.115479771653191676e+00
2.046144644412267510e+00
2.802013550713887469e+00
2.708787536011445063e+00
2.331553660165997410e+00
2.386922226104617906e+00
2.017765242629241840e+00
2.325656345074255782e+00
3.296346402341758797e+00
3.031559298648789813e+00
2.684161945563978691e+00
2.604175681764656414e+00
3.608690695946242144e+00
3.288741501710966020e+00
3.233184391898865417e+00
2.963673285004285063e+00
