4.048139933694838710e+00
1.257961829945200449e+00
9.610760793201186258e-01
1.298285119203624660e+00
1.306944336956470387e+00
4.308146451433092494e+00
2.853567200784603575e+00
2.351066175734479735e+00
1.938449067473990262e+00
7.594182306052261744e-01
2.160018705545207141e+00
2.049555448767528265e+00
2.907426045622284683e+00
8.511896871193270764e-01
6.041743873696309164e-01
2.985941426789342490e+00
2.815005894392377694e+00
2.534116290111800840e+00
3.678271917512280442e+00
1.587471485991168718e+00
3.272252078618083537e+00
5.003334747194826626e+00
2.407579128289460524e+00
2.279896805917140057e+00
2.330521288464537211e+00
2.488205702118139406e+00
3.699166682402625472e+00
1.595917030187828933e+00
2.612810285935517562e+00
2.455868772322270299e+00
1.435930625462461085e+00
2.248230275286321689e+00
2.166284191141785165e+00
1.012190434553166041e+00
1.001995088496063557e+00
1.270755786525229247e+00
2.320757563258761813e+00
8.508953797585173673e-01
7.994547588244584890e-01
1.184699738497012822e+00
1.958837188503110172e+00
