2.172736681682461590e+00
2.107374938213180560e+00
1.559146716222750362e+00
2.004902183674181604e+00
1.484099199805972713e+00
1.745894606445908215e+00
2.612958144417321993e+00
2.137116994899563860e+00
1.268115729631581257e+00
1.751384274522256757e+00
1.904073368313320191e+00
2.724122818278928104e+00
2.950915167796089200e+00
8.977834786343986684e-01
1.949232020068933258e+00
2.211864840782913788e+00
2.449132720216910641e+00
3.228856090489731212e+00
4.800708635508518007e+00
1.633695017656277670e+00
1.663903398057737792e+00
2.464752418478453500e+00
2.305886302142086564e+00
2.744904734087948217e+00
3.564034514413034760e+00
3.688455643713916654e+00
4.724969618856468934e+00
3.312425439802600291e+00
2.353594717008318682e+00
2.108550366396404918e+00
2.321998520552010170e+00
2.956270444875034986e+00
2.113116940247576458e+00
1.221047827719909717e+00
1.701482286819740342e+00
1.862811280785291679e+00
9.567521895690039857e-01
3.136954119588888368e-01
4.944890465799033907e-01
5.319988550388505821e-01
3.928490663585545994e-01
