1.065961808656989973e+00
3.370772778354802046e+00
1.943026309369341842e+00
1.084434595322870232e+00
1.035479036380180684e+00
9.895734121423301888e-01
2.047919269708926571e+00
2.386394619085387525e+00
6.450093022012656219e-01
3.541262752700363059e+00
1.832488224915016728e+00
2.424339273951711338e+00
3.970357349447992679e+00
8.811061379001560168e-01
1.158195750231877597e+00
1.791178331707949045e+00
2.368668894097650135e+00
3.745835668084628090e+00
5.554584818006987668e+00
2.374903540927213452e+00
1.040029905493228712e+00
2.241025350982849940e+00
3.577288220259555285e+00
3.578579737583820197e+00
4.541570359406415847e+00
4.893502961154847064e+00
4.798489012414028920e+00
1.694231794747463438e+00
1.500178389612517371e+00
5.446268217210111118e+00
4.132187044341198323e+00
5.210223044364506784e+00
2.531743039720638411e+00
1.896136133881922259e+00
1.565121004128228632e+00
2.600039059270324859e+00
1.720741619581703796e+00
9.643737783474641556e-02
8.156693741115512708e-01
2.403505989321256808e-01
4.796992150733995208e-01
