-0.000000000000000000e+00
4.252150642181985463e-01
7.161646719799694694e-01
0.000000000000000000e+00
8.760368174484599590e-01
8.952971614049267668e-01
9.553089902182406723e-01
1.094479585644942521e+00
1.179460773988291189e+00
1.122007670064628426e+00
1.141214519657857807e+00
1.177923385526597588e+00
1.285552563172052576e+00
1.636546957789169143e+00
1.342970352305517201e+00
1.270657370054757873e+00
1.271868145163578045e+00
1.313553077564070914e+00
1.424470651513281894e+00
1.640085020344591138e+00
1.575208569972569084e+00
1.420499954112664609e+00
1.370639993721821659e+00
1.360251948535701860e+00
1.436899548869889243e+00
1.543809602287480987e+00
1.515642362935741838e+00
1.870657220468384008e+00
1.848247555579600299e+00
1.640792402765723690e+00
1.663138602233741326e+00
1.504371599491928002e+00
1.635975631594593471e+00
2.298040616604938524e+00
2.101743015945687798e+00
1.838480164266494299e+00
1.785371014625511732e+00
2.760527821884780852e+00
2.403955329940121288e+00
2.343157975695115969e+00
2.051353701370908666e+00
