2.215480244440971802e+00
1.128039258043245896e+00
2.265705927603958614e+00
1.495006227801928489e+00
4.400248328760033800e+00
1.051384777858527020e+00
1.517731065067712715e+00
1.305534962668659649e+00
1.495253930277704368e+00
6.148033237840666576e-01
5.254291890738787885e+00
1.716282335507623547e+00
2.193907210277695530e+00
1.954468092693922632e+00
1.339349498466666288e+00
3.118449541586425955e+00
2.569548761129638592e+00
2.591477340562151177e+00
3.911834733641769368e+00
9.859154950173607546e-01
2.960311862656685111e+00
2.093883040599401113e+00
2.808629270459705118e+00
2.460922299422375836e+00
3.082853269742178881e+00
3.042545995611578125e+00
4.341889305126025000e+00
7.030944558615438433e-01
3.953082866894269021e+00
2.544478910832693508e+00
1.723157955745713288e+00
2.399100817405976027e+00
1.951072655017851876e+00
1.207061012663695365e+00
1.328171545113382201e+00
2.008816128751042207e+00
1.226482404669856807e+00
7.867342203162723813e-01
4.071654325636857030e-01
5.802879446281481446e-01
4.211379992978914744e-01
