1.942932337514375218e+00
2.511688017860238098e+00
1.564511187339148179e+00
1.238530522601564821e+00
2.295320325795424665e+00
1.051371563782202090e+00
1.900870506091946854e+00
3.974477272424929541e+00
1.243499618415170094e+00
2.001074737915505608e+00
1.132119101722963928e+00
2.948032330292943648e+00
6.136425341258918920e+00
2.598208475969276954e-01
2.442835989836104726e+00
1.296013840726942812e+00
1.771581233992237436e+00
4.835249641245433772e+00
9.038582755843400207e+00
1.409211884337169041e+00
2.163528741201503180e+00
1.580027892064083117e+00
1.998751500111043633e+00
3.842671361838272848e+00
5.373624626124516190e+00
7.661528222944234301e+00
9.991315011071314700e+00
1.420778107062508511e+00
1.059664892693412908e+00
2.255349932529103096e+00
5.262132403563035687e+00
3.787872785317081270e+00
6.811553561815463453e+00
1.548055630562731100e+00
1.559280347366125419e+00
2.634258840997880657e+00
5.610086292017973264e+00
3.377705256232876874e-01
4.539029251180963231e-01
4.977439090469260585e-01
1.790963073654208593e+00
