-0.000000000000000000e+00
2.497002603976274937e-01
5.364279751293570264e-01
0.000000000000000000e+00
5.156864564324863398e-01
4.823861814511415380e-01
6.452110631223955117e-01
8.226562306512424927e-01
9.509306901189594763e-01
9.043001766161489208e-01
8.505521452491047185e-01
8.822844844801405184e-01
9.752059066023185396e-01
1.343119289190259691e+00
1.191547195686857741e+00
1.061270918178891298e+00
9.930402172900518742e-01
1.016220206318108721e+00
1.167064434927347794e+00
1.851403225102855599e+00
1.669928096228002534e+00
1.296345989520743647e+00
1.133235935833553087e+00
1.082626718283820066e+00
1.197587197121508851e+00
1.427100081085014516e+00
1.360834656900902884e+00
2.360253627812892052e+00
2.321544395688635021e+00
1.680671619704970032e+00
1.753760363264234456e+00
1.342933921185150536e+00
1.670301326246378171e+00
2.963452488169764809e+00
2.706270743341008700e+00
2.308617722521708160e+00
2.183393129393068399e+00
3.176735005786655464e+00
2.946914930820687228e+00
2.887960256831883843e+00
2.631024353388949688e+00
