2.372623357869619642e+00
1.646990695896696222e+00
1.768243187259057381e+00
1.902088578019051734e+00
1.742114989392709257e+00
1.399118420777041516e+00
4.173528512499789400e+00
1.836427566443082693e+00
1.271713331027935823e+00
1.704933816544751846e+00
1.695171722859715402e+00
2.372922433106874340e+00
4.707309785476774699e+00
1.731527484599372890e+00
1.471258931530432079e+00
1.552108313918468374e+00
2.283387910118630515e+00
3.852420359279514983e+00
6.019959703090321135e+00
8.472318976850216066e-01
2.862625778154020750e+00
2.300126588812281270e+00
2.228208917278832857e+00
3.200440134322259933e+00
3.809686486534371141e+00
4.690151403814299513e+00
5.979071854375610506e+00
3.179519056234940244e+00
1.609991630608492263e+00
2.112961799413960229e+00
3.107592575456615602e+00
3.059297937228095510e+00
3.313627440299337312e+00
1.225278740568553015e+00
1.300006144679314524e+00
1.831239409745821334e+00
2.885575817966449463e+00
1.063828600406700797e+00
5.453175136001071621e-01
2.402254196191180580e-01
6.321950920731177481e-01
