1.761262670287416565e+00
1.725651752623421187e+00
2.674893619183282389e+00
2.055075124440338463e+00
1.683609503886463132e+00
1.540236129363402595e+00
3.930980847948151613e+00
2.443083668537676001e+00
1.407023512645874996e+00
1.172519848688846400e+00
1.628601454487886624e+00
3.731129667858914090e+00
4.140400964974501719e+00
6.527692603302357455e-01
6.341493675556332255e-01
3.078275119733084431e+00
2.943965650184434235e+00
4.247788584706190917e+00
6.225205171825953343e+00
2.762755615288893907e+00
2.915535897618541039e+00
3.023779593187836845e+00
2.573045014305118006e+00
3.378954694675366799e+00
4.012906403450727133e+00
4.399360069711235610e+00
6.711621065134183439e+00
1.546491749435892293e+00
1.480508477119376165e+00
1.866741159897605806e+00
2.270847357719453008e+00
2.729706641762107200e+00
3.321916292937959092e+00
3.129166502271435668e+00
4.488832234180881176e-01
1.864533305427624521e+00
1.796312329681232667e+00
8.271678275563276728e-01
1.116064036530101999e+00
3.344939013706036413e-01
9.912755588601614987e-01
