2.568520184854115929e+00
2.004933505816208772e+00
1.509788720217473124e+00
1.810958745208812726e+00
8.655980284599594787e-01
2.641601385227726251e+00
2.134651010654123215e+00
4.245446629528432325e+00
4.734373823966774864e-01
9.130582390895595202e-01
5.205973260438998551e+00
3.366696694765817899e+00
3.823983871515033162e+00
9.715069672639710108e-01
2.327397075210269950e+00
2.007944057139287697e+00
2.898158924426015304e+00
4.717527311814335711e+00
8.460668526960759550e+00
5.602673386845069547e-01
1.576695215177608134e+00
1.840014969979726800e+00
2.490959747762070631e+00
3.479790656156643625e+00
4.974952147529270619e+00
5.810500451393245669e+00
1.048571320207394031e+01
1.978716027287426460e+00
3.131626804926247676e+00
1.950809374510130700e+00
2.983723857552325054e+00
3.008492804078759963e+00
5.098437097396836037e+00
7.492250316404226451e-01
1.085350298028217475e+00
2.274489197031689613e+00
2.532407734826865653e+00
1.240447649199735158e+00
4.862319764775979158e-01
3.808959172864467835e-01
1.399230013302818820e+00
