2.697510674902363625e+00
1.018296266094802727e+00
3.459446311195283119e+00
2.373422777999357969e+00
1.935312157156008128e+00
1.382044860937982511e+00
1.861526224062822310e+00
4.487724993479823787e+00
1.244309213120647684e+00
2.379917419542550316e+00
1.429497264874128870e+00
2.024140557376705729e+00
4.739202702898314357e+00
1.637796219650073715e+00
1.231292144581898951e+00
2.283932277789872511e+00
1.350682225601404163e+00
3.233925575690910659e+00
6.707995164824772871e+00
3.118560025244677014e+00
2.004101739393664872e+00
1.868733638955857534e+00
1.551673704097822570e+00
1.900546130952830648e+00
3.198001180686655509e+00
4.456857839807993216e+00
8.362700306484656565e+00
1.851262852392922653e+00
2.176068068869566385e+00
1.619185171907697507e+00
2.417224566285527843e+00
2.037950410720299921e+00
4.894771256920741109e+00
7.658389537692273930e-01
2.261416130427451598e+00
2.222519923032794331e+00
3.442647153010550021e+00
9.018475683880659011e-01
3.412884435623327051e-02
-2.751319950057606878e-01
6.660508197765049321e-01
