2.283936872905601323e+00
2.360381310058349946e+00
1.028120863807772789e+00
1.621256473597214587e+00
7.509746530173851964e-01
3.509202573179759366e+00
1.275936541823653236e+00
1.340049985762588047e+00
1.032532695062467365e+00
1.376170168289907236e+00
6.431703862379973380e+00
2.254995026749610165e+00
2.415843879456198273e+00
1.410200793052241330e+00
1.049190782719669368e+00
2.448812986988985418e+00
5.069325392993189183e+00
3.665318409661735277e+00
5.448622435263771102e+00
9.965667969709178786e-01
1.692143438315696580e+00
2.001001277114252463e+00
4.671617508420132125e+00
4.569069251559445988e+00
5.454055960285466575e+00
5.434850016743344447e+00
5.784311930109742761e+00
2.596152236259829049e+00
1.839359278172693957e+00
3.412561091476748576e+00
3.811323866796559656e+00
4.978148187595031082e+00
3.111121179485117239e+00
1.498159052319482987e+00
7.198274963019045680e-01
2.435793593736800933e+00
2.405365671764112534e+00
5.625301147901956567e-01
1.048832300355696967e+00
2.089152189069162002e+00
5.426273350742603085e-01
