3.193994016191910923e+00
7.680206047094305655e-01
2.278219371863372089e+00
2.250116224283270405e+00
1.890586451592269679e+00
2.263061320216561700e+00
2.843742852223467121e+00
4.330944295743538675e+00
8.256374976002904820e-01
1.875198933855955596e+00
1.519837978547110779e+00
3.173681358594904633e+00
5.058366839487547395e+00
5.468492327184332202e-01
1.838680473234453272e+00
1.575956300963375023e+00
2.217860787866200667e+00
4.503790153468924196e+00
7.821464411501138692e+00
1.427378622306642919e+00
2.465443991764234788e+00
2.268883557316643707e+00
2.259618336272507300e+00
3.480552004257968957e+00
4.519691519365645505e+00
5.573221277448086042e+00
8.599881114690960615e+00
1.701496546173387747e+00
1.404667304894094304e+00
2.261652443617618413e+00
3.477043958645463118e+00
3.201205375808010789e+00
4.823729258688056021e+00
1.001504747339941659e+00
2.294962669838450875e+00
2.101067203443653497e+00
2.632994956710275058e+00
3.753578621113810021e-01
2.219417326441687488e-01
-2.407787363045644224e-01
1.471402217078941588e+00
