2.385578668097796395e+00
9.848472944316148947e-01
3.504171696287130100e+00
2.530610356521059590e+00
1.849474903250243552e+00
1.945408859005542279e+00
2.436923349244375370e+00
2.707353563737661784e+00
9.413180067825933639e-01
1.814898028347406544e+00
1.619595246834996560e+00
2.668604005030490445e+00
3.857745668666122008e+00
1.153465201414267227e+00
9.343886945471991945e-01
2.605345994184467884e+00
2.373830882560637345e+00
3.411795035451329117e+00
4.959828979114572434e+00
2.889579281053407112e+00
2.468174853556728277e+00
2.254738935690520307e+00
2.469052467986141863e+00
2.862465640936614264e+00
3.419160293596824385e+00
3.445090017667397753e+00
4.478742979232655408e+00
1.778659918723828337e+00
1.920102048985184995e+00
3.108369289754895792e+00
2.289955649942114313e+00
2.945705312787781249e+00
2.028678548950006100e+00
2.020517861218891653e+00
7.368998954386896116e-01
2.025252261831264722e+00
1.659274837900002186e+00
9.537572482660000572e-01
5.639688974201412242e-01
3.923219744016376298e-01
2.141187273746933961e+00
