1.005431995891289843e+00
3.302130612322734304e+00
1.102331553138241382e+00
1.219998074811649458e+00
1.551754737443328036e+00
1.890323458474928220e+00
1.920371052267829448e+00
1.833581232078864698e+00
8.914797309700949191e-01
1.383891513090770298e+00
4.254975967857670405e+00
4.385062835812105320e+00
3.149946893100921574e+00
1.760530582633487384e+00
9.876530439264328276e-01
1.457443910198744419e+00
5.424089476876239324e+00
5.328045868826842835e+00
7.707840016813205075e+00
8.011915213458175034e-01
1.593757985844860281e+00
1.758819013744640225e+00
4.669999818422573945e+00
6.420251869502441977e+00
7.382497061531315907e+00
7.618888752705462508e+00
7.700610889138370219e+00
1.340057538788091751e+00
1.440473383593935397e+00
3.486016143187145921e+00
5.439254079520502216e+00
6.093353262006477422e+00
3.944296711689442514e+00
1.026876815511089447e+00
1.340895164508018489e+00
3.240285191515480001e+00
2.026649824564836777e+00
1.203623760798132825e+00
7.488873863174616563e-01
-5.918542655834362065e-02
2.100294755955403492e+00
