1.277382740754602342e+00
1.528719207395994539e+00
3.407819343417815006e+00
2.488675401583021696e+00
2.540066532555179890e+00
1.324001049161773302e+00
1.677462977879700556e+00
2.268498572963238757e+00
8.041089242438409501e-01
1.783005592972300546e+00
2.636230381856687011e+00
2.453013922107906808e+00
3.011391917899042703e+00
1.700821672787001582e+00
1.285120699580578618e+00
2.347407594459287150e+00
2.651280601884725030e+00
2.960654216895313606e+00
4.113980694760138945e+00
1.591217373897207743e+00
2.112618474361335430e+00
2.563667172258322857e+00
3.191213806936181729e+00
2.919918695813682685e+00
3.444856129327930727e+00
2.897321687203409102e+00
3.771757887206625526e+00
1.522487262689945720e+00
3.041891249015594489e+00
4.326175504311561504e+00
1.665860911265311772e+00
3.579282452652075897e+00
1.790961769181737884e+00
1.727686654145994538e+00
3.259049039845300366e-01
1.167458973662210076e+00
1.404514949636905596e+00
1.151042022983267854e+00
1.531517580342242280e+00
2.125782012499595197e-01
1.904102306974170711e+00
