4.218700202743264072e+00
1.071165463554096364e+00
2.730350488709134993e+00
7.136231476538584806e-01
3.026631625151150029e+00
1.062163227459613335e+00
1.526299387628810900e+00
6.189162943258403438e+00
7.881991288854123257e-01
1.664287319557831824e+00
1.770884099859571847e+00
2.757421150292740375e+00
4.532757267890682229e+00
1.368760652740136807e+00
1.434540955594301170e+00
2.223357617328016289e+00
2.180590540687147083e+00
4.223188006081766588e+00
6.587803700850237476e+00
1.306211262823050001e+00
1.961504033069016772e+00
2.437713863974733108e+00
2.633042647042327378e+00
3.098609272995254127e+00
4.142850072613068590e+00
4.491106479988328459e+00
6.660564250913102669e+00
1.407605920402611677e+00
2.599997670837222330e+00
3.409793698523225558e+00
2.793114885969347316e+00
3.483187224691576933e+00
3.181574657257884908e+00
6.625652549988210183e-01
1.142607238741631059e+00
2.927293601071261353e+00
2.205967816508230595e+00
1.209163188058746785e+00
9.551289833734862844e-01
7.229881097800472389e-02
1.531311249676046149e+00
