1.211324710782427763e-16
3.666642935659296665e-01
7.000574994096032677e-01
0.000000000000000000e+00
1.008054080219420445e+00
8.838640023025170489e-01
9.690068258786719291e-01
1.287262074413395574e+00
1.492700835053535569e+00
1.393029919955115048e+00
1.250886863902717527e+00
1.391445785595684992e+00
1.619134714817186627e+00
1.796107754320197092e+00
1.722924768048860855e+00
1.727702994304420203e+00
1.636169509076818906e+00
1.684059027965076227e+00
1.914240461697575446e+00
2.059140038140920836e+00
2.076792583837069550e+00
1.956561340772436930e+00
1.895685976669945649e+00
1.806520951799052366e+00
1.948401311578531914e+00
2.124514443668146235e+00
2.079497595081067907e+00
2.489928061645756419e+00
2.471379764419379121e+00
2.208662197320830689e+00
2.285783193293975391e+00
2.062849205940601394e+00
2.258537816125913089e+00
3.093692833882028204e+00
2.815142845952645079e+00
2.503728645985677126e+00
2.448961921195102587e+00
3.292579204657338110e+00
3.063257718777367522e+00
2.990555205673224304e+00
2.738852059597411071e+00
