1.673185054937174954e+00
1.542388007722228949e+00
4.065784556285025886e+00
1.037445424052957366e+00
4.014082161469247012e+00
6.223848991626538263e-01
9.308986293650078903e-01
2.648785271784109607e+00
1.675236021365182904e+00
9.368014534470121557e-01
3.102164494195827071e+00
2.304865715179343244e+00
2.684665820599286601e+00
1.183121435818740741e+00
1.536114800690639992e+00
3.133150150491594399e+00
2.422636600366913306e+00
2.577209655945040367e+00
3.707639744986333863e+00
1.023745728252010379e+00
2.399880401447652467e+00
3.484195925812430872e+00
3.201963530009836578e+00
2.415112817397889078e+00
3.028298688607116151e+00
3.007771010780915244e+00
3.751930512560169184e+00
2.338398187137986639e+00
1.709483799838387608e+00
3.322002366723435518e+00
1.994056900996767689e+00
3.335184269253518963e+00
2.021187663636677012e+00
2.771136618884330272e+00
3.297289756199016098e-01
2.018021167634875823e+00
1.930799987461806477e+00
5.130008095463420847e-01
1.187941244666242957e+00
1.393886380693121430e+00
8.940810439061678272e-01
