2.525600642883728609e-16
3.527603166682580227e-01
5.985353146363247001e-01
0.000000000000000000e+00
6.188853092803786593e-01
6.723097272277362979e-01
7.802075450767700371e-01
1.005529021797989309e+00
1.197385171750700916e+00
1.008123549806434038e+00
1.051033215915148533e+00
1.158122125895582943e+00
1.302761812054859858e+00
1.867510399727699166e+00
1.479186174863702297e+00
1.291510210999279318e+00
1.285472219768502455e+00
1.353749486366114807e+00
1.525469938395690006e+00
2.141033031333070102e+00
1.934180786141995956e+00
1.548182719969225962e+00
1.436369777869304087e+00
1.421508039300964921e+00
1.545764759333736471e+00
1.773730926481304815e+00
1.710178765715156590e+00
2.876525938175284125e+00
2.768721226303898941e+00
2.024173551261976289e+00
2.113644452822496245e+00
1.672725631852002515e+00
2.026516455588535326e+00
3.406692725912927155e+00
3.159186901400373504e+00
2.777553277772294660e+00
2.681026745936395006e+00
3.631788675597057647e+00
3.408230040307358433e+00
3.318099684134339533e+00
3.083333426296466673e+00
