4.107415893204176828e-16
6.074906958594398221e-01
1.002629324168875069e+00
0.000000000000000000e+00
1.183816018411975479e+00
1.187793835972162038e+00
1.296475624480482480e+00
1.575573977677912740e+00
1.802094328327314976e+00
1.632116288977871754e+00
1.578876410216458304e+00
1.690283372768211390e+00
1.893119920225835306e+00
2.242256045872604187e+00
2.045190264958399506e+00
1.934523475833836104e+00
1.861248056871372958e+00
1.943034549529899957e+00
2.183696321675702379e+00
2.439097048597749229e+00
2.456998876951908439e+00
2.255217842672117001e+00
2.092920117139679181e+00
2.041711724781180681e+00
2.211651912989614832e+00
2.456296082854242169e+00
2.393975319251576472e+00
2.967758346492160637e+00
2.941596797908044181e+00
2.622921096339632108e+00
2.690008868193086489e+00
2.369195934919395174e+00
2.642644868960945637e+00
3.641971090995072213e+00
3.289632918896125524e+00
2.951240371739615398e+00
2.889343365287059040e+00
3.961052082639904715e+00
3.614977209311676543e+00
3.521078999815533184e+00
3.204062940285351324e+00
