1.077126547187261658e-16
3.251841083229529139e-01
5.605074030249747041e-01
0.000000000000000000e+00
7.667830233687698005e-01
8.844042827591735989e-01
9.646942176486454912e-01
1.320002730795186485e+00
1.364366388773448513e+00
1.292623863016444385e+00
1.373553923423362466e+00
1.485450280999043970e+00
1.740306410981567575e+00
2.183351674387397079e+00
1.855586071662706837e+00
1.648119213707990749e+00
1.678173324299985225e+00
1.825116840856271239e+00
2.182464775691702386e+00
2.393825320944052759e+00
2.509296676295549311e+00
2.218464738942873105e+00
2.007172217417915405e+00
1.966301778868949413e+00
2.242839251539368473e+00
2.564964514591805411e+00
2.471132608859641699e+00
3.042585068355466049e+00
3.077943547979029137e+00
2.751790617266814287e+00
2.838913866616400217e+00
2.486754870209532342e+00
2.788857858258381839e+00
3.831555486234989427e+00
3.572265568321764118e+00
3.115953047535501064e+00
3.057358925485839762e+00
4.283948510133660292e+00
3.967518006430220012e+00
3.887377262425371072e+00
3.461335636684697903e+00
