1.754899721280918090e+00
2.533159065366199503e+00
1.478669065006067873e+00
1.766773306156135037e+00
6.161491572221733382e-01
1.426786209502219016e+00
4.301165472524051125e+00
1.915020322296681288e+00
2.445332011993425425e+00
1.642382256117751682e+00
2.311204783299956045e+00
3.144768930569646237e+00
4.765530371841999902e+00
9.887724565270958887e-01
7.147462292700141884e-01
1.105032917137314996e+00
2.661918113824733201e+00
4.472517300556832609e+00
6.929545382008209131e+00
1.549159496334084007e+00
2.770667727177427597e+00
2.317237241597047248e+00
2.864819932998247776e+00
3.780053919883698210e+00
4.379087176267452364e+00
4.811291530818841089e+00
7.181569456786535355e+00
4.606315384873041485e-01
3.992838453776853758e+00
2.360028936440516034e+00
2.452570903825840087e+00
3.233094854580809141e+00
3.210038720912327115e+00
8.794515664464866989e-01
1.397718453143895756e+00
1.507728202320083977e+00
1.613908328897248667e+00
5.187276039179903320e-01
8.573913010316640548e-01
1.137124519990447419e-01
1.043293921617314934e+00
