1.877796029330948135e+00
2.702733210340773962e+00
1.197167544814880191e+00
1.342395250900504156e+00
7.429866758794488879e-01
2.110071405654143195e+00
2.532048275495695222e+00
2.557916806186103287e+00
8.560199119220245345e-01
3.823144292490395113e+00
1.209026721956343087e+00
1.991195379439744562e+00
5.639074401750860055e+00
6.751224352271074647e-01
1.412781297028863570e+00
1.246441821273832629e+00
1.342966725863316446e+00
3.761249706210385568e+00
8.003847474897856529e+00
2.844294712525718527e+00
2.226912753195775529e+00
1.779941214029668206e+00
1.709912074743301647e+00
2.823883774700510774e+00
4.016418713732337942e+00
6.464233254165122844e+00
9.374563959226000165e+00
1.498712208295633896e+00
1.700789817219994671e+00
1.585968993174198705e+00
4.137270274209170928e+00
2.697451443612404631e+00
6.343376776026138586e+00
2.067311683935842748e+00
1.238286375106896653e+00
2.588043422466631327e+00
6.344394578519923833e+00
4.231814106208632853e-01
4.111872721969550559e-01
5.302077062851570100e-01
7.931076594889604481e-01
