-2.983729314049896414e-16
4.304719693793968571e-01
7.054381485772078797e-01
0.000000000000000000e+00
6.749822521739714531e-01
7.245713560533897368e-01
7.836048074060385504e-01
8.705895232639856429e-01
1.128623464680323485e+00
9.934507848781926054e-01
9.054247272646261946e-01
9.095419580567519757e-01
9.972172772413817610e-01
1.593930449894473744e+00
1.382635329857820672e+00
1.227199233650918986e+00
1.049381496375180634e+00
1.061184034255293618e+00
1.320691588091992941e+00
1.816777570251990825e+00
1.870697025035264360e+00
1.594034252163091026e+00
1.344102058179323711e+00
1.194131800857867187e+00
1.410897276427179658e+00
1.725006466569543262e+00
1.620346844489903182e+00
2.318906505640492277e+00
2.302984581309092338e+00
2.016241834376167663e+00
2.049965623769181011e+00
1.699205628122341771e+00
1.967701091699493476e+00
2.821258602416095052e+00
2.603119474146393220e+00
2.331530915024940143e+00
2.280689843727670585e+00
3.203949871322164356e+00
2.927408195193291096e+00
2.834584500345454394e+00
2.547648018646625268e+00
