2.643485303838250200e+00
1.429387023035799897e+00
3.580239148862068621e+00
2.095208529255607743e+00
5.690214664722579307e-01
2.016153423626524610e+00
3.349436133299600993e+00
6.279860857719279821e+00
9.155965248972108839e-01
1.221312050682402228e+00
1.967504225961677955e+00
3.927927843644885897e+00
6.639270668035780254e+00
9.140608120951202453e-01
1.150440019612942066e+00
1.510992132256756992e+00
2.636454796459141381e+00
5.466217633618255967e+00
1.021412321679538060e+01
1.543241702051720177e+00
2.270123974893138552e+00
1.982619339972199635e+00
2.513351965130286914e+00
3.948608118375596110e+00
5.249717095688846591e+00
6.493311717985576159e+00
1.123613638251502600e+01
1.127576890867905801e+00
1.595958015946474795e+00
2.831671010056608928e+00
3.717641932402747873e+00
3.419482208315770766e+00
5.709368261845348513e+00
1.198301355451745209e+00
4.373267471686280161e-01
2.624916936301100012e+00
4.209624477953190613e+00
1.197616378029723094e+00
1.782227924234325744e+00
3.780910764499907373e-01
3.744162166958809213e+00
