2.150673863933856733e+00
6.525858284024801392e-01
5.577259505828326525e+00
2.645192886799949239e+00
5.784757870675447666e-01
4.216844120728321599e+00
1.608995959291451783e+00
2.361186768339253561e+00
1.419819843658419511e+00
1.296059970162305675e+00
1.736516620053206506e+00
2.615905673662503261e+00
4.462216021447621195e+00
1.281050971010483153e+00
7.306015144849743459e-01
2.509181886985806020e+00
2.903783038110868020e+00
3.435365833031988281e+00
5.290946298477459564e+00
1.657829376440568048e+00
2.259067511660332261e+00
3.507085586820117840e+00
3.136569052019651860e+00
3.345987162629513012e+00
3.914473127411751019e+00
4.325509599520050763e+00
4.792117512528490053e+00
2.311641639642263435e+00
1.052353647241967005e+00
3.243934065974538150e+00
2.949657091334162651e+00
3.904829508874958499e+00
2.574167896468163352e+00
3.250079913146217248e+00
7.228656874354632000e-01
1.870561355858241903e+00
1.801657641239075014e+00
7.656354601547167293e-01
5.242752067189921927e-01
3.416494678970737331e-01
7.031894940677673178e-01
