3.406472535205061384e-16
4.626949402341372086e-01
7.865994273409110393e-01
0.000000000000000000e+00
7.292426886287957100e-01
8.354548140852370297e-01
9.510298897993934020e-01
1.134115002826098006e+00
1.260852348002006629e+00
1.168136697738614505e+00
1.166967421196479560e+00
1.213196394117418864e+00
1.292487824933757246e+00
1.808844590912052963e+00
1.426532209865615686e+00
1.302599311252089276e+00
1.281556324818415860e+00
1.310377352930002903e+00
1.384614802752666574e+00
1.882860107623692825e+00
1.598895998709801480e+00
1.410752573699899592e+00
1.350344400132600153e+00
1.340550719700629889e+00
1.393771382560909711e+00
1.485446877053025805e+00
1.457620566461167444e+00
2.130219567476823173e+00
1.979612648347108372e+00
1.617233090887009395e+00
1.628508607817459763e+00
1.452569734757641395e+00
1.580660777478825718e+00
2.547719652565206605e+00
2.332756309682348483e+00
1.935104440872642551e+00
1.832086577863434762e+00
2.837148504230865509e+00
2.605954525879783823e+00
2.561475404210682871e+00
2.250438193591091096e+00
