2.769429220162803684e+00
1.316062329289711119e+00
9.200876491068586960e-01
2.002242877679718092e+00
2.454290545017085545e+00
2.051266860775271539e+00
2.637104223163338368e+00
1.342682411691050959e+00
8.066726701992915638e-01
1.700487981851973807e+00
3.362664958170471952e+00
2.454889938265233607e+00
3.604164167052167578e+00
1.152751914230536467e+00
1.841158579315015809e+00
2.844132131782827422e+00
3.342646068248548819e+00
4.214184071388376474e+00
7.374169944617380068e+00
1.310625089238665719e+00
1.398048941362062925e+00
1.933268179911566298e+00
2.966587170760599523e+00
4.308322338865838930e+00
5.712668289829256452e+00
7.122139810026406614e+00
8.805385654306201459e+00
2.531786254645485457e+00
1.919864719534413400e+00
1.577407507684194243e+00
4.460547671133104686e+00
3.713729670285351503e+00
5.379744545137898015e+00
6.446360161241274644e-01
1.532943977137033231e+00
3.700978068263370613e+00
3.181360869538851777e+00
9.319214244365674471e-01
3.777999573048097526e-01
5.152971748047808775e-01
4.774579826919788106e-01
