1.045855453290816417e+00
2.186518584702971335e+00
4.777943049424332678e+00
2.119144545672769553e+00
8.757407580617916354e-01
1.116639230031121199e+00
1.804819193220105200e+00
2.298602161934736987e+00
1.591261135619008060e+00
2.597767561145953863e+00
2.240244397568665669e+00
2.454517976239994681e+00
2.684784872810100254e+00
1.700177229582300331e+00
8.662041540784914950e-01
2.610624307607762429e+00
1.743638942153378002e+00
2.417301586836499983e+00
4.051401680014983242e+00
3.547960103784909336e+00
1.649320361557290449e+00
2.322983306642270929e+00
2.140113572731525693e+00
1.855768892993816976e+00
2.827880283634074843e+00
2.806928806542631438e+00
4.283491295207641159e+00
2.580047001816887953e+00
2.211851806988045954e+00
2.450237433952771049e+00
1.639200026127801024e+00
2.446904821258872431e+00
2.173313190579347243e+00
2.774610883276377837e+00
5.475210712017033465e-01
1.453813683238795118e+00
1.513474843373387557e+00
9.451539151488073109e-01
6.978072307764098259e-01
2.711093709277887509e-01
1.383229412589356278e+00
