3.348118863299705428e+00
1.341290317789440634e+00
2.357548138584507402e+00
1.940004788745937958e+00
1.145561151966813185e+00
3.552806715154681161e+00
1.427106636378855153e+00
3.371132599214675452e+00
1.347858059171763934e+00
1.240604246215866624e+00
1.929296497396947307e+00
1.679355826227817872e+00
2.953444909063841273e+00
7.048011797405270285e-01
1.727662289052949385e+00
3.120233096811608764e+00
2.221569916535782063e+00
2.400238235922755869e+00
3.352939368245641649e+00
8.530114095016011477e-01
3.018635208863652775e+00
4.330390934548906223e+00
2.097372177177701857e+00
1.897016924714215680e+00
2.159177772266876794e+00
2.227619262693177227e+00
2.963764469851732031e+00
2.968704662139222350e+00
1.418260652065110428e+00
2.922581763128293986e+00
1.535849610882398464e+00
2.290191831511255494e+00
1.529692557785513829e+00
2.643800734369976979e+00
1.151881124870850037e+00
1.571873129629263843e+00
1.559003195441655665e+00
3.829541543384349933e-01
4.855389024603115611e-01
2.246632046237773406e-01
6.883205135042759215e-01
