4.015370893471853719e+00
1.060063881037627720e+00
2.815126215829190315e+00
1.555144265712297802e+00
1.945173374112794784e+00
2.303160817168185215e+00
1.614124236879265206e+00
2.502777170716542265e+00
1.266568838075221137e+00
1.420594603597655992e+00
2.242020557388507918e+00
2.251936118065807957e+00
2.501785229603166183e+00
5.910305855419477616e-01
1.942858999892818961e+00
2.950785076030742804e+00
2.393382733426367981e+00
2.413714524667951888e+00
3.125639568005473823e+00
1.177394222175024430e+00
2.887448301578487531e+00
2.690802118453111902e+00
2.509369982971054736e+00
2.106293534140228907e+00
2.598435738300574283e+00
2.081276153660343464e+00
2.666825082689129101e+00
1.878871191527738738e+00
3.569810947423348590e+00
3.059844194921252925e+00
1.239125547107630121e+00
2.620299440326168572e+00
1.016280778524600192e+00
4.888963125169610846e-01
1.645276965676985892e+00
1.385616228773804082e+00
4.832741203773602834e-01
7.237267754718431645e-01
6.690035286590111374e-01
2.572216184254061400e-01
2.832101168329491658e-01
