-2.276688784098313590e-16
3.541235956701160315e-01
5.682339839585087704e-01
0.000000000000000000e+00
6.115585924049017352e-01
6.622584824145723026e-01
7.342714870068369759e-01
1.047471703777574037e+00
1.145778294410442433e+00
9.980594907438365970e-01
9.339919686599768012e-01
1.088706498014815782e+00
1.384478824398793328e+00
2.036248088900346254e+00
1.545390425147844748e+00
1.239314909834836387e+00
1.207366702775617862e+00
1.415345556590666520e+00
1.842145070948883578e+00
2.357909668518503477e+00
2.521993223409654483e+00
2.033256829787051689e+00
1.585174738231513336e+00
1.544097372875197216e+00
1.888095717422844544e+00
2.442565590118822350e+00
2.305771392649750506e+00
3.354415547734619363e+00
3.401020960075571864e+00
2.889720616505620399e+00
2.970530040194471422e+00
2.255025913875236210e+00
2.860781769416128384e+00
3.949398782282222520e+00
3.737636780055476393e+00
3.391510422863500018e+00
3.285918078613651261e+00
4.199853696905067935e+00
3.979769649581021085e+00
3.926888441561390053e+00
3.663697769864873610e+00
