-2.746678130860959770e-16
4.134173198019917561e-01
5.690131384370875622e-01
0.000000000000000000e+00
7.641614755864846176e-01
7.665295107127639840e-01
7.471175359409947259e-01
8.380590267511270897e-01
1.604034188449706688e+00
1.148702334198562491e+00
1.008124003625245679e+00
1.032414378902071217e+00
1.203830743001953252e+00
2.358003638289851711e+00
1.912925285783255935e+00
1.510479598333915208e+00
1.312885488385243216e+00
1.345150886674697510e+00
1.721088029624310956e+00
2.543424117809246709e+00
2.492666633426366740e+00
1.998977441028186197e+00
1.694226749462606207e+00
1.541487120625405050e+00
1.829092681001005749e+00
2.228316755389797343e+00
2.095601107847181677e+00
3.083225267734200248e+00
3.116753950819745711e+00
2.644130346498855033e+00
2.672495609466367217e+00
2.167737868427893400e+00
2.564907210342477040e+00
3.662411366239974431e+00
3.520584537838855610e+00
3.123249142494833208e+00
3.039986286203048227e+00
4.135107063914594150e+00
3.844327670860645529e+00
3.786341224937849415e+00
3.461435889704134627e+00
