-0.000000000000000000e+00
3.735650591503336115e-01
7.357347852625742979e-01
0.000000000000000000e+00
9.215787108287517571e-01
9.704574129702935315e-01
1.076828502128879705e+00
1.485401300890104581e+00
1.584660397660895281e+00
1.428148767947712949e+00
1.481228617663851610e+00
1.666979922281171866e+00
1.895692326232299552e+00
2.312817546954903936e+00
1.965497352125436192e+00
1.779840045373432655e+00
1.833913288831089838e+00
1.957177633139583151e+00
2.188897462925214477e+00
2.640685587712334303e+00
2.589868233821431165e+00
2.286440900988556457e+00
2.093863911005514389e+00
2.055758576703023532e+00
2.223477379372050144e+00
2.427152454792561365e+00
2.366313140502926959e+00
3.042858018799166064e+00
2.976552687184758739e+00
2.639616953430882873e+00
2.645832324940731617e+00
2.381150023907709912e+00
2.585677201260806246e+00
3.633465309916065866e+00
3.397754266771833898e+00
2.945105138944143608e+00
2.852873548495958644e+00
4.152755011190773615e+00
3.774977765465909574e+00
3.699314701112494053e+00
3.321702152853610368e+00
