1.645183024303012331e+00
2.418595270740843794e+00
3.054015001642457428e+00
1.315673826063204377e+00
1.579071164880187617e+00
1.709351244725178187e+00
1.479940982645741920e+00
3.082753576796889661e+00
1.082238623232854691e+00
1.713854760963709589e+00
2.294910269681802450e+00
2.877551735141724798e+00
3.624178059952793518e+00
1.174134245699452794e+00
1.513162556347370957e+00
2.129970960452411521e+00
2.820373697040259309e+00
3.582439733002290794e+00
5.483829497659341357e+00
2.053628420744552319e+00
1.710232700502589465e+00
2.391939914243233378e+00
2.944361451410572261e+00
3.210202682564193388e+00
4.121538627552416401e+00
4.105261748291661128e+00
5.876271371636046403e+00
1.832702363240802601e+00
3.048570784273001433e+00
2.273411508538358383e+00
2.106044122592273471e+00
3.377795969051433200e+00
2.955077468091680704e+00
1.418328285549603329e+00
1.407321034193413034e+00
1.534128441678803911e+00
1.405899971336116216e+00
9.502166268806004901e-01
2.552933167073980214e-01
2.830370258902383321e-02
7.125912586491187639e-01
