-0.000000000000000000e+00
4.688733472337662800e-01
1.046657633391517628e+00
0.000000000000000000e+00
9.863859158771057789e-01
1.060620602267385193e+00
1.428124039222078201e+00
1.742786876240739025e+00
1.539536403502905770e+00
1.489669428033372212e+00
1.671979404859277318e+00
1.808881317874353245e+00
1.924418324914910494e+00
2.135479256322726282e+00
1.840715556856540536e+00
1.811841166014445559e+00
1.864834558651504492e+00
1.937920262822560247e+00
2.049243190768659684e+00
2.739751596586955440e+00
2.454616583639233074e+00
2.055316312953345825e+00
1.966736898234968001e+00
1.971260462078336273e+00
2.055242754339987155e+00
2.212699450580672966e+00
2.170875793567035750e+00
3.064075978978094028e+00
2.958178865079455377e+00
2.412790186996935482e+00
2.447671763901717590e+00
2.139598686753507284e+00
2.380441822345033209e+00
3.719397997757456498e+00
3.419502113138964905e+00
2.905811754646309364e+00
2.766774083256953176e+00
3.991213575688041804e+00
3.731651477069179990e+00
3.668136784835299480e+00
3.310038268504867709e+00
