0.000000000000000000e+00
8.076770434849465108e-01
1.507431861908073767e+00
0.000000000000000000e+00
1.491261443419635846e+00
1.616597748355788733e+00
1.953031014953493072e+00
2.347120379325006834e+00
2.312950651795351753e+00
2.136802626496197899e+00
2.226762800037560996e+00
2.453198369085026531e+00
2.635452434292192336e+00
2.934691889710133506e+00
2.625437275701455686e+00
2.507535524764158197e+00
2.539803286049188813e+00
2.656821809675877333e+00
2.836641641645930800e+00
3.186371637783413480e+00
3.227626753394567061e+00
2.830475869403103140e+00
2.697487732669610505e+00
2.709392863087988435e+00
2.844636746560360141e+00
3.088927849548868565e+00
3.028304275798965772e+00
3.979155428141231798e+00
3.934330505816741042e+00
3.403459162113727121e+00
3.414213301008171442e+00
2.979748107317400141e+00
3.329930553345459288e+00
4.637085868913032094e+00
4.363602227085164209e+00
3.906736950776460660e+00
3.765225770781563064e+00
4.926121795992412622e+00
4.667374592765000330e+00
4.602195232545049031e+00
4.272274451597775524e+00
