-0.000000000000000000e+00
4.832864252860214482e-01
8.985786683970956590e-01
0.000000000000000000e+00
8.159368097416090926e-01
9.513854450100986959e-01
1.184500159190152502e+00
1.420792420068738959e+00
1.418419879198419054e+00
1.248526755401805133e+00
1.317348655397237334e+00
1.467911329096450723e+00
1.584113702212710750e+00
1.930725661023822814e+00
1.651119301418198404e+00
1.451919708082346716e+00
1.498444960684414573e+00
1.588932800776414078e+00
1.692500642406983058e+00
2.065042805820201721e+00
1.939390816497672754e+00
1.689854371796152055e+00
1.600634488859506543e+00
1.615114191816497069e+00
1.696242201111324510e+00
1.821956107987142248e+00
1.788138439677980918e+00
2.417609687785483796e+00
2.279880495259134054e+00
1.977400573388003568e+00
1.988308062618603822e+00
1.771702543786520367e+00
1.939182976740359221e+00
2.802664976652746276e+00
2.577509522425482480e+00
2.244003946107411718e+00
2.164649281279890758e+00
3.115945963936443075e+00
2.863008401863589292e+00
2.798511964426137588e+00
2.500809277780154272e+00
