3.105002379891596220e+00
2.099777900826415244e+00
1.207648150806466258e+00
9.787767125831896564e-01
2.129612896527216748e+00
1.645159965152595216e+00
2.473722108494123884e+00
2.742572322057824419e+00
1.226460886234473691e+00
1.184058259029899807e+00
2.513621392475084537e+00
2.879080895242430493e+00
3.680804852094590629e+00
3.015232315499557503e-01
2.295273372202398132e+00
1.636914668368397940e+00
2.446203269182137152e+00
3.601118676019952947e+00
6.121468216049654743e+00
1.399990552468978189e+00
2.970467079081190676e+00
1.787508797404935734e+00
2.113585133165535535e+00
2.955505447957430309e+00
3.677270809296656395e+00
4.483890828295221453e+00
6.941963490651901658e+00
2.514752809566314973e+00
2.165421386035379481e+00
1.536921027603664447e+00
2.455259981731846342e+00
2.512223540263766708e+00
4.056345569874956425e+00
9.722038282038364398e-01
7.751146859684276968e-01
1.502644924004956861e+00
3.465136276734762877e+00
1.445889815019918645e+00
7.177239773596943984e-01
5.185087253143898511e-01
2.557542003441978462e+00
