1.423250494614179287e-16
4.328484661933797994e-01
8.547688532780024495e-01
0.000000000000000000e+00
1.009483230893031935e+00
1.159640123435773384e+00
1.216506945018410724e+00
1.364500065825837494e+00
1.588166009243006105e+00
1.535562131910025663e+00
1.601949724627948823e+00
1.593819291439006580e+00
1.762450273969691894e+00
2.175709081960542690e+00
1.915837400605014951e+00
1.832307130042023946e+00
1.829858818332457782e+00
1.848726052757095895e+00
2.061438111373600446e+00
2.316166780735795516e+00
2.277142164197325513e+00
2.086281913326940796e+00
2.008182392934287908e+00
1.956423303386503054e+00
2.091865252579378165e+00
2.304001148075566441e+00
2.248445756317968947e+00
2.687371174776390870e+00
2.819983986032537970e+00
2.424165614986790285e+00
2.537208181335046220e+00
2.216560313037920338e+00
2.493435996885432715e+00
3.133165554898910798e+00
3.043553467230899923e+00
2.875874295326269703e+00
2.781177292739958506e+00
3.247196743729486634e+00
3.144745824877213991e+00
3.124473216243017770e+00
3.024807362337004868e+00
