2.159367327948109150e+00
1.082647954403595625e+00
2.491541456259181331e+00
2.556562574522283082e+00
2.430497233324925510e+00
1.330467677659107784e+00
2.719664206154412067e+00
2.304525073595590001e+00
7.141349796556343277e-01
2.340434936595878757e+00
1.881327160282327604e+00
2.878389199011668786e+00
4.100922030327524226e+00
1.689698595404778292e+00
1.635226984114042104e+00
1.311299478577663491e+00
2.452152631611769884e+00
4.112002159577548888e+00
5.915179889219440490e+00
9.535291203676403704e-01
2.157572857908620634e+00
2.001300865625394554e+00
2.777794645438258492e+00
3.839846188701949714e+00
4.562421395019225834e+00
4.312731163959043990e+00
5.445588465054593819e+00
1.650766012560003881e+00
3.587165582555157606e+00
3.549541871304016549e+00
2.397722915224755447e+00
3.918921012286848526e+00
2.304328712854744943e+00
1.149854125360511015e+00
3.897166626277486223e-01
1.290593913471625998e+00
1.192078638262449974e+00
9.280777942290375782e-01
1.484182570567941228e+00
1.245292720204873804e+00
1.269326043113587543e+00
