1.527587321977684987e+00
1.187558872475328542e+00
8.474885545590927771e-01
3.898178184160159709e+00
6.746222404790896965e-01
4.247570873708909289e+00
2.492021455517683393e+00
7.502156044855660122e-01
2.088701641025648037e+00
2.004134107872566961e+00
1.869543406097931015e+00
1.714142489336939912e+00
2.244452620480836380e+00
5.745195812139758385e-01
6.720724257803151191e-01
3.614588220728497170e+00
2.615463424153204652e+00
2.544998211487556894e+00
4.140055725084249794e+00
4.544829628957614887e+00
1.066772328563790229e+00
3.049781092736265631e+00
2.630833295333101951e+00
2.676812769767791700e+00
3.794848647315292922e+00
4.316788891184297761e+00
4.704842975268973326e+00
2.925104327380186664e+00
1.181135383615975920e+00
1.809567820672899785e+00
3.428166161310265192e+00
3.425407386046873892e+00
3.050527563293811806e+00
9.940290900262325202e-01
2.040873329542570946e+00
2.719897340690886178e+00
2.020296553424252739e+00
6.742443917463493142e-01
4.160392725695535310e-01
-1.335053231299389020e-01
8.951661932311607561e-01
