2.617899224991877549e+00
1.970750027346701350e+00
5.219933423486270430e-01
1.687745916556389503e+00
1.992690224277351208e+00
1.618386335793541519e+00
2.597571407931518195e+00
9.559711904600433074e-01
-2.373818084450751154e-01
3.966516440269918231e+00
1.488250687882126000e+00
9.028906222857617792e-01
2.094317473632246074e+00
4.777399006559021610e-01
4.158770468014208355e+00
1.251134049266692916e+00
6.406028327901723829e-01
1.634983986821802349e+00
2.758206352956532825e+00
7.501546350085975812e-01
2.229000974895662512e+00
1.652325890435672573e+00
6.647714946908942490e-01
1.254927373497302101e+00
1.775084133875356018e+00
2.094747309785998546e+00
2.878008542277688875e+00
7.161461271138155560e+00
1.103082823029976289e+00
1.091600114189811288e+00
1.600788722163925426e+00
1.165042135414525948e+00
1.499229978501975591e+00
2.167947360261000878e+00
8.330548736934375587e-01
1.439332033946221001e+00
1.218410916033813463e+00
4.409254568122949469e-01
1.005918024128050536e+00
7.315384881754518620e-01
2.982328972803771627e-01
