-0.000000000000000000e+00
3.856305205645131906e-01
7.193203873607916243e-01
0.000000000000000000e+00
7.069214318061141089e-01
8.169956736817728382e-01
9.662164634130684382e-01
1.237649913305316707e+00
1.310809161322756156e+00
1.171832290048907321e+00
1.224214274144450609e+00
1.336349090055539923e+00
1.523136690108543245e+00
1.978426484407834973e+00
1.675845847240279740e+00
1.516149751976964444e+00
1.496988891770487662e+00
1.579236117786535276e+00
1.808386833955961670e+00
2.176429909988342182e+00
2.166911462704558478e+00
1.924147294526551866e+00
1.750610267961299371e+00
1.683705652217649007e+00
1.855336953644847409e+00
2.097671039357829059e+00
2.023293177159093847e+00
2.658351197938549682e+00
2.721994964369197412e+00
2.329239374073908575e+00
2.383642600275045265e+00
2.043098240556882050e+00
2.308594943350727569e+00
3.626600823731558787e+00
3.407702412616254062e+00
2.800753002696092064e+00
2.688696126529758423e+00
3.977041519486896437e+00
3.721540715369827890e+00
3.672804106384562228e+00
3.323236898706719344e+00
