4.962213719857700286e-16
3.923958609380313600e-01
5.280899502987267402e-01
0.000000000000000000e+00
6.623509862440394302e-01
6.698143845954310782e-01
6.775369814843245075e-01
8.343305089483177284e-01
8.887400386843796740e-01
8.350710057711770995e-01
8.424382729621667787e-01
9.190509693887189968e-01
1.121691208313393640e+00
1.286153557566513950e+00
1.021773648272357615e+00
9.802187638145575255e-01
1.045535957930058268e+00
1.152122939197666174e+00
1.347803786034789120e+00
1.444130076643163063e+00
1.502979975402497725e+00
1.227363323952284757e+00
1.191237962472276646e+00
1.218218397739082359e+00
1.355789299642082391e+00
1.556064732887573188e+00
1.505536711714998921e+00
2.160431677611013068e+00
2.167097397822669080e+00
1.700920061761957536e+00
1.791354113206639065e+00
1.453846691911680367e+00
1.734708931288158063e+00
3.069546198295088679e+00
2.698473045012832916e+00
2.162711423786981779e+00
2.063918703626118845e+00
3.397306929165564870e+00
3.083224548005776278e+00
3.011588612430136536e+00
2.564400798697664463e+00
