2.333898795310006768e+00
1.546150915994016994e+00
2.859014756878164309e+00
2.054550257191644302e+00
9.976712660595630222e-01
2.384385569156619589e+00
2.000543307909482760e+00
3.176944004519049347e+00
4.586946534932774266e-01
2.473596941030256957e+00
2.791658129333711713e+00
1.802035918835101835e+00
4.072048154358062000e+00
3.011584261786894867e-01
3.373451762424334532e+00
1.469598149203936721e+00
1.211928036538072240e+00
2.877438122806676102e+00
6.497230071307916077e+00
6.983259739100177166e-01
3.282314340400267927e+00
1.522024524198459572e+00
1.049062822359702718e+00
1.767050215030640414e+00
2.852855926228194061e+00
4.265399623451066269e+00
8.914275946773209114e+00
1.308521027974970607e+00
3.465114877702762275e+00
8.747321782342438734e-01
1.944815588270443873e+00
1.272494699353884817e+00
5.193973800165961663e+00
1.401371582554351125e+00
1.110483903327969646e+00
1.505397166850696689e+00
3.264383843090212345e+00
4.247932144072475991e-01
1.318493622588795766e+00
6.696738758713383088e-01
5.816983128172150685e-01
