3.142244378633302748e+00
1.029531167878324327e+00
3.536883157611668604e+00
1.831726420924114196e+00
2.272769365494474503e+00
1.600702751497431908e+00
1.644352479714383808e+00
5.667814211064992058e+00
5.782560159955696388e-01
1.451262106347043668e+00
1.152156980908441986e+00
2.919538615067444276e+00
4.331427588751221691e+00
3.761626192477174335e-01
2.836702556774174599e+00
2.085224530171025492e+00
2.253527088282255786e+00
4.096046678685025810e+00
5.681072073301477232e+00
6.248146244059038512e-01
2.346178017828795870e+00
2.550158040804573201e+00
2.320211686020392516e+00
2.670173180421707926e+00
3.577370959055115485e+00
3.266684252404023603e+00
5.984539703423024548e+00
9.607433359555632713e-01
4.587855254038267994e+00
2.209528324484208550e+00
1.349185181362199115e+00
2.756395096116623034e+00
2.731842769394364989e+00
1.412963567583819025e+00
6.929234598796401023e-01
8.088715395216996562e-01
1.179008412042103604e+00
1.264333357111955047e+00
5.541846702706521022e-01
6.594605491826558419e-01
6.336089806820426329e-01
