-1.697430977095167800e-16
4.761335284644312993e-01
8.555447574203643990e-01
0.000000000000000000e+00
1.100435562950017543e+00
1.115693271274980747e+00
1.194714278631645810e+00
1.677550984039042792e+00
1.744243695205770273e+00
1.684912937946745348e+00
1.724465285905067757e+00
1.862604007358979574e+00
2.149837099602604162e+00
2.237483761820946881e+00
2.086565566738501687e+00
2.057857845957691723e+00
2.086829507715675103e+00
2.201165968498342895e+00
2.442132752472864876e+00
2.567662737826845287e+00
2.665796429777763432e+00
2.416116172423060426e+00
2.321339250139638821e+00
2.302390595256984085e+00
2.465406859629799552e+00
2.675557605199325728e+00
2.617780481630102685e+00
3.242383314225197211e+00
3.194582985596049252e+00
2.856567735915288786e+00
2.904102008386322709e+00
2.599741379078723380e+00
2.846545602154183729e+00
3.758273144832953161e+00
3.513704154266239055e+00
3.190476402504276443e+00
3.116579268697658556e+00
4.177199254810068041e+00
3.867660890009439356e+00
3.780955403484306032e+00
3.438666345795182266e+00
