1.349979421918363176e+00
1.885697430604089453e+00
1.957901255593217371e+00
2.314625546643237275e+00
1.794681626547003139e+00
2.408804542882431399e+00
2.591801307789567410e+00
1.313203023328836760e+00
5.797404761701991927e-01
1.604269895124738277e+00
2.741085749319897236e+00
1.956857620244510043e+00
2.335731916956314436e+00
1.905352873916392742e+00
1.276185266805056395e+00
3.562620272819971401e+00
3.011348035699061398e+00
2.492933223842092261e+00
3.061582246860870882e+00
5.171372935143787597e-01
1.638819882025468910e+00
4.682560924554215909e+00
3.515789583505432248e+00
2.567227318381871459e+00
2.940247078874778985e+00
2.541549800932427772e+00
2.739980144775814974e+00
1.312857495704159216e+00
4.225901750867356199e+00
3.739116463133099977e+00
1.640603829923802159e+00
3.948260884117515079e+00
1.393387342814910612e+00
7.213047099830557363e-01
1.373059910211141377e+00
1.148982176050922011e+00
9.700674381098812749e-01
5.165597434269149080e-01
1.101041822911741574e+00
-4.064457318776282940e-02
9.130501254393766919e-01
