1.299402276301638792e-16
2.818482908778165985e-01
5.479362724106562332e-01
-4.482795332669238120e-16
5.131531758448892866e-01
5.417353896545348269e-01
7.382126204842145434e-01
9.297361548449806223e-01
8.300231856423847532e-01
7.772353416584671937e-01
8.678613408944210184e-01
9.737196226475596239e-01
1.097085825819851701e+00
1.162969321065651984e+00
1.050235258344999201e+00
1.009230906618560075e+00
1.033814093788842037e+00
1.110316300905869857e+00
1.245774826924872292e+00
1.550382769861567089e+00
1.558757390140534049e+00
1.236412108404091104e+00
1.152195159248472489e+00
1.152914620659655220e+00
1.257618754378640569e+00
1.444929540139174629e+00
1.392680310322096604e+00
2.247851841407856988e+00
2.249210552067883562e+00
1.670426101532479501e+00
1.719327585739622855e+00
1.366933618587705457e+00
1.636737486971276967e+00
2.873989827806586295e+00
2.669330687433424831e+00
2.253207955721059808e+00
2.070264872354883323e+00
3.069661219306235811e+00
2.889968169246925456e+00
2.856619554883669476e+00
2.605139914794672773e+00
