0.000000000000000000e+00
6.579105601122655633e-01
1.150392680908642884e+00
0.000000000000000000e+00
1.359490314465915617e+00
1.518186824223124898e+00
1.470323985879515849e+00
1.632752854959398592e+00
2.059644812066963482e+00
1.945870291402211683e+00
1.871603809738443758e+00
1.858353585247641382e+00
2.089709644070488093e+00
2.646417503914427982e+00
2.369497751732342561e+00
2.213056529786581628e+00
2.128660390148745307e+00
2.234498457447711584e+00
2.668820718579777207e+00
3.014039009013132819e+00
3.168789573650089064e+00
2.691498551749758050e+00
2.475783583284098199e+00
2.418417514083729181e+00
2.729305389576982321e+00
3.145509829898396337e+00
3.038888580223459535e+00
3.787334222451066879e+00
3.889556955032420493e+00
3.372451070364291592e+00
3.528549325796568326e+00
2.980485473670378749e+00
3.478042280877940318e+00
4.498938439581871229e+00
4.268909970690114797e+00
3.914564492814605945e+00
3.838158028193616733e+00
4.888116261594888989e+00
4.569642766136281509e+00
4.477857916341997147e+00
4.195390207285552897e+00
