2.617611435990984337e+00
1.114892284605560890e+00
3.688604900878577730e+00
2.009617002123099461e+00
1.056422971459106241e+00
2.009896913385448070e+00
3.639196956680271988e+00
1.687905366531634588e+00
5.823124089029656503e-01
2.380556867644089358e+00
1.785204161518580301e+00
2.736534417729303392e+00
4.383499393802360089e+00
1.247820802149243846e+00
1.872329507898520928e+00
1.353511651405281846e+00
2.033649377473629727e+00
3.845019158991968222e+00
6.045414156867959576e+00
6.405006714691052760e-01
2.829900335921614829e+00
2.268079452760947134e+00
2.230198958110939156e+00
3.385450843814006738e+00
4.103150892641884262e+00
4.678356893253978299e+00
5.622577341026475217e+00
1.297487069768988421e+00
1.819165174868093704e+00
3.711871103265065308e+00
3.324617899302826807e+00
3.601863579557799344e+00
2.782022364849834339e+00
2.798478861185746513e+00
1.891145152192570400e-01
1.928628702625409863e+00
2.519457794401267492e+00
4.398280391654019739e-01
1.636879883695866011e+00
1.035916659919144278e+00
1.583752700698872307e+00
