-0.000000000000000000e+00
4.587839125532621742e-01
6.683797865020051354e-01
0.000000000000000000e+00
1.129929568175185084e+00
1.075807777644566920e+00
1.075248573963419219e+00
1.414565672266409280e+00
1.839781194242335216e+00
1.640100046081390817e+00
1.448698350489774800e+00
1.604804192109815064e+00
1.899726720378162259e+00
2.264055107581734561e+00
2.109200967735259447e+00
2.054516063127925118e+00
1.903250912858073463e+00
2.010133970907479917e+00
2.446593530148342133e+00
2.545628450939536602e+00
2.880920673399315124e+00
2.511891562231474140e+00
2.284846649186158984e+00
2.196009546267469137e+00
2.514919412993002368e+00
2.946193226886227201e+00
2.834178537640493101e+00
3.482494148923400257e+00
3.504728666978452090e+00
3.251030499566977205e+00
3.307948754955151838e+00
2.824870307436229577e+00
3.236461462481286855e+00
3.851117185864425529e+00
3.715674626221213916e+00
3.527002530282134174e+00
3.476476749221341755e+00
4.029051580231843843e+00
3.880352389385138157e+00
3.847899491883652878e+00
3.682653633152527473e+00
