2.916508388213625396e-16
2.339806935289150958e-01
3.926903488281077714e-01
0.000000000000000000e+00
4.763853311291786907e-01
4.794536612860131886e-01
5.377489429288695444e-01
8.180380985432477159e-01
9.015392612069305089e-01
7.417087715847506812e-01
6.826723312482466666e-01
8.737361272720113314e-01
1.057358806774851612e+00
1.210576158018032533e+00
1.013691382100894822e+00
9.829118961446048353e-01
9.988053120723263678e-01
1.094392728877503496e+00
1.256143976262964035e+00
1.329955028323920985e+00
1.366906795238094219e+00
1.241947105705057286e+00
1.191785739022131141e+00
1.168349499157613547e+00
1.275479672913631513e+00
1.379649200467784942e+00
1.352039947464118708e+00
1.748630404772905989e+00
1.623750695512791831e+00
1.453440389735109362e+00
1.469248903290157893e+00
1.349750834898292506e+00
1.449711966593149493e+00
1.976682334921365580e+00
1.796653040127110801e+00
1.589899743545532873e+00
1.552317690793982630e+00
2.273629751988849979e+00
2.038233765699038358e+00
1.977577799465212838e+00
1.740718704374364822e+00
