3.685244611603069156e-16
3.772576148229044302e-01
6.472997369628838982e-01
0.000000000000000000e+00
8.382032414237391427e-01
8.785200448698547993e-01
1.012397589512062712e+00
1.389636903634541287e+00
1.392621619186047877e+00
1.268105059836991622e+00
1.283149564155634081e+00
1.459098387004968966e+00
1.686771547698070695e+00
1.969708856735769453e+00
1.676431885101585140e+00
1.472020470258466940e+00
1.531825198533723897e+00
1.700965530041758322e+00
1.945077042616144558e+00
2.261838933766577853e+00
2.310290333277016384e+00
1.834291583680184301e+00
1.718897457464029221e+00
1.759459571681882606e+00
1.947023817574106141e+00
2.273739077839871392e+00
2.195684567888382066e+00
3.142598833499311350e+00
3.152346811119601355e+00
2.533902224105831547e+00
2.673311653207068428e+00
2.102777083926071544e+00
2.591092090778069679e+00
3.701200774322670028e+00
3.465601199751990436e+00
3.163732892441735167e+00
3.079029422717964870e+00
3.844526677544019666e+00
3.667561762190444163e+00
3.595270725633882059e+00
3.401314086194215047e+00
