-0.000000000000000000e+00
4.790051936344145722e-01
6.331840703013977834e-01
0.000000000000000000e+00
6.871780365614956754e-01
7.313164064967667688e-01
8.180137918250420803e-01
9.317910197954845097e-01
1.107926528714281211e+00
9.073060863737829607e-01
9.199835684088268906e-01
1.006644893277364616e+00
1.178593752799022232e+00
1.523367542146455422e+00
1.170471524697314969e+00
1.043041972165734688e+00
1.058712780319236213e+00
1.188175924437239406e+00
1.386399270405537454e+00
1.662845671116357504e+00
1.613116711843163520e+00
1.232304699832427186e+00
1.174811409375040583e+00
1.228093007109396950e+00
1.375311308280995348e+00
1.632591654663808622e+00
1.578622613321598811e+00
2.280325039260593378e+00
2.274967345531216267e+00
1.798844649474446333e+00
1.921671603358927394e+00
1.478136592924399917e+00
1.875148247365371335e+00
2.922910584230830278e+00
2.585129874088834434e+00
2.259210468239300162e+00
2.185448146868527175e+00
3.128285270519158168e+00
2.790364212075361561e+00
2.738478252475670782e+00
2.530054633064179992e+00
