-0.000000000000000000e+00
3.604228194198295099e-01
4.758305918338861518e-01
0.000000000000000000e+00
5.331857231040765255e-01
5.876600513719182350e-01
6.180906682224859283e-01
6.516554934128064858e-01
9.349688729779728202e-01
7.752692401957969048e-01
7.270151430316215135e-01
7.332198015195771079e-01
8.097303366450633311e-01
1.168932591940302412e+00
9.746343692393757419e-01
8.781239512696460414e-01
8.126032718056324100e-01
8.516010475842302752e-01
1.024488712699494597e+00
1.199738221659646165e+00
1.200822149893188362e+00
1.039601663600236758e+00
9.369657154785224762e-01
9.122777605553867852e-01
1.046350855649368361e+00
1.284722505122732450e+00
1.222258496414913465e+00
1.625964111792915778e+00
1.743708419070276516e+00
1.414269578990996035e+00
1.551478593538275996e+00
1.178390709182661977e+00
1.506031318587834011e+00
2.560439733203658363e+00
2.288754804659529185e+00
1.874514710250716698e+00
1.812108858020793356e+00
2.873814440430112693e+00
2.595579056416375874e+00
2.523885363230810253e+00
2.205084620804567574e+00
