2.237207440797446267e+00
1.546895932937110585e+00
2.844287735416972662e+00
2.015842389217138209e+00
2.024262348595126326e+00
1.351903210312257686e+00
1.715311260226770163e+00
4.640967457105633187e+00
1.937468824503702169e+00
2.032744553497941364e+00
1.440038021147482805e+00
2.984769343734065661e+00
5.515071339050738430e+00
8.598166236320476941e-01
9.401551556774674356e-01
1.732869317344181814e+00
2.107359615957014931e+00
4.653277379503125033e+00
8.427786711864651892e+00
2.658069556828585700e+00
1.324215538746882581e+00
2.145527979308226474e+00
2.434234803889987031e+00
3.641548104032124034e+00
5.079353379721982975e+00
6.700332513490889319e+00
9.252660453640716653e+00
2.080168344309081707e+00
1.256568292665485753e+00
2.179977252120701703e+00
4.351531986848705458e+00
3.599880171651292482e+00
5.103562342491863468e+00
1.134324880584499207e+00
1.878816452450072783e+00
3.508119459386016104e+00
2.844365924329741002e+00
5.481083062968826747e-01
4.238594414523786935e-01
-7.535013356796863015e-02
1.150106340333005184e+00
