3.490307447028621279e+00
1.715381403105429081e+00
1.478571807654821990e+00
1.482589791859667328e+00
8.633865133846225781e-01
2.636126227676077072e+00
2.992809488362348613e+00
4.330361459410580593e+00
2.345888322141011617e+00
1.652454882563551442e+00
1.379753656334156586e+00
2.454362396854989914e+00
6.500880353349502982e+00
1.749514105647166362e+00
6.355342163248390852e-01
1.384166134682209837e+00
1.833857028730476069e+00
4.328017992795111901e+00
9.314347830014506613e+00
2.112781453898304296e+00
1.947588663819462607e+00
1.900970533865163681e+00
1.972224874228986291e+00
2.917366354668094797e+00
4.235299692233732038e+00
6.281935847109784810e+00
1.157285767843444368e+01
2.306530648802987304e+00
2.591780594951174077e+00
1.559902002710615854e+00
3.102842392574754360e+00
2.544011893111942424e+00
6.679269193657686010e+00
7.325719409005053695e-01
9.384772353555214108e-01
2.048812109408116644e+00
5.523182055684446645e+00
1.301233656323136589e+00
8.584940319021164834e-01
3.787140325385178752e-01
1.266794643600297254e+00
