-0.000000000000000000e+00
3.441428285458796865e-01
6.873747917064991775e-01
0.000000000000000000e+00
6.967049920006915809e-01
7.212544213623396372e-01
8.299878651463390433e-01
9.655100195009577169e-01
1.179415136148528775e+00
1.076058115413346838e+00
9.826393687068262217e-01
1.026488699438354857e+00
1.161904562664916041e+00
1.578323253591753517e+00
1.377865663130378948e+00
1.248398423021533254e+00
1.147767218683440893e+00
1.198272744305967308e+00
1.384693388017340876e+00
1.754441887590622917e+00
1.676363667244606059e+00
1.461022153318003003e+00
1.324525840716347380e+00
1.278814029678791098e+00
1.415174791048526171e+00
1.604072944208271734e+00
1.547601886857871367e+00
2.157622932670940852e+00
2.115765618218752753e+00
1.760531717507833216e+00
1.806883160956619383e+00
1.546736962642230928e+00
1.755264355345410143e+00
2.532913340656405499e+00
2.371315587852555140e+00
2.072459120606470862e+00
1.999335014257414445e+00
2.837328173748613125e+00
2.591495675554544853e+00
2.543184807588593888e+00
2.309162384847877281e+00
