1.462226631870152227e+00
1.593385022918988314e+00
3.440022481337301485e+00
2.795544290653078967e+00
1.000343349073681720e+00
2.406831718319252023e+00
2.283372837503493180e+00
1.784656268200937035e+00
2.020440166235299984e+00
9.350130802255384177e-01
3.074104166205858579e+00
2.548231350730120859e+00
3.768667652904135856e+00
6.445057126140001369e-01
7.377369118986830676e-01
2.748313347391311723e+00
3.086718549867903949e+00
3.386810872034753395e+00
5.786744438384006983e+00
3.466204829328042081e+00
1.043595647833791329e+00
2.541813574224533134e+00
3.039982132032927442e+00
3.427428447013821877e+00
4.494695318649511329e+00
5.473196747737964607e+00
6.200210001198786181e+00
1.522184176424488777e+00
1.615563839497575094e+00
2.512843791860590592e+00
4.052160854306602999e+00
4.179005757131081467e+00
3.760163949647775450e+00
1.057743771153400791e+00
1.404575038189331604e+00
3.953212143408713075e+00
4.208107672425395407e+00
6.206930662905973950e-01
6.986930757992148022e-01
5.927849364113643160e-01
1.182706680813293776e+00
