-0.000000000000000000e+00
3.384868037613433245e-01
6.348199204318615285e-01
0.000000000000000000e+00
5.770839830843564888e-01
6.345408335551006029e-01
8.451694400833708043e-01
1.115160246097457009e+00
1.110645578392536192e+00
8.562280339582191147e-01
9.443620001661519048e-01
1.162061843230580482e+00
1.339899351092119106e+00
1.700633280555629678e+00
1.426018311109947811e+00
1.146674895118223958e+00
1.220678671634199297e+00
1.347833579478462829e+00
1.474591992821749242e+00
1.813796251209027766e+00
1.718828282962824305e+00
1.464398084312525272e+00
1.381193715187346349e+00
1.389689472344671328e+00
1.482244687210248379e+00
1.590712678717925099e+00
1.561008718973847520e+00
2.148714426301228997e+00
2.053936409914011385e+00
1.712298856290898286e+00
1.717581764908283182e+00
1.554035503531455031e+00
1.680739219988599542e+00
2.650465033809722648e+00
2.474942477885616388e+00
1.952239400987683560e+00
1.858031716344394235e+00
3.060581215685129308e+00
2.758324187369986191e+00
2.709998247721092657e+00
2.400308918858656160e+00
