1.618403377100375629e+00
2.691912685039416164e+00
1.115139014266811612e+00
1.608696952374617073e+00
1.366926714945130072e+00
1.620073697574930582e+00
2.435144269984142795e+00
1.255767646066977994e+00
1.362855484533116224e+00
1.526772445942999434e+00
4.666856325886430845e+00
3.018780993685829639e+00
3.182568680507424030e+00
1.514673853069186116e+00
1.167249120380780880e+00
1.547485931170398121e+00
4.008217270350530548e+00
4.312812379292210174e+00
6.450562459125514181e+00
1.169944132372372048e+00
1.710459125520421342e+00
2.015585691991648165e+00
3.764596890050889932e+00
4.692419093477263381e+00
5.523588128597273439e+00
5.812812956936975084e+00
6.888154571381964963e+00
1.866150711253051542e+00
2.781802356723735326e+00
2.564178425567126496e+00
3.606793422814777550e+00
4.389724065530211661e+00
3.848967624950357713e+00
8.427941377431334979e-01
1.673510065311754058e+00
1.571954901928783954e+00
2.449428056549630028e+00
7.549614162293269981e-01
5.797314559853433691e-01
-7.470433687902873487e-02
9.248739763826000493e-01
