3.178601236799153185e+00
1.086562396541980169e+00
1.287893716307335401e+00
1.739475191108541097e+00
2.759505665280562958e+00
1.446155965150077938e+00
3.160407818493552679e+00
7.006367898258500926e-01
8.258430553113271788e-01
2.033390016410786760e+00
2.873319851526783708e+00
1.533777191816716012e+00
2.006639690174387258e+00
8.926730273660959947e-01
2.010273256251764895e+00
2.859860943956631818e+00
2.122519076437236585e+00
2.182770837799831387e+00
2.970647899459437635e+00
1.960866085382884094e+00
1.701264478224823407e+00
2.736835273140180824e+00
2.348787737855639435e+00
2.093083272361190961e+00
2.695904742520510489e+00
2.462747389075412574e+00
2.708373573678271917e+00
7.908026182795431236e-01
4.999586873859947822e+00
3.147560283498003209e+00
1.700289305118020566e+00
2.978774439222008130e+00
1.163685074451089818e+00
5.505501529358785007e-01
1.614446047352149138e+00
1.403019900441846213e+00
7.633624394624692888e-01
5.785262959524817283e-01
3.785245009363489843e-01
3.066983609963324642e-01
3.021752499745141707e-01
