-0.000000000000000000e+00
3.756449426841710348e-01
6.519201017547049393e-01
0.000000000000000000e+00
7.004746663530592166e-01
7.469844413036360598e-01
7.942547084392618251e-01
9.444278408033832672e-01
1.344672458901356116e+00
1.203124673126299449e+00
1.055461631481021012e+00
1.049953583444946048e+00
1.185822693109439552e+00
1.815474758730436955e+00
1.615302739775641205e+00
1.419903252293779117e+00
1.237631473405459648e+00
1.252034127858610235e+00
1.482714522311209260e+00
2.039160891695301459e+00
2.038267793139234119e+00
1.663322343026023331e+00
1.451127198860507672e+00
1.362281276047440093e+00
1.531198927868572035e+00
1.824457476269384815e+00
1.737309011982460127e+00
2.825519968673021243e+00
2.866053790278893398e+00
2.148853736607581055e+00
2.206221483525748095e+00
1.736433029030050257e+00
2.105159420861281383e+00
3.846797991652836757e+00
3.536029707760584007e+00
2.840384035777527405e+00
2.659410954186115728e+00
4.290837337273939234e+00
3.952810109044489373e+00
3.871149020413183539e+00
3.402744541061382577e+00
