-0.000000000000000000e+00
4.232263065784279688e-01
7.867638242216554723e-01
0.000000000000000000e+00
9.961400781317060193e-01
9.884498314309635436e-01
1.082315658694613214e+00
1.336244509700538874e+00
1.785633344582401749e+00
1.553591673620138280e+00
1.404391492518432649e+00
1.501911499775366865e+00
1.697957658159071626e+00
2.325771485144517481e+00
2.110296600916374388e+00
1.850707449733057341e+00
1.701428612320656342e+00
1.763665581104414182e+00
2.001179434701483739e+00
2.570181278470917263e+00
2.646427740442660159e+00
2.249769746535067227e+00
1.958678859146675721e+00
1.875241128579461014e+00
2.059654895500651506e+00
2.344669132420913904e+00
2.248571626321445027e+00
3.133965100846072716e+00
3.132747897441507501e+00
2.799116333783236765e+00
2.741224548554211271e+00
2.312015287199042923e+00
2.608920100234652928e+00
3.537130986621340067e+00
3.415020223887984319e+00
3.145763675847340402e+00
3.047370699783439552e+00
3.861161879600607527e+00
3.669797748783358848e+00
3.621463592622796490e+00
3.377742355744426828e+00
