2.678173334940118000e+00
3.250543308043462698e+00
1.560991085800104816e+00
2.908211467782205739e-01
1.182627139361618118e+00
1.333347353079255893e+00
1.846581188065052226e+00
4.985400927221843581e+00
9.880363243620974290e-01
1.598898805486243191e+00
1.499138145563742697e+00
3.029377053089675975e+00
5.564242413177724167e+00
3.001267995380224596e-01
2.403080928849344211e+00
2.170875724369779380e+00
1.960995891290998605e+00
4.519370349928967912e+00
8.833072539140630397e+00
1.284402249534279061e+00
1.637477779235539277e+00
1.830859067546610985e+00
1.903488783866771783e+00
2.953255294144784493e+00
4.760077517200840269e+00
6.697514896007070284e+00
1.029039889548222497e+01
1.369668234072462631e+00
1.188353319067688929e+00
2.344473328877290541e+00
4.353973683263927086e+00
3.240448377592549001e+00
6.033542209751406205e+00
2.463993912391581276e+00
7.012592998572347858e-01
4.322740769848612885e+00
4.579157174362360472e+00
5.280352875721332495e-01
1.045065574222558302e+00
6.215124927761636053e-01
1.162305698773570040e+00
