-0.000000000000000000e+00
4.300710496648077474e-01
7.657129261924550123e-01
0.000000000000000000e+00
7.088249754685025383e-01
7.620252265134411784e-01
8.636916402115424329e-01
1.048143331966431280e+00
1.523358924243352508e+00
1.257490498801849155e+00
1.036780708469795309e+00
1.097967712283481001e+00
1.320855775066896332e+00
2.419083297847438807e+00
2.072023166533162541e+00
1.518438671397976503e+00
1.278628830916623604e+00
1.388581095707065227e+00
1.812384391434676445e+00
2.819755520908747481e+00
2.886134575474472275e+00
2.293199209194394239e+00
1.727387897485602508e+00
1.562301219294041976e+00
1.895076781542918143e+00
2.414695780846038087e+00
2.271439003719954997e+00
3.502003016568886462e+00
3.532086929779184814e+00
2.959801757051303550e+00
2.950283463265641615e+00
2.295028604763907243e+00
2.819853469155748193e+00
4.088709329324362152e+00
3.885615292734113879e+00
3.517969382864576833e+00
3.357118270696520135e+00
4.378396448497545279e+00
4.126186155369360620e+00
4.077196125721739506e+00
3.831382840781873078e+00
