2.099981326153368855e+00
2.012139036428953975e+00
8.907138231205711243e-01
1.933330350172246970e+00
1.747072238478141859e+00
1.876537488228411377e+00
2.541897072401782420e+00
1.783281976972869831e+00
1.306713867573478405e+00
2.811400891338077468e+00
1.583366201187490496e+00
2.618488324035590953e+00
4.727726957532412122e+00
1.294542951977289080e+00
1.670295225032203845e+00
1.403521114844365147e+00
2.098805968103509390e+00
4.404135456072800991e+00
7.808905681644048080e+00
1.045051852824444349e+00
2.556190888796313399e+00
2.435562846564475414e+00
2.424630026517505588e+00
3.953030057922349627e+00
5.226698295970974684e+00
7.324343600173643942e+00
8.925303040199656479e+00
1.739938509272974443e+00
1.277731265161071050e+00
1.520216852207595837e+00
5.126082968878856505e+00
3.401747975860658357e+00
6.328043667041292508e+00
1.206466737986346516e+00
1.712896299264379474e+00
2.649125708867690054e+00
3.940948132826396666e+00
5.994117376253630392e-01
4.627083407709149387e-01
3.635472390189245506e-01
1.503708980117614891e+00
