1.744327000140982742e+00
1.618387900727001893e+00
3.550569615342762830e+00
2.132155316639192666e+00
1.294399356464461803e+00
1.484298505125002610e+00
3.516663317713540682e+00
1.277356002307169280e+00
7.724697915095182221e-01
1.382479345685918348e+00
3.646654496778725107e+00
3.285302815895492223e+00
2.789380220789537290e+00
1.484177619973807927e+00
7.540414918751575657e-01
2.268538047636357913e+00
3.869019105158677085e+00
3.441329879136008074e+00
4.294594425610787525e+00
1.569739755169211382e+00
1.453358201832275931e+00
3.810012041016391127e+00
4.066745336439767655e+00
3.747024381243039493e+00
4.096558711834970445e+00
3.561736794549427376e+00
4.047437775637276580e+00
2.912128134236542376e+00
2.127706319908257093e+00
3.184897263894327590e+00
2.276633518436762760e+00
4.240325285344423989e+00
2.122067722902324594e+00
9.083245490590029503e-01
1.639838839202592435e+00
1.308893045249247544e+00
1.378696658162202437e+00
7.708007979125580666e-01
4.833672235167426612e-01
-2.359552562502185979e-01
1.649050918334953542e+00
