1.343138712386433370e-16
3.715818121720146361e-01
1.003389607150594109e+00
0.000000000000000000e+00
9.524942267137362917e-01
9.669259852534070054e-01
1.219108134443714242e+00
1.420292497819691802e+00
1.727288583889290852e+00
1.623875398638484402e+00
1.462473238403835696e+00
1.483708398767964676e+00
1.622022819073974498e+00
2.255421381553094129e+00
2.141645492488244429e+00
1.878108570528215671e+00
1.650469592693468490e+00
1.673383992253857588e+00
1.954314921755133660e+00
2.570206083756153337e+00
2.678166976724162041e+00
2.292006358040282521e+00
1.937970211719739488e+00
1.795769107560658995e+00
2.024059249466880317e+00
2.424641826318119087e+00
2.313166573418013794e+00
2.992550478162361305e+00
2.968568235693759494e+00
2.807708240171880920e+00
2.809632576863926534e+00
2.347901231592227855e+00
2.724841516047482592e+00
3.217381440398219716e+00
3.097483041949848470e+00
2.972756073510360864e+00
2.939798444640674635e+00
3.414376371892031248e+00
3.262316750595719128e+00
3.225103883737088228e+00
3.070279775691077795e+00
