-6.230685199148150826e-17
2.007785800622561567e-01
4.093069247879148054e-01
-1.110847568893358375e-17
4.190933203606548307e-01
4.256786383392441864e-01
5.333043254081127893e-01
7.673942049348911887e-01
1.025134241910064414e+00
8.809880179912188414e-01
8.062415619544500700e-01
8.191002304646253229e-01
9.351603730483447618e-01
1.548313659782998508e+00
1.407865388920652938e+00
1.157052165550584100e+00
9.813081571130340963e-01
9.813569936879757982e-01
1.188780049263951977e+00
1.815227368417796194e+00
1.911755063734880355e+00
1.534509504987027206e+00
1.205132246228758808e+00
1.079981881450836401e+00
1.250975808739184680e+00
1.601142945374367965e+00
1.493268723324229441e+00
2.456363960890203924e+00
2.600027315762672764e+00
2.069288389028158814e+00
2.087717453267908141e+00
1.531850193914559233e+00
1.951405021423721742e+00
3.226560973130691234e+00
3.033775893412682834e+00
2.645612753420018670e+00
2.541545044040646850e+00
3.642433317776430091e+00
3.354914558122849666e+00
3.271149247997966913e+00
2.960404225991459359e+00
