-0.000000000000000000e+00
4.329621558422305228e-01
8.795108382287619708e-01
0.000000000000000000e+00
8.251393164057991836e-01
8.852748586942078557e-01
1.070699582013420637e+00
1.454801560617390077e+00
1.567002930542308992e+00
1.421623481973591563e+00
1.361717909297367246e+00
1.571319041208921519e+00
1.839174524064891791e+00
2.049233988674021845e+00
1.890593944419012074e+00
1.815041567453065330e+00
1.781512838177988334e+00
1.877344155820926286e+00
2.090992419411768832e+00
2.288124816354445201e+00
2.294260753796267149e+00
2.087509246488273185e+00
1.998906922498428607e+00
1.968147938637642147e+00
2.104581223532895340e+00
2.307605988945180542e+00
2.258895424493777337e+00
2.772669336609018487e+00
2.796178200005981385e+00
2.434218692174180632e+00
2.528536075066928568e+00
2.214171953153931227e+00
2.485616437731409167e+00
3.489742606480714660e+00
3.205949008845800474e+00
2.839891066440994205e+00
2.768404399658191739e+00
3.685159298123657390e+00
3.476012796490108414e+00
3.382777178106286087e+00
3.114412514701811130e+00
