1.513069409573953417e+00
1.539045953768805486e+00
3.663344923694213939e+00
2.550966946649385392e+00
1.932292562759530874e+00
1.718313545379722695e+00
1.286603227621830881e+00
6.930736099696368946e+00
2.047167414191257695e+00
1.170736677606706078e+00
6.260341867682656103e-01
3.449428912957185567e+00
1.096350178389709384e+01
1.908143531448736052e+00
1.612997057513271715e+00
5.358451696577347656e-01
1.640940798526437039e+00
6.810322842677059008e+00
1.492462313032670806e+01
9.713448560096914486e-01
1.075922541004326494e+00
6.476740045761160136e-01
1.496397248515603851e+00
5.153980420951810970e+00
7.548093860325202797e+00
1.161991982376573773e+01
1.619994705039255933e+01
1.114368748683964849e+00
2.052264356982112847e+00
2.462636352741038870e+00
7.549077348571673340e+00
3.954961515376062220e+00
9.902922132372598440e+00
1.759765446756818230e+00
3.471370773054153203e-01
3.254271734090663504e+00
5.983789116041597467e+00
8.801765812845674386e-01
1.188910641667447976e+00
1.178094104589075819e+00
1.336814121583504544e+00
