1.185663565255106411e+00
3.080557437685073729e+00
1.540769625814000010e+00
1.470246838753180851e+00
9.764615619611688446e-01
1.724472000246444647e+00
2.577296447567659410e+00
3.872796331638476808e+00
1.435149997354685292e+00
1.952966023668049500e+00
1.123919971264204509e+00
1.973288300951331564e+00
5.880937637707554622e+00
6.332873638601164146e-01
2.704700919126511227e+00
1.178983293559774159e+00
1.368990920805494893e+00
3.710057795414647863e+00
7.774493044803034714e+00
1.552710709974552516e+00
2.170478976036779084e+00
1.803018370514251956e+00
1.223353309206010486e+00
2.386387747970474038e+00
3.564424943120251488e+00
5.347555194123149391e+00
9.292195559571508667e+00
1.864335242110041646e+00
2.615772253428505945e+00
1.514232235837306373e+00
2.924106795981797458e+00
2.288224061303653301e+00
5.645982578581026701e+00
1.212972004993702724e+00
9.635637186147000266e-01
2.181364402901308619e+00
4.612500664350148050e+00
1.181041511044363723e+00
5.300233333261942237e-01
6.226125376877943429e-01
1.048493738404561837e+00
