-0.000000000000000000e+00
4.120339198832381200e-01
9.311986796880544759e-01
0.000000000000000000e+00
7.301116924275434794e-01
8.771522351351810354e-01
1.138787209182472004e+00
1.317958506406515129e+00
1.291646413746202482e+00
1.195240151364790115e+00
1.262242000234326866e+00
1.339811583428012209e+00
1.409007835808739895e+00
1.696999446527101441e+00
1.455411382147495880e+00
1.373057655361175744e+00
1.372273262202522215e+00
1.412626717752562655e+00
1.478878805286737874e+00
1.791326474743770714e+00
1.710118619039472598e+00
1.498882019996761628e+00
1.432386058238460658e+00
1.432036282011332151e+00
1.482663757128503068e+00
1.581492213394861013e+00
1.554654038745111322e+00
2.231862498025981800e+00
2.199109928530465830e+00
1.729875160670764522e+00
1.735273571358100231e+00
1.538464946211764994e+00
1.686698858677821544e+00
2.853553839073438514e+00
2.640107642818855460e+00
2.081506127281097296e+00
1.949451744160596078e+00
3.252213665537830867e+00
2.963800115790082401e+00
2.913835361283849679e+00
2.518201995001993598e+00
