2.678834512340874330e+00
1.803865315335177577e+00
1.717226957749137917e+00
1.457714940154420491e+00
1.888873013850655758e+00
1.862849935978839300e+00
3.629473877899725309e+00
3.481483989204730012e+00
6.831663939315528733e-01
9.554025635192158195e-01
1.892702483646332645e+00
3.565492062779153759e+00
4.789791326977626440e+00
1.400946506535514446e+00
1.426027674900557374e+00
2.163463801855759261e+00
3.115075286730669468e+00
4.555562063666095618e+00
7.115686376751694020e+00
1.297568976701034771e+00
2.893620521348012620e+00
2.536568284487714653e+00
2.704761244446237445e+00
3.643384434685732920e+00
4.451784668595917260e+00
4.733618880194665479e+00
7.963858830506904241e+00
1.319271060394813677e+00
2.005732473364360668e+00
2.099616445311441648e+00
2.269887648445953143e+00
3.212065470119040977e+00
4.506282015321621870e+00
2.397918182613212768e+00
1.181752558017532317e+00
1.113702309634561072e+00
2.280481201211394193e+00
3.447043915690004567e-01
5.495463375538632844e-01
1.090111353948231887e+00
6.035919191564635966e-01
