2.494827899930790238e+00
1.928617425793130558e+00
1.713347191806881220e+00
1.693451593786756249e+00
1.489011290718803560e+00
2.757581783295063538e+00
1.732094224939557447e+00
4.657081874121664633e+00
1.252996356961129987e+00
1.541687667183321730e+00
1.210581250176878676e+00
3.297538988831911322e+00
6.486342711648237724e+00
4.327368723287888796e-01
2.140599387388925301e+00
1.058377881880477211e+00
2.543164392974218924e+00
5.325819961552722859e+00
9.551782937017637920e+00
1.728456428292928893e+00
1.778385528491020384e+00
1.317918547630860582e+00
2.216535752719695829e+00
4.536292554733083904e+00
5.820979219685210815e+00
7.429914565952683958e+00
1.072291236942168169e+01
2.634914386114619589e+00
1.624497462507492163e+00
1.927101133880854356e+00
3.987718647271086159e+00
3.715632120723476817e+00
6.690542872116176376e+00
1.861007580191268218e+00
4.820432731817267391e-01
1.648009921900646768e+00
3.712989138437135406e+00
1.397179012572773660e+00
1.238385271330881832e+00
1.093156435430752832e-01
1.607112214742517420e+00
