-3.078196516440615657e-16
4.322057850582694538e-01
7.414097190718538233e-01
0.000000000000000000e+00
9.536735734654663288e-01
1.048259727203673553e+00
9.830018808020730692e-01
1.079988583022761572e+00
1.437110603241145590e+00
1.332752213760089788e+00
1.254885473930912765e+00
1.217513910889369333e+00
1.305647880733869393e+00
1.949817666975472097e+00
1.594234110450204023e+00
1.412219976461865922e+00
1.342613369659610756e+00
1.366129726357318441e+00
1.560229250381489630e+00
2.080513968597355934e+00
2.025079657462220517e+00
1.608314956600957801e+00
1.466741579535497886e+00
1.438535304567089224e+00
1.588256701806476823e+00
1.888093836198428743e+00
1.807572607671098286e+00
2.734990108955381860e+00
2.816879171495478396e+00
2.170270514964871111e+00
2.285210521071306733e+00
1.754758831139813013e+00
2.196261587466189269e+00
3.593366905273207124e+00
3.321438540867688083e+00
2.847937366534738057e+00
2.725295729134965317e+00
3.934438439596704473e+00
3.600643937337653977e+00
3.527187163586587904e+00
3.248794880797171825e+00
