-0.000000000000000000e+00
3.697069225450481111e-01
5.789872409087074567e-01
0.000000000000000000e+00
6.316701943128453234e-01
6.962756212934814171e-01
7.441102637486980420e-01
8.683766626553154344e-01
9.364135425461483919e-01
8.861689821860383454e-01
9.023645331120936364e-01
9.619770519529234898e-01
1.079222440548899487e+00
1.360818963334928355e+00
1.126222974146970257e+00
1.068039490955685400e+00
1.062314099095322595e+00
1.119612630511227724e+00
1.262096764665935789e+00
1.461904364366629627e+00
1.424211002743823506e+00
1.293723117948814227e+00
1.211854327612940763e+00
1.182938285175970883e+00
1.284952983917189151e+00
1.416153934503035172e+00
1.378017635441084465e+00
1.796035400482517419e+00
1.781591516094152450e+00
1.533112423881217268e+00
1.561009812050255130e+00
1.379245673783096038e+00
1.524846622145233477e+00
2.414915354610926101e+00
2.208736595850421924e+00
1.799051491274704873e+00
1.723765458140018136e+00
2.777761942922869043e+00
2.504034658065600549e+00
2.443208635975715914e+00
2.142906177001608459e+00
