-0.000000000000000000e+00
5.437959444104228934e-01
9.467861115568309005e-01
0.000000000000000000e+00
8.330167504175012283e-01
9.570043012994812193e-01
1.070914144735291007e+00
1.238625249371743786e+00
1.171818644733834791e+00
1.155104789523510700e+00
1.183090222587449114e+00
1.270043939178027159e+00
1.395745989309270740e+00
1.802928187356571454e+00
1.438314806612140284e+00
1.300284264099308418e+00
1.321774890701962857e+00
1.410162056758122118e+00
1.565179966741738316e+00
1.849488200668643723e+00
1.815670225534920412e+00
1.554759251694151745e+00
1.451749849467936837e+00
1.456739717049098104e+00
1.575766913768009481e+00
1.746400073113621332e+00
1.706044028533189261e+00
2.307688934934287506e+00
2.168980801421970028e+00
1.872084968866293719e+00
1.906275449260004473e+00
1.679946150881956424e+00
1.871675284662690508e+00
2.967524655089644359e+00
2.541684003308193329e+00
2.114240967421889827e+00
2.048168968734371820e+00
3.278030359418730999e+00
2.908042149426488976e+00
2.811421887615445758e+00
2.405864946646349090e+00
