1.554459345438756968e+00
2.981057837996735849e+00
9.504562269399110530e-01
1.389812162104950399e+00
1.578963972122763071e+00
1.352429702455361538e+00
1.446484294536554582e+00
2.323787777827185597e+00
3.553586529613027567e-01
3.854424718238794512e+00
1.651021639059761403e+00
1.698349333115062976e+00
2.492420608330585097e+00
7.984462962038171296e-01
2.016827457591350292e+00
2.571459555537366715e+00
1.295736767238183207e+00
2.311324686343414925e+00
3.661408934476160670e+00
1.457740315632698680e+00
2.657951413542347652e+00
3.937890558873806235e+00
1.948809982604467805e+00
1.743238897272707755e+00
2.361674816625414230e+00
2.773070944029291329e+00
3.621785382700708489e+00
1.657093097161381756e+00
2.100917191297717146e+00
3.342761936589889515e+00
2.135363537551616009e+00
2.546108362736779984e+00
2.097974151424335076e+00
1.878378207945680334e+00
1.605986894243423890e+00
1.767725149300246157e+00
1.473925524630638417e+00
2.412945195357621697e-01
7.272082652738739439e-01
2.905059420242682156e-01
3.339115741382828739e-01
