-1.230319200536701505e-16
3.636553634275604963e-01
5.761189847984911072e-01
0.000000000000000000e+00
1.001218110500831981e+00
9.550739012795775862e-01
1.073495663830772440e+00
1.369946704955341543e+00
1.429963263748665891e+00
1.347195849696896541e+00
1.438529728644945660e+00
1.643128406154144461e+00
1.899437539523728624e+00
1.856914221302536694e+00
1.742474442748249475e+00
1.790833241797603836e+00
1.901510966816862380e+00
2.006731065651021773e+00
2.277503072918806826e+00
2.339144891938619963e+00
2.501529926516686597e+00
2.201677055237563074e+00
2.151133842215542380e+00
2.135871760652380047e+00
2.308352172019294546e+00
2.515487512094309874e+00
2.460555274156305483e+00
2.985563230878824026e+00
3.042715934508955389e+00
2.638759158690374473e+00
2.725350850313172479e+00
2.425052870224607471e+00
2.683176386946396708e+00
3.751950930384350791e+00
3.544680517140487819e+00
3.038360625138557314e+00
2.954623378258533162e+00
4.114153365229246795e+00
3.849663820050800211e+00
3.790929791322263043e+00
3.441786303822543136e+00
