-0.000000000000000000e+00
3.449461165677066843e-01
5.128415896722188227e-01
0.000000000000000000e+00
5.972649910243820193e-01
6.441517299270401731e-01
6.568741530333577217e-01
9.148415997949337353e-01
1.270661973888664198e+00
1.052952463570092423e+00
1.043545165529846885e+00
1.277415399017767017e+00
1.498028756111441151e+00
1.949368066187704862e+00
1.674469705845253564e+00
1.472652894795203560e+00
1.494898398911680193e+00
1.594087018507951425e+00
1.824170521587484162e+00
2.181998713337153006e+00
2.169076790240744401e+00
1.828916745375103847e+00
1.711090385314935736e+00
1.694261291704348915e+00
1.847239193882182384e+00
2.063321356322616928e+00
2.004813994765021867e+00
2.762489491675301334e+00
2.738802022776506639e+00
2.251596554997862043e+00
2.311695294909718701e+00
1.975058095592811869e+00
2.251084980694331605e+00
3.482327461995912810e+00
3.205563536750834608e+00
2.699477553225598125e+00
2.580537670594826860e+00
3.810440567735843942e+00
3.530713404122426180e+00
3.462548209116532050e+00
3.095441328876588294e+00
