2.576463423139900399e+00
1.705841194319791532e+00
3.664591069360534803e+00
1.112648210449211472e+00
2.012307379581705025e+00
8.527593858661135506e-01
2.760637311144309880e+00
5.708331949494280799e+00
1.664624870667058554e+00
1.123303171784527432e+00
1.538770629053994865e+00
2.923308210077485647e+00
6.846336961280101718e+00
9.930952306243679972e-01
9.046416221839022054e-01
2.191378766406186784e+00
2.251293762160308187e+00
4.855891441089260852e+00
8.923886159520442618e+00
9.380734259989828017e-01
2.251975653576204550e+00
3.185875635280921880e+00
2.422665140558428298e+00
3.314208525628526747e+00
4.433391932103602606e+00
6.341726675155866744e+00
9.909834890199059387e+00
8.290733394752640706e-01
2.365835652550717150e+00
2.409908885065629391e+00
3.754741556272661818e+00
3.331236083859097530e+00
5.717782264480861798e+00
6.565450748553871563e-01
1.270398791608631450e+00
3.300875238285929214e+00
6.042508060634628642e+00
7.481733615457730746e-01
5.922692087944255723e-01
1.072185485858879295e+00
1.496869859723876539e+00
