1.290897329697891394e+00
2.967221338559192123e+00
1.830683863556016977e+00
1.308879199508719893e+00
1.743193251345360073e+00
9.605882408215383750e-01
2.828510118667543871e+00
3.285275147790904793e+00
1.092703262714354917e+00
1.287340910741154643e+00
2.203149649304666280e+00
4.616156681619805191e+00
5.721451983310290146e+00
1.295346472114698111e+00
7.072634492212898083e-01
2.441177072108713819e+00
3.119549980498344866e+00
5.944249443384203246e+00
1.033673225934511564e+01
1.479749634860334062e+00
2.614244640259748120e+00
2.368457385540856830e+00
2.755208713855875846e+00
4.997711425107501881e+00
6.204036901697528528e+00
8.416646159604816546e+00
1.247501160251309749e+01
1.092418174075983295e+00
1.100360074357170870e+00
1.301584916523738089e+00
4.843434838356843741e+00
3.246848290020971195e+00
8.425823834705820303e+00
1.559250214984637672e+00
2.388854187585649047e+00
2.044574448993376148e+00
3.984156195868914008e+00
2.367548554618943354e-02
1.136745045932349152e-01
1.816962470009266251e-01
7.392622977340230772e-01
