-0.000000000000000000e+00
4.791883772446877132e-01
7.895939504025759614e-01
0.000000000000000000e+00
8.703712197101172166e-01
9.921941990682110468e-01
1.095005241134069829e+00
1.217133081519770732e+00
1.428359000541610024e+00
1.329315194804361111e+00
1.363700012132034178e+00
1.367128833581999769e+00
1.454345945062245793e+00
2.024274871981574631e+00
1.690348825499868868e+00
1.521598273665721868e+00
1.487227653192401799e+00
1.518254638797103429e+00
1.729307467947847066e+00
2.184760796651209258e+00
2.213701575232087215e+00
1.740117866130291846e+00
1.614096111553344315e+00
1.592858621656497720e+00
1.764725250958850911e+00
2.086549874333538224e+00
1.997176430561370175e+00
2.790756038070871803e+00
2.857002113160745704e+00
2.410731673762764427e+00
2.484076836620176643e+00
1.962002908207833851e+00
2.393842777504001429e+00
3.308434636474021140e+00
3.169607529621121689e+00
2.861282328454352264e+00
2.776954314952780223e+00
3.640250303043555125e+00
3.409536638251591700e+00
3.366000157022820183e+00
3.115889321051747096e+00
