1.961648259162312355e-16
3.125615271111278348e-01
4.693052633411125552e-01
0.000000000000000000e+00
5.735961475340862759e-01
5.909151245060018098e-01
6.532185556763608902e-01
8.346025273228582231e-01
1.014432006975005685e+00
8.356224440836385048e-01
8.016031358678454843e-01
9.139718603194686430e-01
1.085240394761087579e+00
1.523153554985685387e+00
1.229049044958113734e+00
1.067588425885026338e+00
1.012348272015208828e+00
1.125774844775098149e+00
1.372088125509020262e+00
1.743676041393446230e+00
1.813254854539871008e+00
1.480524015673096994e+00
1.245879096124526519e+00
1.212562357671949531e+00
1.407361755012126459e+00
1.710497611193699141e+00
1.625675770220767591e+00
2.526953541466816500e+00
2.581242018239529923e+00
2.017551336515345017e+00
2.059321203995573502e+00
1.617051488599197562e+00
1.971240675700864697e+00
3.171562640477192385e+00
3.015066789391041446e+00
2.501571330547301741e+00
2.381479814395011552e+00
3.611696549087839880e+00
3.346349206393747000e+00
3.286018074667775846e+00
2.895968866904665706e+00
