1.091210750683579755e+00
3.901977946436837374e+00
2.420557188124366821e+00
3.963609523644967547e-01
1.156096129749820678e+00
7.889721304941849089e-01
1.583229379801898595e+00
5.843913593335658518e+00
9.277291942373081524e-01
1.879948736143874921e+00
2.055424933175526991e+00
3.842427906486869382e+00
7.766463296189661136e+00
1.199726713721630089e+00
8.786682173280048191e-01
1.324179917827367436e+00
2.572870481785275221e+00
6.088406092999624875e+00
1.255079295452416233e+01
2.060581067918844766e+00
7.069206782110524223e-01
1.129077920038852323e+00
2.596090177530169907e+00
4.848927444129912168e+00
6.878314061922103484e+00
1.003174870818032538e+01
1.400962529266657697e+01
1.422417044168305944e+00
1.078461076306034494e+00
2.608439722739016808e+00
6.409052183376476641e+00
4.398521826198373397e+00
8.548629550751970285e+00
1.625681004120706596e+00
4.269277283146988844e-01
3.675727685161314096e+00
9.866138182098337595e+00
1.035500500465793561e+00
1.508872871553252892e+00
2.439222474834232546e-01
2.882585501174962150e+00
