-0.000000000000000000e+00
4.478419174152191151e-01
6.000740696994970591e-01
0.000000000000000000e+00
7.660580854695775432e-01
8.174151541510112917e-01
7.918416845502862511e-01
9.094583019834915349e-01
1.198691951436287262e+00
1.111566446916067097e+00
1.148925970234005778e+00
1.166367013036753386e+00
1.401559909660974546e+00
1.761331260405433197e+00
1.468583437555267768e+00
1.405847684507573137e+00
1.423815143558105900e+00
1.489476960785189652e+00
1.699636630648440949e+00
1.979726808791273829e+00
1.880945500410681426e+00
1.670757003582111988e+00
1.615414895561127384e+00
1.597004747094187715e+00
1.727105186269293657e+00
1.869200880715964352e+00
1.825401706441892369e+00
2.371902204238462097e+00
2.264321322393994418e+00
1.976320401737241994e+00
2.019573047608324234e+00
1.816858383034896551e+00
1.982403604010172682e+00
2.840400951512817240e+00
2.616534659725934020e+00
2.243758693503934865e+00
2.182424166645054342e+00
3.205472745138507662e+00
2.937755713635834098e+00
2.881100468546886173e+00
2.529121788338436705e+00
