1.632203690390838791e+00
1.829072731168271515e+00
3.163784144251675201e+00
2.190946171389098307e+00
1.965683696758088406e+00
1.241201383460663665e+00
1.479689635039484585e+00
1.690536974895299638e+00
1.378120950929252464e+00
2.362466100125478086e+00
2.282654977507223126e+00
1.947697359531491035e+00
2.398971498337020503e+00
1.229072627495296555e+00
1.805598442586415553e+00
2.331572463704133291e+00
1.649997741345003766e+00
2.001199184062425029e+00
2.941294132955970753e+00
2.701650037829271267e-01
5.983520748084268703e+00
2.415649922457991039e+00
1.882948559176697012e+00
1.652582037643377078e+00
1.844588539967268126e+00
2.225815768799443983e+00
3.009979808558167047e+00
1.866196673721445043e+00
1.383728408989645331e+00
1.302993698210365592e+00
1.490085614750773058e+00
1.504947221853128125e+00
1.879906430816966401e+00
2.491242786659446207e+00
5.919046113201227310e-01
1.236360583392902779e+00
2.353845157996697246e+00
7.337914553049095234e-01
7.160156911053167095e-01
3.610649718058539515e-01
3.138893097946912736e+00
