3.585659803002394508e+00
1.872792597468908138e+00
1.019296688307758991e+00
1.394023012367924474e+00
9.548574286041066062e-01
1.463140329682901086e+00
4.135829860655020340e+00
1.780571079663316736e+00
9.588528319274871592e-01
2.043397217723408321e+00
2.640845619494010421e+00
3.444940238207174321e+00
3.800955627957692151e+00
1.224397382354870834e+00
1.649359657724235761e+00
9.567510791666166137e-01
2.479160149124086221e+00
4.380429980856892946e+00
6.022158823344307521e+00
2.998816382593352259e-01
4.010401600059764426e+00
1.784318486005839421e+00
2.548566049725987437e+00
3.985643678529501965e+00
4.363058643090758082e+00
4.199347905178589357e+00
5.603407275143258204e+00
1.404674166109330935e+00
1.962596338640000493e+00
2.618921947448769938e+00
2.317860486878264847e+00
3.401632087197627996e+00
2.206416575387963874e+00
1.486107070087088422e+00
1.929402857395708715e+00
1.472220537629455261e+00
7.996560761180123711e-01
6.713560792490409490e-01
2.160162732577729228e-01
-1.836718495307701204e-01
6.867472458305857730e-01
