1.783617852902442902e+00
2.249691528235039151e+00
2.916512938676307343e+00
1.483431401221663393e+00
1.661752118535879008e+00
1.062474811358468996e+00
2.433799314835277006e+00
1.647226469388471060e+00
1.089493101541816555e+00
1.981646656276831120e+00
2.280695645700156593e+00
2.189418058115242705e+00
2.800650580588045280e+00
-4.469124209480880572e-02
2.838631988068121448e+00
2.371882217269671411e+00
1.964195811098855771e+00
2.640468635786537455e+00
4.328414750548848389e+00
2.260584731994484287e+00
1.223676137195855329e+00
2.059824533638597632e+00
1.913346538434319122e+00
2.085646969669506134e+00
3.225752711774786174e+00
3.697908734463077440e+00
4.598344040950129497e+00
3.963477035324612263e+00
1.912282094082638384e+00
1.747015300303004670e+00
2.613461846093296792e+00
2.754020155844893569e+00
2.652726670370072704e+00
2.208193098652436959e+00
5.566449711045111659e-01
1.911595824650860420e+00
2.530771658782534850e+00
7.522308434836655344e-01
9.451491644237122181e-01
1.082604810468148715e+00
5.167944534235973109e-01
