9.836431208020496308e-01
3.288805766155832533e+00
1.923731489779034298e+00
8.830082362583572264e-01
1.963144515444444460e+00
1.109044470936193072e+00
1.495280602704497142e+00
2.005191531103487357e+00
8.138854813815595834e-01
2.363898987463047607e+00
2.716508567255383255e+00
2.180280431866454371e+00
1.468990065496588615e+00
1.461967800517469440e+00
8.331619630857354242e-01
3.428997485903432452e+00
2.200773978798480357e+00
1.885245633534733178e+00
2.313959817137333008e+00
2.194207070511558388e+00
2.777436935110885852e+00
3.397349495788858587e+00
2.687636456525130058e+00
1.732232706707455216e+00
1.944556687331923772e+00
1.526603912232187055e+00
2.004707216160434236e+00
1.964127763836345908e+00
2.621005142105985897e+00
3.709174592097095324e+00
1.153474730394089542e+00
2.360622500322886452e+00
9.141650742275279073e-01
1.664846223683865478e+00
5.553123241796894538e-01
1.202245604118548972e+00
9.942003797347983562e-01
1.258062190264594093e+00
7.905197651359395783e-01
-1.423167892243251131e-01
3.095672632963978987e+00
