-0.000000000000000000e+00
3.364928131016467483e-01
4.877967484677577792e-01
0.000000000000000000e+00
9.028664246917458280e-01
9.085811553724262302e-01
8.756670734880313001e-01
1.086331357162348521e+00
1.421458080222733455e+00
1.292552684803386809e+00
1.204153455884348300e+00
1.255987142646864507e+00
1.483172929036165932e+00
1.710593626480300777e+00
1.559546393936818598e+00
1.549734954206430038e+00
1.497303822047778565e+00
1.569546476919711608e+00
1.822483011596772728e+00
1.823955741346596326e+00
1.901716790724347073e+00
1.782369747395682547e+00
1.753071800114290202e+00
1.700952817418495577e+00
1.863117025017695383e+00
2.041814616363796908e+00
1.988657740845966027e+00
2.471301870158137515e+00
2.485901043527083409e+00
2.137302316645056877e+00
2.222515111707042745e+00
1.973962676165577745e+00
2.185024129447515673e+00
3.217149281374338088e+00
2.984928567981025349e+00
2.521723070700590430e+00
2.442434063998379035e+00
3.579410145440215185e+00
3.307871962688696765e+00
3.245454163327351260e+00
2.902101488336028545e+00
