5.465165757308522817e-17
2.546485551449145235e-01
4.202280961085512745e-01
-3.238045684568427922e-16
4.843195445323126846e-01
5.147390810029576214e-01
5.946222679635746466e-01
9.359566927610386555e-01
9.191533546472154814e-01
7.977256469375016978e-01
8.788737181550960731e-01
1.143217088324778974e+00
1.412867961112303172e+00
1.371957121312663563e+00
1.214467714309886537e+00
1.156432023848050328e+00
1.280457620390185181e+00
1.472023988496230062e+00
1.735786620274769598e+00
1.790102990866603516e+00
1.958040670480341694e+00
1.648073658291786536e+00
1.544145794543404726e+00
1.563798821001120887e+00
1.753419345881062297e+00
1.984300877875313507e+00
1.925964379948732708e+00
2.664146246844623533e+00
2.563479638975842523e+00
2.151328921647891246e+00
2.211051578071640211e+00
1.891701340035212064e+00
2.161940102797881291e+00
3.185036882276567560e+00
2.964177711710005880e+00
2.512182306425691625e+00
2.425341736804696335e+00
3.465013029972603853e+00
3.229952012192060185e+00
3.176853780548111406e+00
2.862913594310676491e+00
