2.604334120849498557e+00
1.734297654885260442e+00
8.521886849503687023e-01
1.581454069918559302e+00
2.327622740496646969e+00
1.542824950014750396e+00
2.828807288471675729e+00
2.494217900655658404e+00
7.728914627710935514e-01
2.374210728220531141e+00
3.852383010652107309e+00
2.886229270235796562e+00
3.906981765648029459e+00
1.293321855618582372e+00
6.083724531876729680e-01
2.890423742659999906e+00
2.986308612200702317e+00
4.226972299980517711e+00
7.108327933095791806e+00
1.989817150842215776e+00
1.433337896494114361e+00
2.388986477416396692e+00
3.189594012195280825e+00
3.622444311704261288e+00
5.009573894071161604e+00
5.487253038791106263e+00
7.639185440582537900e+00
1.145449439772587619e+00
1.668036188762281435e+00
3.953028386697350349e+00
3.884882047790083615e+00
4.088285758709140794e+00
3.728888262644220575e+00
8.486711256392011071e-01
1.865486660472470026e+00
4.001877813628316183e+00
2.222197396659224999e+00
5.338174144542316979e-01
1.019153871644128406e+00
-9.699435317694271586e-02
8.352180114989382620e-01
