-0.000000000000000000e+00
4.848084424149398663e-01
1.228879152617677439e+00
0.000000000000000000e+00
9.094110410450129134e-01
1.173767452517822107e+00
1.496871776530795506e+00
1.822919104085177100e+00
1.765973790115374253e+00
1.639004856407549449e+00
1.695433833486715614e+00
1.876265761330625947e+00
2.009403263575662013e+00
2.304607329279908079e+00
2.074021773801836499e+00
1.964554726481747560e+00
1.942342381948845675e+00
2.023519956890692306e+00
2.144127964343117032e+00
2.411899389847051101e+00
2.405234943158730765e+00
2.255747853086875754e+00
2.087909232810500892e+00
2.067010524093838342e+00
2.158296059717705440e+00
2.287246523931966369e+00
2.252092274041415987e+00
2.648086468496528401e+00
2.622522190850906654e+00
2.474501919921138438e+00
2.432635673640735963e+00
2.261489429750495272e+00
2.390994647726662592e+00
2.919794264777870296e+00
2.799250248563670773e+00
2.612876231506149338e+00
2.550047836200370455e+00
3.364578128804677437e+00
3.100928423248095811e+00
3.047091956216542386e+00
2.765991766347801306e+00
