1.566317734763067682e+00
1.003003086414963718e+00
4.616043753809157657e+00
2.470887286801220384e+00
1.821359415633723833e+00
2.207393279767653649e+00
1.838917790328761015e+00
9.806358856744368246e-01
2.071493009433339694e+00
1.237380915312286334e+00
3.440636413341939370e+00
1.955418996324456149e+00
2.485584043469834636e+00
7.206907130966619945e-01
1.698827703839771441e+00
2.248731806963622848e+00
2.658087636887521477e+00
2.217476360331941176e+00
3.530716418331377060e+00
1.212253770005393028e+00
1.691704933910358921e+00
3.606594575345910325e+00
3.202295122182639897e+00
2.462030149777283849e+00
3.019884984154319163e+00
3.501240660177744157e+00
3.800976384407310338e+00
4.318043364454534405e+00
1.356722572887298028e+00
1.957822105510454325e+00
2.600728109979385305e+00
3.175405051134255530e+00
2.631617452445483174e+00
1.960669848836243290e+00
5.718721987739601165e-01
1.578855167985348862e+00
3.119712112597570197e+00
7.981742340719096829e-01
8.829264226505644242e-01
5.853089239875710614e-01
2.351605338404286538e+00
