3.008255412540161711e+00
1.974064615788406973e+00
1.998800764154196274e+00
1.375688364990356849e+00
8.990196860104738841e-01
2.948464479389227844e+00
2.349042103488236055e+00
4.127677904483364024e+00
5.272017383756421038e-01
1.280441277175282222e+00
1.459840744450768169e+00
2.983049454049596427e+00
4.374182972996010221e+00
-2.915002200921355535e-01
3.826839294783131784e+00
1.332268042643856898e+00
2.444502547923618430e+00
3.932522595555792755e+00
7.021270181138449473e+00
9.671917659929684108e-01
1.774625987043610076e+00
1.439481618605269242e+00
1.764562350487371534e+00
2.608776399304044702e+00
3.880141262622042397e+00
4.562743937113837411e+00
8.217950553136773806e+00
3.044555013473170479e+00
2.867959654223577015e+00
1.382043974590449142e+00
2.241137720869186278e+00
2.401139252626444787e+00
4.218820356254661341e+00
1.344022545147960157e+00
1.050867089770657126e+00
1.373120157477770720e+00
1.826176619002356505e+00
6.680241749460942291e-01
8.181312148581374455e-01
3.495316932685759714e-01
1.308113977297250985e+00
