2.052917266362440873e+00
3.129027929698098731e+00
1.694357484052406049e+00
1.151026258577585448e+00
3.634182874799500307e-01
2.387589414471719795e+00
1.437221883189546690e+00
8.287384748670856283e+00
1.523814610549185655e+00
1.490777720110352478e+00
1.471570778341561248e+00
2.744224336313569879e+00
6.441476729169082205e+00
1.190974244072570798e+00
7.852004872427009730e-01
1.915348797601520214e+00
2.639693082940245183e+00
5.339352673580338049e+00
8.317827868879493991e+00
1.224623532151353000e+00
5.601252055515738570e-01
3.160402094398258477e+00
3.269888426380089808e+00
3.999216364382847999e+00
5.201600929762171255e+00
5.489031590911896963e+00
7.548381987222685829e+00
2.708665009248604871e+00
2.370294582264586669e+00
5.241376213094095959e+00
3.041125927114797012e+00
4.789643456597900695e+00
3.625832350765531231e+00
1.211897981068863039e+00
9.006861500759977268e-01
1.862618515081773118e+00
2.356293830500381326e+00
9.108597412561205697e-01
6.745762051051032993e-01
9.695690869883134555e-01
7.029016150331118817e-01
