-0.000000000000000000e+00
3.770423540086815795e-01
7.557660764470544024e-01
0.000000000000000000e+00
7.227628190159188781e-01
8.043299010783853120e-01
9.501794379062974416e-01
1.105198847237830018e+00
1.418717785682791943e+00
1.149950167269295775e+00
1.132743804744000826e+00
1.212388140082347299e+00
1.414470834532393972e+00
1.945084374361889301e+00
1.735907757896437920e+00
1.528652179584843562e+00
1.427774547950819262e+00
1.506515760393049019e+00
1.838654117143511124e+00
2.185830596744583243e+00
2.246724169186076647e+00
1.972055143242311903e+00
1.761233691791878053e+00
1.663710726806036044e+00
1.909540235520303275e+00
2.203688970439188655e+00
2.116916689853356459e+00
2.656605658404223469e+00
2.665857848901478810e+00
2.404458355073703757e+00
2.454832435023641679e+00
2.145454449325937762e+00
2.407971797211034382e+00
3.141925535405669656e+00
2.968083361646482121e+00
2.682275253080730337e+00
2.625372743383059593e+00
3.506075838266929257e+00
3.225549698583332958e+00
3.179399684536062143e+00
2.923708992323973188e+00
