-1.308068810240241071e-16
3.480727797843904958e-01
9.376796247335421608e-01
0.000000000000000000e+00
9.696268164606419715e-01
1.126504389627907887e+00
1.280173445774271723e+00
1.619313079576954362e+00
1.822890528060695958e+00
1.765348474118624278e+00
1.825292042580876517e+00
1.779257901390178365e+00
1.935249497783793293e+00
2.467870567438722684e+00
2.201509722744203756e+00
2.093528813894999452e+00
2.009372911510594051e+00
1.998100589107433267e+00
2.172542555286277821e+00
2.600165087036031775e+00
2.544472130001833587e+00
2.291180944737553737e+00
2.164891518156268013e+00
2.091375072377945621e+00
2.203885980186829574e+00
2.385280622920823657e+00
2.334381253001822198e+00
2.927934684183933545e+00
2.930142030274682341e+00
2.571454595200416637e+00
2.599902728066449509e+00
2.331696539463245177e+00
2.549010105516986258e+00
3.369145984135729854e+00
3.188205011423198343e+00
2.902626978498085375e+00
2.832615572288025518e+00
3.714908918808931482e+00
3.457554610769641545e+00
3.371491972753643651e+00
3.123890160374368730e+00
