2.388375666935340202e+00
9.623598523345393563e-01
4.175673646893409696e+00
1.913151671283088051e+00
1.810576757045215812e+00
2.171364967879297669e+00
3.202245101539886729e+00
4.390669777728352763e+00
7.514151427198926259e-01
1.020345515231675826e+00
1.373805112261673012e+00
2.942582458401473033e+00
5.905124388608075314e+00
7.148206558362960594e-01
2.047447496605629969e+00
1.848821571236512362e+00
2.248030114845690264e+00
4.384709597982267226e+00
8.411540735977244054e+00
1.286416468277309377e+00
2.540239510701441716e+00
1.593602486868125334e+00
1.955847301561346230e+00
3.037319740111406041e+00
4.325611717490314589e+00
5.546227369588292433e+00
9.111200180317398534e+00
1.825324227403760879e+00
1.260505782686119014e+00
2.404605009609426691e+00
3.280017749144679584e+00
2.852653866584292874e+00
4.368394262287067953e+00
2.456900095869188227e+00
3.693823048219541105e-01
3.513899148365534408e+00
2.796865602902870673e+00
9.772071121676777494e-01
9.936540157259388106e-01
6.904436605888705225e-01
1.352452544425621017e+00
