2.491249638276526124e+00
1.484375711360920391e+00
1.504901206702110139e+00
2.294705580513350274e+00
1.847653256178145353e+00
1.799530436668277389e+00
2.139222314044673556e+00
2.151291276854626844e+00
1.985878886073115801e+00
1.944506452158483611e+00
3.406784426041096658e+00
2.750282401941781529e+00
2.998451109495321454e+00
2.135487520003399808e+00
4.993809407351133545e-01
1.644203665592180563e+00
3.725542316510408902e+00
3.589668620336057270e+00
4.791546702500760091e+00
9.847722567208753164e-01
1.311588892430542996e+00
3.744300795391311887e+00
4.893919972303645949e+00
4.232434276693680886e+00
4.714659735261676587e+00
4.626498730537467630e+00
4.209235459404198743e+00
2.060423275359377193e+00
1.538253985588920791e+00
5.401328638219694334e+00
3.597234368623419609e+00
5.838177677003582922e+00
2.085179087533041820e+00
1.435082774484894852e+00
1.175851780077504793e+00
2.355069448414762068e+00
1.358681477646055846e+00
5.729006256777778860e-01
1.279565729165536458e+00
3.045749729563359542e-01
1.326926732566994893e+00
