1.409020009884949909e+00
1.651891456229725774e+00
1.959130414152314037e+00
1.757500281733909375e+00
3.556755472621274006e+00
1.268158127953959990e+00
2.417950781350207468e+00
1.291591731294645884e+00
8.224036344823841826e-01
2.294136071853170034e+00
2.838288647974025469e+00
2.425197240746405747e+00
3.370681620979435689e+00
1.112689331553351479e+00
9.905342623815097669e-01
2.353381477893122131e+00
2.936652316722932365e+00
3.682026539466865422e+00
5.281291862126132663e+00
1.509141193217920618e+00
2.707470569756533774e+00
2.541999479184048116e+00
3.528686488116301589e+00
3.874523180198639949e+00
4.449262072724791572e+00
4.814922003038539344e+00
5.171132933223127282e+00
1.552396914414008178e+00
3.063072074640779352e+00
2.691827007044961917e+00
3.294930995807820562e+00
4.087946224431483699e+00
2.732660653526460148e+00
1.015150616170497511e+00
6.451403788212639601e-01
1.705732472919195164e+00
1.929963559080648317e+00
1.024894380684538087e+00
1.539275707165113083e+00
1.780668575172800194e-01
1.354956743058315594e+00
