2.615572565598781818e+00
5.586410718735413949e-01
1.666644880130953910e+00
2.322882756533815929e+00
4.349316821421370882e+00
1.690494548746937831e+00
1.976829982093484706e+00
7.755329084496846992e-01
2.000719135904764023e+00
1.009549794868308759e+00
1.472984208318415034e+00
1.097892966724288266e+00
1.448068636862940073e+00
8.537153601581976003e-01
2.555742891773400416e+00
2.878258355007836666e+00
1.604678662022216651e+00
1.400278246071018806e+00
1.530027102564684771e+00
1.476934645071669827e+00
1.324355612451445063e+00
7.089979908508458273e+00
1.650623015304351959e+00
1.243699427451989470e+00
1.244610664646720322e+00
1.404343262992381769e+00
1.185569698476273803e+00
3.658608335989804505e+00
2.118237758450959962e+00
3.723322129255599577e+00
1.542833174228622761e+00
2.400971391694236345e+00
6.823539605757517057e-01
1.873775760506355637e+00
8.519811023670674777e-01
1.765835911313815787e+00
8.562604615420458254e-01
5.622770139587509597e-01
1.266843537118032437e+00
3.081722274002097195e-01
4.902971553273449135e-01
