-0.000000000000000000e+00
3.815887184028854962e-01
5.288631220372339570e-01
0.000000000000000000e+00
6.098773457014838861e-01
6.793061281072507729e-01
6.960271966924526099e-01
8.238614056445673350e-01
8.900795549286149022e-01
8.724404985048356265e-01
9.304249272809713700e-01
9.696598454821953039e-01
1.220111018947156678e+00
1.390401575974778758e+00
1.115145792575242156e+00
1.117782861925650018e+00
1.193740712022602901e+00
1.287649669268190245e+00
1.520172525838994870e+00
1.565786491456107932e+00
1.609150856016588582e+00
1.435532188441340562e+00
1.392962223811682110e+00
1.393221530731870272e+00
1.544993088498404887e+00
1.694650521851583491e+00
1.653367804334478386e+00
2.086282532850916915e+00
2.001056671730875980e+00
1.777524966198123391e+00
1.826018412324068585e+00
1.637363780128653357e+00
1.801766802121991695e+00
2.551122958036918131e+00
2.359255577925277070e+00
2.003755539083976078e+00
1.957085701468249006e+00
2.825666850414681353e+00
2.632038920474240928e+00
2.575716360950472072e+00
2.272901423014405786e+00
