4.845606879418430601e+00
8.648665138106864658e-01
1.792316706284600825e+00
1.240199911345245987e+00
1.005995474565310577e+00
3.972955038200773004e+00
2.700190768617867221e+00
4.780746604571429081e+00
7.127396669463004208e-01
1.262800643060271177e+00
9.513034025973530206e-01
3.408471118996648563e+00
5.884683955812933576e+00
6.220397027720135918e-01
1.656196045044920018e+00
1.719616337398560901e+00
3.268103366872534554e+00
5.259096624221155203e+00
6.956020672639297686e+00
1.146502004509716732e+00
1.191459037944966770e+00
3.790232184410754268e+00
3.358438686379621174e+00
4.665568338488607303e+00
5.395404413538826383e+00
4.825114797838398140e+00
6.044911161972011726e+00
8.636558939225981169e-01
3.683856668003034240e+00
4.200474897854047818e+00
2.249814456686783259e+00
5.296160314039873640e+00
2.892320833200426211e+00
2.322103534046966455e+00
5.817045312983863958e-01
7.404628979037102265e-01
1.099790875011068980e+00
6.739763314596842747e-01
8.299979201727696321e-01
2.219816154263843933e-01
1.174396955434947598e+00
