1.694531699848184525e+00
2.663557919340914459e+00
9.402219544769235826e-01
1.508412619573793911e+00
2.073442277615618057e+00
1.403870030011829417e+00
1.553731168674334473e+00
1.187710481939969309e+00
1.205818706651760941e+00
2.467671361136928976e+00
3.033907545803476324e+00
1.546190369866270231e+00
1.294819297953456738e+00
9.014982983180204190e-01
1.297033215706070663e+00
3.812616550316676456e+00
2.274561837387572449e+00
1.625615183395150432e+00
1.797943535516058899e+00
1.081027470705993476e+00
2.615278946700035245e+00
5.755089918381058212e+00
3.169765659212144815e+00
1.647312729436565926e+00
1.762025319067044515e+00
1.523936732688330187e+00
1.633791784490857824e+00
2.496546126143486255e+00
2.578186189749062329e+00
3.123499109572867027e+00
1.012672838702019185e+00
2.687676967318661347e+00
9.851846917698875439e-01
1.547537671676785020e+00
1.451956586655180459e+00
8.377181218482665503e-01
7.615724105225467611e-01
6.763281469579301985e-01
4.210341379176407162e-01
2.891395310342394498e-01
5.703531124130409857e-01
