-0.000000000000000000e+00
4.523438457751304265e-01
7.391430266999647891e-01
0.000000000000000000e+00
8.140058455353195166e-01
8.415358414596496583e-01
1.037275946652401082e+00
1.265345182484146624e+00
1.217761838761625137e+00
1.084892212817208712e+00
1.166333258004461193e+00
1.323292934903492535e+00
1.450398300990753286e+00
1.643353529910485555e+00
1.388026675022497436e+00
1.330092742668111949e+00
1.373454730485741182e+00
1.461553189274430453e+00
1.576704002337061095e+00
1.813427105547857465e+00
1.704577460369752329e+00
1.523963788038783962e+00
1.480090899671019811e+00
1.494848431111656328e+00
1.576952297938373215e+00
1.708066189236287391e+00
1.678998871196194509e+00
2.214771316969541548e+00
2.136927116130478588e+00
1.800208221568542433e+00
1.858857548301850793e+00
1.636962975205796367e+00
1.830178559196325994e+00
2.664875939373532621e+00
2.406168961523214467e+00
2.084751708429270156e+00
2.022907735491592973e+00
2.888718281238268570e+00
2.632395168136434371e+00
2.580506061698806697e+00
2.327154631011456143e+00
