-0.000000000000000000e+00
4.171558538183365306e-01
6.963082080606923796e-01
0.000000000000000000e+00
5.733231608468890572e-01
7.115082851376547390e-01
9.037899509821386568e-01
1.065751408148588375e+00
1.061871982246709978e+00
9.238234848881986538e-01
1.012127556263133332e+00
1.124262126863200262e+00
1.220523337491326243e+00
1.574239285319816828e+00
1.255421918977789986e+00
1.115541304304126236e+00
1.156100220994166872e+00
1.230038303098173857e+00
1.323033157792930181e+00
1.780380250431122358e+00
1.532134044277741358e+00
1.279274277751423883e+00
1.236634590538764122e+00
1.253789173562671833e+00
1.325553734343898782e+00
1.447475895586099792e+00
1.412937876812413895e+00
2.234990613808935045e+00
2.066168869953910470e+00
1.580557237479521593e+00
1.635209746332390246e+00
1.385862859085778886e+00
1.576851590184739083e+00
2.649750280361538923e+00
2.429810474157720890e+00
2.038465181000569171e+00
1.926393475958512402e+00
2.902172068509669245e+00
2.672673234573176959e+00
2.616666691911282427e+00
2.363368474454357937e+00
