8.902167420332428582e-01
2.959979518754640715e+00
2.565786401197755584e+00
1.851869770617954547e+00
1.063694233894147301e+00
1.407518976073907746e+00
2.076517491428777618e+00
2.524549566369019615e+00
5.904314590954525821e-01
1.255127097484241450e+00
2.678063581374289015e+00
5.011678714088105835e+00
3.862336575768495539e+00
4.156578625415296990e-01
2.374890198576154354e+00
1.268265233818494098e+00
5.065939221117388591e+00
5.752776481913656426e+00
8.520804809011611525e+00
3.698193891996713334e-01
1.463287175548553920e+00
1.305810121602271279e+00
4.041195667816054993e+00
6.560588928523292118e+00
7.782385061915069180e+00
7.868510227445844052e+00
8.750270661858552401e+00
1.458632194051833642e+00
3.632222737062590134e+00
2.396927986660657428e+00
4.674959616150140995e+00
5.743401819680903131e+00
4.524984705165918442e+00
4.480180019563756999e-01
1.206456311054266317e+00
1.445843736522826939e+00
1.921814231718087518e+00
8.889739373482378193e-01
8.796945636166672022e-01
4.353862566337552420e-01
9.848211287797737912e-01
