1.467367222134659643e+00
2.051572523477058319e+00
2.334553287303119173e+00
1.400547981274370191e+00
3.345500679495337693e+00
6.781025322496400110e-01
1.626291238067320233e+00
2.448993502164669600e+00
1.564129983253877532e+00
1.651483366937821495e+00
2.288437062834468350e+00
3.032499137594635297e+00
3.530158071416436893e+00
7.667780113910220852e-01
1.720891099916121547e+00
2.086090195562882332e+00
2.778555818323702908e+00
3.957642588439818088e+00
6.027092103780792520e+00
1.727222945770517493e+00
1.744117433554514651e+00
2.022816553746952017e+00
3.276666542289236705e+00
4.004271907749306969e+00
5.088723016483827521e+00
5.626863674382724056e+00
5.799890743370756496e+00
2.348871896084681055e+00
9.586103605859749299e-01
3.317215819656835318e+00
4.406525543714528759e+00
4.556895258132104942e+00
2.979262874701342767e+00
2.883069441646600062e+00
6.887942124934670618e-01
2.662098850443338716e+00
1.690300771100319066e+00
3.146678941920380557e-01
1.572940315412048706e+00
2.392381959809355974e-01
7.505413000579174154e-01
