1.373247250802746677e+00
3.464994657627794794e+00
5.918293876638314188e-01
1.150873421654700302e+00
1.073884508110895641e+00
1.942571587117044141e+00
2.160324416848733886e+00
1.546059682776978805e+00
1.807176706802164912e+00
1.937974893159320811e+00
2.227697950239067914e+00
1.669552566805385441e+00
2.357438565442878442e+00
1.476400055488380048e+00
8.715220058481655263e-01
3.189604121689150418e+00
1.835290705394239996e+00
2.156450161462084569e+00
3.390244685079528253e+00
2.551178662209601544e+00
1.915841812136808153e+00
3.629191304096671900e+00
1.945936810875672274e+00
1.719192667809531505e+00
2.211760437147567426e+00
2.615558175292467702e+00
3.217877536798274818e+00
1.865474399803855210e+00
2.786866495223942586e+00
3.021272474072714154e+00
2.173403256967286978e+00
2.462176142120479305e+00
1.617412839613819653e+00
7.778815643748497877e-01
7.179659898183610167e-01
4.053241119658025582e+00
1.658146641528005061e+00
1.205980937180091139e+00
1.029734657629625572e+00
7.199308793725814892e-01
1.253280846277063043e+00
