1.146524549651259273e+00
3.262107239211713861e+00
2.699226497097571897e+00
9.061877860222806724e-01
1.070901087663074458e+00
1.588503717224889034e+00
1.965196734900695130e+00
2.615953625503754321e+00
1.955974109773490621e+00
1.729595823629444418e+00
1.764941862130856354e+00
2.542369718329557049e+00
3.803574191025458795e+00
8.305105581871676801e-01
1.369929838221702445e+00
1.678353297864750404e+00
2.100076122659172650e+00
3.412760426364213284e+00
5.433752370965418521e+00
2.104076634236351939e+00
1.994701902733269527e+00
2.343657031325729445e+00
2.271333981614753750e+00
2.890037479085588945e+00
3.624702576210631744e+00
4.206292004769943027e+00
4.976573782451906069e+00
2.863069449271621991e+00
1.288003928000912568e+00
2.825354299276333414e+00
3.449517338217169105e+00
3.246025803148182565e+00
2.464543032874050077e+00
1.054869901573287194e+00
1.281618193134091310e+00
3.069905686196557237e+00
2.085784059849355998e+00
1.034273004046995181e+00
5.628805652691281081e-01
4.473531921778083342e-01
1.683245635901539305e+00
