2.241477320677639273e+00
2.401470449293586995e+00
2.486573226666997982e+00
1.674859268466742046e+00
8.963782132411129977e-01
1.115340970265213061e+00
2.647248557904843480e+00
5.727157202647815026e+00
1.517332929290664101e+00
1.244049268520776685e+00
2.332243950257299137e+00
5.150592762128906266e+00
6.257434056927156263e+00
1.204032372345353430e+00
3.268526215997135664e-01
1.703335116209621303e+00
4.039688282591544777e+00
6.943578602366907937e+00
1.045719441942982364e+01
1.264184177658714381e+00
1.814252951993571727e+00
2.000837340049385293e+00
4.008683498339071782e+00
6.111641679710829500e+00
7.467456405032504740e+00
7.952116857382002912e+00
1.089292074137102695e+01
8.781028678269402477e-01
2.095104597352039910e+00
3.847360606124150539e+00
4.386376434117394751e+00
5.325715511993491802e+00
4.995168773790193306e+00
1.143486514662100939e+00
1.834156671548774931e+00
2.444766216470411813e+00
1.387409050148491696e+00
4.057016224442649976e-01
8.585428821498095608e-01
1.182793982217890116e-01
4.126769106468951565e-01
