-0.000000000000000000e+00
3.162805241395530431e-01
6.573966283630132690e-01
0.000000000000000000e+00
5.971508725629692815e-01
7.133052238088222197e-01
8.641895937867989375e-01
1.115066879655449927e+00
1.341708315871535717e+00
1.229970347382306928e+00
1.239007781806823472e+00
1.240748130796068383e+00
1.479635224434395768e+00
2.108189476135729823e+00
1.782364423846397372e+00
1.575864634591274571e+00
1.479086417945770116e+00
1.547788140564476000e+00
1.933057329987293738e+00
2.412179477851167153e+00
2.404558242589265316e+00
2.019628069260484882e+00
1.770901207813052824e+00
1.695173800122625751e+00
1.976871139559913226e+00
2.394847030536804589e+00
2.293673535498038873e+00
2.848236433778153387e+00
2.901296255567424875e+00
2.634446079672719154e+00
2.734711382139614511e+00
2.242645106489709050e+00
2.688425311542065099e+00
3.398680921437560176e+00
3.149517023360372647e+00
2.943407712918558072e+00
2.904112949930317988e+00
3.586913125741622466e+00
3.363151622701826771e+00
3.298082363511411597e+00
3.101620029738662687e+00
