-0.000000000000000000e+00
4.077020574897143868e-01
9.036741233375841231e-01
0.000000000000000000e+00
9.382728047194384136e-01
1.056936866204855052e+00
1.256163182403714718e+00
1.523301646016930633e+00
1.603179320784251072e+00
1.539806010629857447e+00
1.518802372418853519e+00
1.632599500834392314e+00
1.766422007018488838e+00
1.838518186260110543e+00
1.763554848462054681e+00
1.763589400968674337e+00
1.750204965026927351e+00
1.799642002913184102e+00
1.929790796831684752e+00
1.953845490697846632e+00
2.024061924321584272e+00
1.909017846523284545e+00
1.866743382729692868e+00
1.855000420460179100e+00
1.944948326287575746e+00
2.071932112573499740e+00
2.037507246155725760e+00
2.414106647687604301e+00
2.402136290472096647e+00
2.181261009496617387e+00
2.211206546416880858e+00
2.025630126079030369e+00
2.178854965863097348e+00
2.801405410399694151e+00
2.632892530104868012e+00
2.393989090238339390e+00
2.346548197203406350e+00
3.303859229140396536e+00
2.937707931223327851e+00
2.863401213294302305e+00
2.585127261466657611e+00
