-1.888520365363238746e-16
5.602432808539814513e-01
1.002401889028416093e+00
0.000000000000000000e+00
1.272907145345712587e+00
1.288789542690585987e+00
1.340633035846855670e+00
1.569433692564288885e+00
1.624412433151470658e+00
1.583417521914543880e+00
1.618184826829199618e+00
1.688769454459641883e+00
1.835733074148768740e+00
1.960221865788108531e+00
1.818932473839262487e+00
1.781910059329812501e+00
1.811684312845119882e+00
1.874839859963468580e+00
2.029674273415594588e+00
2.142079099577714363e+00
2.157813756782595682e+00
2.014564003029147621e+00
1.952048112838769889e+00
1.939133757643357381e+00
2.048555878700149879e+00
2.188905396690091099e+00
2.149831832122166553e+00
2.530177271196963229e+00
2.484068218462814670e+00
2.283946502565286529e+00
2.326879517623082094e+00
2.141277506357051941e+00
2.295290897098875682e+00
2.991380443235308384e+00
2.753694722940025930e+00
2.486588679720189266e+00
2.446537362429501261e+00
3.361952212880614521e+00
3.085813225826940620e+00
2.999705242007213890e+00
2.670642539244881597e+00
