-0.000000000000000000e+00
3.307424845486083287e-01
7.740652683995681294e-01
0.000000000000000000e+00
7.471181426169715145e-01
7.697489876626232297e-01
1.011176926182788316e+00
1.320735035752819364e+00
1.479091748402252326e+00
1.279544896336740400e+00
1.276767916910177991e+00
1.432706787081429844e+00
1.657352805026184539e+00
2.277232468681909872e+00
1.959205328061452533e+00
1.694470813291669264e+00
1.631259738948266813e+00
1.722145330406577690e+00
1.970519099974940458e+00
2.473391943828572526e+00
2.357628271135675302e+00
2.083197402482241056e+00
1.902289852660271841e+00
1.838456204455719778e+00
2.012345435441283303e+00
2.210128232696577211e+00
2.150768720143837243e+00
2.693966978799231526e+00
2.593269148496531784e+00
2.362562992993612720e+00
2.386481352370172893e+00
2.168471184062081836e+00
2.342469612141491186e+00
3.000364592291979271e+00
2.802809316597204337e+00
2.562164883973253371e+00
2.512364359229433131e+00
3.285532429391573750e+00
3.063352549821264148e+00
3.015610429765245293e+00
2.728849644367048466e+00
