-4.114380785969862643e-16
6.156263202854326266e-01
9.109654554593085152e-01
0.000000000000000000e+00
1.243291136126817964e+00
1.264534976705559588e+00
1.167078341978681211e+00
1.371211858501018455e+00
1.530627328863555014e+00
1.476392769429613061e+00
1.490665020472164315e+00
1.537606901580207630e+00
1.699834301678907256e+00
1.911552282329039842e+00
1.701480328403556896e+00
1.662956569992824374e+00
1.735655191864613034e+00
1.785566546516418551e+00
1.991486925675527209e+00
2.076996809944814171e+00
2.179171806860068727e+00
1.994495432206962571e+00
1.932605997468974879e+00
1.891242418073556086e+00
2.029209500755689621e+00
2.179758179180310673e+00
2.133909434485679935e+00
2.589840521284429986e+00
2.549260596050650474e+00
2.307918147449275814e+00
2.327029986910614578e+00
2.142360531074915642e+00
2.288945227705600605e+00
3.032746781509550793e+00
2.856964439255058164e+00
2.535587833135329205e+00
2.462184031569564890e+00
3.523030004652776270e+00
3.174708431164190880e+00
3.113191029586590997e+00
2.816936007157760713e+00
