2.127657065550074833e+00
3.574264084982797129e+00
1.273491384825393924e+00
1.684684981252287939e-01
1.410997164806905291e+00
8.363177005367299355e-01
2.864246971372602868e+00
3.891829239705402177e+00
1.211662224558375467e+00
9.909838651634994555e-01
2.209886397133205449e+00
4.033981521591059938e+00
3.976876336675428725e+00
9.469539508160929042e-01
1.225607522191793475e+00
2.428167682747461864e+00
3.270491875076962707e+00
4.493204627580762001e+00
6.458229146112779873e+00
7.926949914708626421e-01
1.406425437223499886e+00
2.878953554684190674e+00
3.295319908607156290e+00
3.821102967178360288e+00
4.611079517307738129e+00
4.914198992046758363e+00
5.937162515596022594e+00
4.069204321966552129e+00
1.015519205802542624e+00
3.479507376628304005e+00
3.600458483207364058e+00
4.039897425596284286e+00
2.762448070277196521e+00
8.259162682835553548e-01
1.550462295001518109e+00
2.966647849966145944e+00
2.073031783896885027e+00
3.938027350443349395e-01
6.434327050835947359e-01
3.454166939199600495e-01
1.386783011083034589e+00
