1.674479321702444956e+00
1.788713697944093184e+00
3.515443632556156217e+00
2.153032240400862385e+00
1.378151334278375106e+00
1.069829061374720558e+00
3.131941482641748209e+00
3.073702497825684166e+00
6.910348751903776510e-01
1.484766632128595276e+00
2.822498780970259968e+00
4.031925480874450685e+00
4.483833033767108844e+00
1.359205048780473657e+00
7.055821013930382302e-01
2.988588251414487917e+00
2.976231836337965397e+00
4.508802356596895322e+00
7.190207069663584249e+00
9.770108775096282283e-01
2.850972896092278663e+00
3.186317828099916927e+00
3.020161479215413447e+00
3.783776802298925102e+00
4.588700260162169364e+00
5.165986554147512955e+00
7.880328968024057801e+00
9.234914998381505979e-01
3.298391008353403375e+00
2.086802192142249268e+00
2.644541575549313794e+00
3.386139859019718479e+00
4.326378591086306180e+00
1.557148900391190027e+00
6.916204227892759349e-01
1.182489074944709673e+00
3.041313034372103985e+00
6.931885108659333605e-01
1.091651522156217968e+00
6.482113563396836309e-01
1.442457059395702235e+00
