3.013607478698728581e+00
1.697954283812402210e+00
7.784111682875941574e-01
2.091901614207831717e+00
1.964423142403151523e+00
1.698798717636757827e+00
1.475193904417517965e+00
2.560804515303641171e+00
2.145411830685941990e+00
3.022166713552433048e+00
1.737076241238202146e+00
2.098823919019904949e+00
2.986660456437210343e+00
9.666705335613284822e-01
4.865247949475704492e-01
3.121630379726625382e+00
2.160837568471034587e+00
3.135971774739251039e+00
4.156792024932180141e+00
1.921074383118867468e+00
1.206079750519125637e+00
6.588286646147461845e+00
4.101961750880637858e+00
3.074419826586924032e+00
3.872567226922376538e+00
4.376174751017124720e+00
3.747528585637776022e+00
2.302723354929154809e+00
1.139400189936824459e+00
4.638556265817984858e+00
3.467294206462858686e+00
4.895915631759938158e+00
2.083054182425045475e+00
2.537127887427331530e+00
6.091000358713821727e-01
2.917537412511654882e+00
1.038401993124757228e+00
6.125710457135815634e-01
1.448544775504450932e+00
1.548950555064700640e-01
7.204034769497157376e-01
