2.246664242601717820e+00
9.512436076778341132e-01
7.778048411569627341e+00
1.743582023352188815e+00
1.051411231023777981e+00
1.135071461619168609e+00
2.024362738212976964e+00
4.066922547229158802e+00
1.103717852184223247e+00
9.719305850844801586e-01
1.881416972178372893e+00
5.349595982732340715e+00
7.067977538143421334e+00
1.412988339764904788e+00
5.666919490637050139e-01
1.587226154853454529e+00
4.048822237591649831e+00
6.422642704550566073e+00
9.527709687255150328e+00
6.597450086939460334e-01
1.672845366794463384e+00
1.779703172220420404e+00
4.193771462589106491e+00
6.239809754358049965e+00
7.644365898028112838e+00
7.921420989378137989e+00
8.424256253385292936e+00
1.133063917837839440e+00
2.029032140162914111e+00
4.425801076707292836e+00
5.069541562597155604e+00
6.391608643234262921e+00
3.719464638116742883e+00
1.765691008294348441e+00
7.032158203202362179e-01
3.361017180741849408e+00
1.751063190361522803e+00
1.136077582346658676e+00
6.151911293229465061e-01
3.593953944531662614e-01
1.296117755427349527e+00
