1.447254900201805139e+00
1.206372504207029905e+00
3.498846823417690377e+00
2.902013448706569410e+00
1.665658549717441650e+00
1.904127636065129137e+00
2.517946219446789424e+00
4.031236407472404970e+00
7.230404103806364891e-01
1.348627141112454186e+00
2.569180040854584846e+00
3.168770737081147093e+00
3.816711947417700479e+00
1.159700585815711671e+00
1.600820585442718436e+00
2.649784477117074655e+00
2.585910676383872620e+00
3.857210422247590031e+00
6.689933873661864538e+00
1.971290158723540964e+00
1.630092583145773322e+00
2.714224270842874986e+00
2.455814543042341480e+00
2.896951844425507794e+00
4.152560202891315555e+00
4.588950641069781788e+00
8.093051265550705864e+00
2.186734877324944648e+00
1.826073620989183244e+00
2.013579058914619857e+00
2.412529558967326793e+00
2.913737064004819466e+00
4.612238203053169450e+00
2.710476565543049610e+00
4.822262181185398289e-01
1.754088879554338343e+00
2.725019250410221083e+00
7.490005452477616066e-01
1.346288173206757977e+00
2.531705856450258141e-01
1.472324330913637791e+00
