2.028284879049365053e+00
3.044922753472142585e+00
1.227508233720492115e+00
1.032484172601928485e+00
8.913946864223599720e-01
2.226588382422300061e+00
1.799066304866278276e+00
4.048679190595041888e+00
1.611706012833027613e+00
9.807128702182826840e-01
3.174277285542220550e+00
3.453254866348669072e+00
3.872850850389151223e+00
6.689393900845211904e-01
1.619139968894392601e+00
2.621371602832214265e+00
3.066792899458453014e+00
4.376880020320832898e+00
7.935942712667849896e+00
7.327104410015335967e-01
1.844705797852290496e+00
2.282121337127445138e+00
2.746901625075900188e+00
3.517926625330869417e+00
5.016448499124982696e+00
6.195974025239306293e+00
9.336711245492736566e+00
2.333334546757673156e+00
1.101769110991382750e+00
2.126924701119113692e+00
3.966842940420390651e+00
3.366301096366296264e+00
4.802889403698432425e+00
1.100090989833858224e+00
1.413799092559093973e+00
4.163797433240294943e+00
2.898867142479944814e+00
4.841076434438881249e-01
1.182896299213978208e+00
2.170145201539382396e-01
1.803834651922925580e+00
