-0.000000000000000000e+00
4.020527078591280001e-01
8.626268305942039749e-01
0.000000000000000000e+00
6.119113186404766536e-01
7.527174092887742862e-01
9.761984015968366846e-01
1.139798147579227816e+00
1.340310309398609068e+00
1.105546968311734046e+00
1.086591427985481362e+00
1.164806616825601049e+00
1.259539037440653653e+00
1.936296189713456961e+00
1.533596879990563489e+00
1.241312303118871530e+00
1.218433983048683888e+00
1.276001437580905007e+00
1.412531535036673835e+00
2.184580607143017161e+00
1.925830586075282680e+00
1.439726805136072763e+00
1.329236120102449181e+00
1.321030451100390524e+00
1.431614666637295752e+00
1.632577836962076256e+00
1.573269761369616493e+00
2.863955973530505794e+00
2.704916277596843166e+00
1.896791666776932672e+00
1.928324447428853006e+00
1.555291872976495959e+00
1.839092925561542025e+00
3.743071729261784331e+00
3.465021791069169854e+00
2.533930949309247449e+00
2.323674140842353797e+00
3.948205344855218346e+00
3.732916701818983274e+00
3.706266550421257300e+00
3.311957277629253849e+00
