3.782904995571772089e-16
5.671721613063498424e-01
7.644683476888263218e-01
0.000000000000000000e+00
1.331103738721354013e+00
1.331824418737099780e+00
1.110700174094012560e+00
1.335273001880064037e+00
1.869578971624276997e+00
1.756653784769772297e+00
1.700956806155539569e+00
1.727534038836841201e+00
2.011490113969194304e+00
2.409027635032057635e+00
2.146983068195577715e+00
2.069013123135665211e+00
2.069198254497496503e+00
2.136203072293981986e+00
2.410392757213597470e+00
2.515011023870363349e+00
2.526927446694162249e+00
2.408236581804166665e+00
2.336022273651913839e+00
2.281660394180731632e+00
2.444549192261382231e+00
2.595304372293103512e+00
2.553726823205267227e+00
2.886294948331230348e+00
2.849498863186910036e+00
2.663106897897863146e+00
2.709838292189476139e+00
2.546976675042178506e+00
2.689512725648657288e+00
3.460284565112098143e+00
3.188877259307155487e+00
2.856310502315499544e+00
2.815933385075795492e+00
3.821667783883075487e+00
3.514418617682859125e+00
3.445105691486713528e+00
3.086510005439707438e+00
