2.976534390829201448e-16
4.740956641487284462e-01
7.084122448373941783e-01
0.000000000000000000e+00
7.403847827669870485e-01
7.853756984655759776e-01
8.815750897339728054e-01
9.804107725573794063e-01
1.161524557798354618e+00
9.431782026606099212e-01
9.553227207097053642e-01
1.026506975139002131e+00
1.110989902319776901e+00
1.733439549771020660e+00
1.284006314871909638e+00
1.047838757332245851e+00
1.054250353299253096e+00
1.120913718110515767e+00
1.231116443269906657e+00
1.810655490712326898e+00
1.759510729728368750e+00
1.217636200913199351e+00
1.130929813334092593e+00
1.146453313212422165e+00
1.235955472933363053e+00
1.412215596143205243e+00
1.365529308378049977e+00
2.149796354699346157e+00
2.103649995908018600e+00
1.679806803583508756e+00
1.673417199744986705e+00
1.332179784952995938e+00
1.597711680816223723e+00
2.633551554352645319e+00
2.433200256055283894e+00
2.050916715668831269e+00
1.942105980041977986e+00
2.900054118319140617e+00
2.698651899938094623e+00
2.653333182703768056e+00
2.344011692109626122e+00
