2.497219722156847954e+00
1.687274806602180544e+00
2.331647406735291028e+00
1.586351205240427609e+00
1.774613162976399261e+00
1.334584135464010002e+00
3.292078061660409727e+00
1.731602076229078024e+00
6.321163728735219589e-01
2.318431506379061258e+00
2.612335198940650471e+00
2.396425184239363571e+00
4.319109057555352571e+00
1.390222817419300760e+00
1.587659775721574240e+00
1.495257037224562602e+00
1.874615951478833864e+00
3.723119633086799052e+00
6.695090760451599898e+00
2.058946524951697388e+00
2.202974328975392915e+00
1.692328443285417761e+00
1.994880661158535684e+00
3.049138454102570783e+00
4.055025009556699978e+00
5.156472966762589039e+00
7.227076918600416455e+00
1.925511883519339440e+00
1.759870246370648372e+00
2.281665693031996511e+00
3.475995243603535734e+00
2.874488777621815316e+00
4.010895258001195174e+00
1.943705210768194691e+00
6.674803605355913438e-01
2.370048247465117441e+00
3.535814436609211686e+00
8.340627811731027297e-01
9.067691780141741154e-01
1.119347261393262905e+00
1.768029230776344107e+00
