1.052962934143882904e-15
3.123068428691448406e-01
4.456252990510696788e-01
0.000000000000000000e+00
6.153301705914266950e-01
6.040171420852536999e-01
5.497227307088055070e-01
6.409877276239450694e-01
1.329227097371025179e+00
1.047998172135910400e+00
7.248116590418328675e-01
7.348235769107643867e-01
9.912222471042032579e-01
1.743107976988480523e+00
1.561439855119494569e+00
1.286153775084797557e+00
9.544455204669870518e-01
1.066984108960439936e+00
1.481409188693838086e+00
1.942417442965882479e+00
2.059363885776194003e+00
1.742924109489792484e+00
1.362149586973364190e+00
1.239281820260522693e+00
1.545474041599332660e+00
1.975306566866726676e+00
1.857876812697660807e+00
2.735477407153078744e+00
2.863967154372292434e+00
2.308704144217237353e+00
2.390587458084324268e+00
1.854812171444479629e+00
2.295419222775252344e+00
3.914000386100983775e+00
3.571762468565728099e+00
2.900116578028666403e+00
2.751608340606785941e+00
4.116169891051404406e+00
3.823919126779804056e+00
3.783283276078639012e+00
3.497090435950170217e+00
