-0.000000000000000000e+00
5.262258371644353838e-01
8.486426375589963822e-01
0.000000000000000000e+00
8.615790771080875654e-01
9.876393764609611159e-01
1.022806342905690835e+00
1.133398694244627469e+00
1.182726456315881691e+00
1.193316419471117662e+00
1.235611846161233540e+00
1.249150209000214673e+00
1.417528667587387048e+00
1.806045908539096301e+00
1.463606355035443007e+00
1.392169932267996790e+00
1.406125411928927482e+00
1.475394650209152170e+00
1.703131999917149031e+00
1.963153411582510444e+00
1.953550770168465789e+00
1.670227390968760162e+00
1.590822703764021684e+00
1.570402710478423725e+00
1.732294147145857277e+00
1.957921175037721007e+00
1.894938561904556673e+00
2.494487848686568920e+00
2.536214160691843134e+00
2.121570117356718743e+00
2.207428127348860958e+00
1.868781388789926279e+00
2.151436154880826734e+00
3.095834357143300686e+00
2.892754323232621161e+00
2.558017013920987459e+00
2.464726986519760743e+00
3.350478156761178994e+00
3.132925707343108712e+00
3.088515970304210434e+00
2.835093937884707316e+00
