-0.000000000000000000e+00
4.668756267161551787e-01
8.221073873834663370e-01
0.000000000000000000e+00
7.350431290930973249e-01
8.280453336728949010e-01
1.036320064656446105e+00
1.314992922183945812e+00
1.328756716813010552e+00
1.168951767791796659e+00
1.206848447869375285e+00
1.361698806422767971e+00
1.519662831331025865e+00
2.241184945324401934e+00
1.807269684782788488e+00
1.438827298823408984e+00
1.428180091380689021e+00
1.528993693245754626e+00
1.687852488601753409e+00
2.187612058142652138e+00
2.119281468433693583e+00
1.730461627113021539e+00
1.574591541432891040e+00
1.574994710621892002e+00
1.693706427221764121e+00
1.898956048945046327e+00
1.848913234363085412e+00
2.608469336267827732e+00
2.619157381316402855e+00
2.124454135014105738e+00
2.153758172544399940e+00
1.806917616628228807e+00
2.090726915232930860e+00
3.408832441820458303e+00
3.075880598323420756e+00
2.580598078982376808e+00
2.442764489757239588e+00
3.621193294969901721e+00
3.349658156304260448e+00
3.290190464572964935e+00
2.981811055551232492e+00
