-0.000000000000000000e+00
5.108659718734196442e-01
8.014162855313277101e-01
0.000000000000000000e+00
8.843106813455126058e-01
9.014470606469947578e-01
9.554448645518152095e-01
1.111093236478840840e+00
1.444012111891110672e+00
1.223821880813249718e+00
1.134783555460606941e+00
1.212012321940173942e+00
1.501504110513532719e+00
2.067942005223563751e+00
1.751560035824778039e+00
1.491492370504485576e+00
1.429627467834304833e+00
1.574426977780534642e+00
1.926147998942290718e+00
2.342843386795666838e+00
2.401615158683289231e+00
2.070685350068528052e+00
1.830538953501309019e+00
1.734917562906373334e+00
1.991550926513645958e+00
2.288767364764671353e+00
2.197182223718933347e+00
2.887147653652891943e+00
2.861496184624258365e+00
2.555300642856744631e+00
2.574625121238199199e+00
2.238618962665178458e+00
2.503952600220504365e+00
3.407847166257249594e+00
3.246095613806668112e+00
2.876372549732027828e+00
2.804817116194717297e+00
3.712656800219296560e+00
3.502851757598773652e+00
3.456264332448998111e+00
3.193107469574580914e+00
