-3.114328294822809390e-16
4.739599003312807146e-01
9.140983659155743624e-01
0.000000000000000000e+00
8.083705067416548928e-01
9.224135424410366824e-01
1.168346416825929879e+00
1.450796848839957631e+00
1.616193262276604869e+00
1.313671419474458091e+00
1.348980800697045623e+00
1.533714930125213982e+00
1.757953772656163594e+00
2.155012372841831336e+00
1.964951936787836972e+00
1.685762089972895561e+00
1.646781877003340888e+00
1.795164680945239510e+00
2.054125011307890158e+00
2.383289824577848659e+00
2.431596647588686100e+00
2.148767773777453982e+00
1.916437918041493882e+00
1.886772665164272000e+00
2.084615945866693743e+00
2.357936872382446314e+00
2.284602367953321167e+00
2.926017566686836879e+00
2.921345969396569320e+00
2.590865983613649615e+00
2.637129470167405731e+00
2.275772710750124883e+00
2.577410143736124759e+00
3.613543448184172391e+00
3.349793202088386046e+00
2.938752771850302814e+00
2.862693405013129411e+00
4.001954755147923315e+00
3.700426944627046133e+00
3.623878271732288159e+00
3.257651685581524070e+00
