2.817103502763921963e+00
1.353425923343012593e+00
2.765600952345264485e+00
2.255967700542178989e+00
7.306161976412494097e-01
3.630709165744371525e+00
1.413641170672273129e+00
2.366699823176533268e+00
1.790946173720525669e+00
2.721861412559612337e+00
1.166759945365353213e+00
1.569866635566296909e+00
3.150950211801134326e+00
1.549442165405041205e+00
4.258596880280274832e-01
2.394146922129679833e+00
1.520460269063636405e+00
2.453473497962807670e+00
3.534390680803296103e+00
2.792657437082487704e+00
2.366449323045062059e+00
4.172726423624105507e+00
2.140250112232468638e+00
1.991629891283398068e+00
2.322486777417382964e+00
2.440595307559576543e+00
2.845464349677919724e+00
1.393109932824690089e+00
2.552546563478952812e+00
4.266274227650125539e+00
1.816689434325983399e+00
2.581487104468254135e+00
1.268900770133557288e+00
1.638142389235081708e+00
6.431688930956409589e-01
2.390919138420437573e+00
8.966027013050528183e-01
1.398878197675923252e+00
9.546690873373075981e-01
2.485297987992508562e-01
1.087046759163454279e+00
