2.882306253058270595e+00
1.555176210443214746e+00
8.028077966810890365e-01
1.932007690625500373e+00
1.541175657104673080e+00
3.287892511101281556e+00
2.749290370918818560e+00
1.264163475041908846e+00
5.072304633039496080e-01
1.006611508437639468e+00
3.976772650265490761e+00
1.814414783485244209e+00
2.102965362244606951e+00
1.529637249857013215e+00
1.120674198763400575e+00
5.053616278676353879e+00
3.216439824929857583e+00
2.467373091173308275e+00
3.351599630817447828e+00
6.356599852539983608e-01
1.884416791246605438e+00
4.919642319489484272e+00
3.622627461170176755e+00
2.624262657027428780e+00
3.257128323506888190e+00
3.140145762740599533e+00
3.609815587812760906e+00
1.821086899959260430e+00
2.128869113946108005e+00
4.042061056065614721e+00
2.189623701649029197e+00
4.054877123161275243e+00
2.307226471503173393e+00
2.274073765445116191e+00
4.712573167083629611e-01
1.681249121232730515e+00
2.295326058840972294e+00
1.231418205068357752e+00
5.557489481286866928e-01
6.576660126137164886e-01
1.580402257031662261e+00
