3.703431010765656950e+00
1.115570047296510658e+00
2.049170410667475739e+00
1.622522011004584819e+00
1.131945405922618386e+00
3.727604229946352543e+00
2.011385636180019532e+00
5.076537588573957649e+00
1.027408478487127796e+00
1.285072057962344916e+00
1.730316761663225789e+00
3.321223046020898018e+00
7.559263163241775274e+00
3.806726463697941432e-01
1.984457502773203874e+00
1.528997346493083276e+00
2.434655290460356891e+00
5.479526191472324115e+00
1.185684718569357088e+01
1.271273702524370108e+00
1.711832909670097935e+00
1.462737687731875180e+00
1.991368609042408089e+00
4.266504760587484846e+00
5.972145954233517351e+00
9.655086658134315769e+00
1.471138375155602240e+01
1.812464027010136647e+00
9.781217668771693408e-01
1.380789337089876057e+00
5.332076892839113569e+00
3.317411369911994701e+00
1.022976258119374471e+01
9.830697938664080260e-01
1.186333966095231895e+00
2.396822407683948608e+00
1.124875762467871354e+01
1.074383383851534424e+00
5.979575133719362556e-01
3.227946494729305726e-01
2.748167005339259283e+00
