1.443119129867669104e+00
2.668004429433730174e+00
2.866696594917751195e+00
1.455831503574778862e+00
5.183660371153097079e-01
3.702405599931817726e+00
9.330429065089049789e-01
1.325157716248573925e+00
1.769010192143000149e+00
1.334946206016499159e+00
3.276452846391345819e+00
1.862963944409240735e+00
1.759644208163755552e+00
1.033860812826800979e+00
1.009899517239278621e+00
3.070506408683415955e+00
3.376424745184869458e+00
1.720525533743471502e+00
2.371669935496861115e+00
1.343703605659493094e+00
2.137559986842189286e+00
3.666842828896005990e+00
3.953372120292589109e+00
2.247773769072555439e+00
2.536788354711093429e+00
2.084136350313348984e+00
1.927159595748477283e+00
2.819121850964942499e+00
1.618562147284460462e+00
4.976974978688271989e+00
1.880289859496380611e+00
3.878930221960607216e+00
9.088347500114424271e-01
8.713004598463142125e-01
1.535035956618933772e+00
2.334880752426685024e+00
7.676782787754645732e-01
4.297181171818499346e-01
1.366019151857738256e+00
8.141973595897428195e-02
8.232452585728545769e-01
