-0.000000000000000000e+00
3.261270358983773265e-01
5.985231291912319618e-01
0.000000000000000000e+00
6.368177923347309033e-01
6.360386448987632724e-01
7.525294001159471557e-01
9.351781681539415025e-01
1.247484086085202781e+00
1.050787657812306319e+00
9.132573821146429127e-01
9.848898879115546290e-01
1.118861830349749953e+00
1.703574837380972928e+00
1.567095651694999203e+00
1.272951309164996214e+00
1.087250567528626588e+00
1.149192553114936288e+00
1.374527672020474434e+00
1.983304484656281286e+00
2.104486655893474278e+00
1.720580832597068177e+00
1.313485669497392205e+00
1.234081940500065810e+00
1.425948467842369283e+00
1.792653376451270653e+00
1.680638521567237031e+00
2.631453036175409377e+00
2.660507678313663860e+00
2.298408382465403132e+00
2.296229504262445875e+00
1.716559270805838811e+00
2.149990379637773064e+00
3.137795013752897155e+00
2.934228363665579931e+00
2.712429379084334347e+00
2.663898711572493472e+00
3.353733397614613310e+00
3.148174595347498883e+00
3.091317015188546957e+00
2.893561356691653597e+00
