0.000000000000000000e+00
6.156074966981720520e-01
8.861037501105415437e-01
0.000000000000000000e+00
8.410410350341769314e-01
1.002037138227934943e+00
1.150856404687638612e+00
1.247412217354091801e+00
1.127859908561139379e+00
1.155606099501891304e+00
1.269951504086364036e+00
1.357188141286495897e+00
1.466471241755331167e+00
1.741386231841502319e+00
1.361959410936326220e+00
1.355205198557098978e+00
1.411073859514175410e+00
1.493207339180554927e+00
1.608815072791396350e+00
1.894194898485033640e+00
1.719819395469645240e+00
1.529227250475696298e+00
1.506660595553094284e+00
1.528748654039257415e+00
1.611648409008173743e+00
1.729827688888959436e+00
1.699592288376090554e+00
2.283213111630455483e+00
2.183655306961529874e+00
1.809885729559047141e+00
1.875804671788445566e+00
1.665318805908883482e+00
1.843220227833585190e+00
3.028281927222753911e+00
2.716831946663274433e+00
2.165763467627039862e+00
2.089875539563860407e+00
3.446093789671622165e+00
3.120841627130515494e+00
2.992548651842515284e+00
2.583262196113397469e+00
