-0.000000000000000000e+00
3.473071094922690616e-01
5.633101837687799485e-01
0.000000000000000000e+00
6.715690986918170235e-01
7.287285449110249003e-01
7.332921439417807719e-01
8.875117598754906911e-01
1.204797180288343483e+00
1.130648421841345508e+00
1.137226847103633975e+00
1.042104718052854873e+00
1.158682784914656816e+00
1.775790920012757068e+00
1.464258779100382712e+00
1.381341964721611859e+00
1.316836858585493486e+00
1.264885124110368020e+00
1.480174550540768852e+00
1.840914452240823840e+00
1.738178165489751015e+00
1.575631386610815365e+00
1.502471107648757576e+00
1.399756894190850476e+00
1.539143637109467111e+00
1.733624398603378136e+00
1.672228347987241515e+00
2.168695145191020135e+00
2.179706501636777372e+00
1.858889069891212165e+00
1.934540541224720744e+00
1.685172524145056139e+00
1.895680916181215814e+00
2.844547545689291912e+00
2.611431546831631145e+00
2.218416376316543204e+00
2.151299015046777896e+00
3.225653500722075684e+00
2.903803008780744488e+00
2.841950377288619212e+00
2.550051772973502828e+00
