-0.000000000000000000e+00
2.194193185367364907e-01
4.121698959792512440e-01
0.000000000000000000e+00
4.060574458233555672e-01
4.489003216778956196e-01
5.444441213831049398e-01
6.679085133419994103e-01
9.594111895764961817e-01
6.965743787275946453e-01
6.552205544356668465e-01
7.166830598533324714e-01
8.321070254399246524e-01
1.470036588154318924e+00
1.169965361715339824e+00
9.078945973019896254e-01
8.025019909403090512e-01
8.580080943693343398e-01
1.031129643390902739e+00
1.436162673262504796e+00
1.360571811497133243e+00
1.209256548893549832e+00
9.891411401745405785e-01
9.271502899338043280e-01
1.061446077433783275e+00
1.266877526201153348e+00
1.207332998485721065e+00
1.621485623957508393e+00
1.651329834534579710e+00
1.438438618492095422e+00
1.480916049672566626e+00
1.217505861747071538e+00
1.428662592093116857e+00
2.284332077099041403e+00
2.030635818561302486e+00
1.705182445505943223e+00
1.646145202853488421e+00
2.518605540213994409e+00
2.275677366825749282e+00
2.228076078841669805e+00
1.963100296772557929e+00
