2.114969637760526933e+00
2.830307291051105789e+00
2.473350798450484334e+00
1.045408081724703786e+00
8.461846598237704464e-01
2.212862279406693666e+00
1.464131951767180917e+00
1.749318278200907795e+00
1.324770031115716007e+00
2.177376881483760407e+00
2.419658329173947742e+00
1.751543042615862245e+00
2.013887665918384418e+00
5.427542737197326161e-01
8.845585660552217622e-01
4.138585278164303105e+00
1.882686808934013190e+00
1.837036867845975197e+00
2.384785735506346871e+00
2.344570343368694854e+00
2.790628335322095754e+00
5.056941767006197352e+00
2.074008275782461830e+00
1.454997953032111324e+00
1.688581580926868053e+00
1.740144525757773897e+00
2.027112642849520974e+00
1.401541553128261119e+00
2.383763847535333547e+00
3.670913903756396035e+00
1.349124724496697292e+00
2.365055698253948346e+00
1.067464101826644196e+00
2.298301792401550525e+00
4.450036106586684470e-01
1.698166735344223577e+00
1.552665457736498000e+00
1.176035086059070256e+00
7.462489925610839014e-01
7.806397618614348000e-01
1.018490920631368368e+00
