-0.000000000000000000e+00
4.651612968234185574e-01
8.386604911968265075e-01
0.000000000000000000e+00
8.867574622488404446e-01
9.390290533633076642e-01
1.047592404012441358e+00
1.245709752094539491e+00
1.436596335984178463e+00
1.312792736535832949e+00
1.236894896533598853e+00
1.329762210436219894e+00
1.532529266877503460e+00
1.904619362166473095e+00
1.671607708391877001e+00
1.489865991582770555e+00
1.444169061290315303e+00
1.564878971435900823e+00
1.807675329341721149e+00
2.143785733421063266e+00
2.169978882450176005e+00
1.838735646724568129e+00
1.666478742878532815e+00
1.649219567104750706e+00
1.832280164674194189e+00
2.101817793428092163e+00
2.025773331529560295e+00
2.787420254458505831e+00
2.837314874223164640e+00
2.342540358420051039e+00
2.416099918145544923e+00
2.003192273305225868e+00
2.332598680937757241e+00
3.460843626094821879e+00
3.270136916583189279e+00
2.820262024078745267e+00
2.711442966063404736e+00
3.767657649726388058e+00
3.529607101652061374e+00
3.484810782141666952e+00
3.190782448181639364e+00
