-0.000000000000000000e+00
3.887349400278561906e-01
7.096083501426599938e-01
0.000000000000000000e+00
8.258428212223716258e-01
8.786150401888807027e-01
9.479894374363510012e-01
1.164747933807216418e+00
1.248296780888630053e+00
1.189157789686796640e+00
1.211798615615779839e+00
1.275386020258833852e+00
1.428295860695323105e+00
1.651161720611310058e+00
1.455812441201832286e+00
1.409800676209072900e+00
1.410985204286021366e+00
1.464566778952016923e+00
1.598875419566530454e+00
1.833087335252174821e+00
1.794990959252235507e+00
1.616145234002344555e+00
1.547370389057636242e+00
1.526293817047748247e+00
1.613937288370457468e+00
1.732917987768340939e+00
1.699839361292021511e+00
2.128471611106991013e+00
2.131510202227046680e+00
1.829721712590007821e+00
1.873412931328735986e+00
1.686291369074652602e+00
1.840474547625658319e+00
2.777785116874066595e+00
2.499925533736153671e+00
2.128476736248720691e+00
2.065990325998936061e+00
3.376341933460699885e+00
2.909978638283988062e+00
2.795837360981240582e+00
2.423526365420868967e+00
