2.340656913196557554e+00
2.663557867684799518e+00
1.864782786746832510e+00
8.086499668321925904e-01
6.448631504610961018e-01
1.845236285387888531e+00
4.317581586719688502e+00
3.023563795417400613e+00
9.015934687783108137e-01
1.351412010243730366e+00
2.094867612351349884e+00
4.720005285387308014e+00
5.737544389675503176e+00
7.340023125849622909e-01
1.211095030096633440e+00
1.493682254254022679e+00
3.021756334656232834e+00
5.779550906788610831e+00
1.016930301296582861e+01
1.929141370811031875e+00
2.465947161011368571e+00
1.689786844321707449e+00
2.585497214261471388e+00
4.477291695690705176e+00
5.727711726832626304e+00
7.392794662279748685e+00
1.170458621239779085e+01
1.465968870376839206e+00
1.179029189231019403e+00
1.834104877296481195e+00
4.052508841272401519e+00
3.449549035046631129e+00
6.397473030971252861e+00
1.792928071426747705e+00
1.233392810967071540e+00
2.236592524018856665e+00
3.761508030702372274e+00
1.079653465381758659e+00
2.590913411865047311e-01
6.074746757684926779e-01
1.319483366013771031e+00
