1.516475642960227521e+00
2.420220029987858457e+00
3.831633935932891699e+00
1.503589000000620679e+00
1.211803277878731100e+00
1.501658635704536504e+00
1.992580293984081541e+00
3.365519130085786959e+00
1.339776356867707463e+00
1.275913488965917386e+00
2.083666340996640276e+00
2.651803469025386217e+00
3.548873814816034589e+00
8.458971818913988416e-01
1.281868493913031593e+00
2.914213288735685303e+00
2.609669061151262071e+00
3.252988045319543886e+00
4.397083892884624312e+00
1.842271854825437094e+00
1.158408376111373705e+00
3.510350326220094797e+00
2.591573484839333030e+00
2.529460240088293954e+00
3.082573126388862494e+00
3.165971243626543252e+00
4.005163023230228880e+00
6.116760602180544737e+00
1.292903558900266203e+00
2.280582640444396070e+00
2.109143175449089025e+00
2.788412604707759090e+00
2.072230249333394614e+00
8.637519383435384723e-01
9.797575458943791338e-01
1.448496868444119290e+00
1.845266691874511533e+00
6.709024296100665197e-01
9.927598570378067810e-01
9.259061108495834080e-01
1.227457747862046311e+00
