2.329268615276848919e+00
1.667796385018968763e+00
3.458952444081230482e+00
1.908029001014067472e+00
1.186444667963448607e+00
2.241315893625078548e+00
1.620099931682308148e+00
2.628654972491881736e+00
1.264735506786561769e+00
2.500099344648308630e+00
1.744483070246882761e+00
1.828468327569077845e+00
3.581604598318020471e+00
8.932685283428307699e-01
2.049631618974740999e+00
2.106405898478058702e+00
1.393345826186941805e+00
2.549510299022771598e+00
4.798854200432900896e+00
1.759659967694610527e+00
2.673603753933972094e+00
2.113781018015305158e+00
1.569730238567741853e+00
1.811312162186826225e+00
2.628520255017065210e+00
3.442466087439111089e+00
5.522274444373870494e+00
2.840000687418894998e+00
3.087841406659076249e+00
1.191602765721504031e+00
1.794850771457381144e+00
1.797592382245041476e+00
3.124219501617827355e+00
1.683453271749744573e+00
4.770317030185969864e-01
1.265498841801850016e+00
2.904057435584298741e+00
1.180577906726498760e+00
7.894250587713090850e-01
9.107053370644577761e-01
1.007513883819380673e+00
