2.482830073959589878e+00
2.416337556693741284e+00
1.684262001285423027e+00
1.233153737221794888e+00
8.128020253489181002e-01
3.717480232371915605e+00
1.644414564860387618e+00
2.307504682293039178e+00
1.411744776672531954e+00
1.151343994714517871e+00
2.067508099480222850e+00
2.354922910874845066e+00
2.987748966497546732e+00
9.246489824321092454e-01
1.824989296013546536e+00
2.286651786760440341e+00
2.826360531675008225e+00
2.804930116416843866e+00
4.428669477536208099e+00
1.190920978170968869e+00
2.680875660281940576e+00
3.055038321261546841e+00
2.437357881082268030e+00
2.671830244386441233e+00
3.167363338466147926e+00
3.584629874749029721e+00
4.554796844655995436e+00
2.891901710662700520e+00
1.544121913195909190e+00
2.123167998081162189e+00
2.494213997121949689e+00
2.862366794986314744e+00
2.823978524771956877e+00
1.206649829546236674e+00
1.111129221145922497e+00
1.797316151395191408e+00
2.438452128687746967e+00
5.214260697810124690e-01
1.454737761092419701e+00
3.265589615597971340e-01
2.468113844645541732e+00
