1.393087662551905526e+00
2.392831955453364134e+00
1.704637437734454641e+00
1.682763445479081854e+00
1.205964708977188771e+00
2.049449844912501817e+00
3.526461656932750266e+00
2.249347903232427281e+00
1.146471715771057553e+00
2.639920370447061959e+00
1.392759109812638618e+00
3.193862905391732454e+00
5.929367016123246792e+00
8.650989935701286493e-01
1.037316566600230194e+00
1.166816077320576461e+00
2.060056084742610150e+00
5.127123621201870485e+00
9.115500550274502345e+00
2.529620545831884559e+00
1.467149100311662124e+00
1.538457265497878534e+00
2.242442305569483985e+00
4.128359246799607085e+00
5.407644954583997965e+00
7.250106382256545245e+00
9.683428366968273693e+00
3.585398909218104446e+00
1.264704817746731935e+00
2.188673530831057867e+00
4.791254566920044589e+00
3.395443626463612752e+00
5.279853991838376892e+00
1.379639510150719950e+00
6.922953827281911332e-01
2.268235742104834252e+00
3.565644230042709140e+00
1.290137536414891928e+00
8.031746611690208093e-01
7.915660460186887404e-01
9.705087029512655672e-01
