-0.000000000000000000e+00
4.996331586493915622e-01
7.262932778616942864e-01
0.000000000000000000e+00
7.808745601991263774e-01
8.539455733618538380e-01
8.790190307272773840e-01
1.011134496123352822e+00
1.356917230284924836e+00
1.182484771491289610e+00
1.096167529322053635e+00
1.137216998001937540e+00
1.342374369261012834e+00
1.843711236561112132e+00
1.539031661524226990e+00
1.418684763693553563e+00
1.349655973641928686e+00
1.411711246194259362e+00
1.639454815089982809e+00
1.909400488423739439e+00
1.848409715761029304e+00
1.684050924836864915e+00
1.578218115619302253e+00
1.524803226054177285e+00
1.677958841840971882e+00
1.863461423800743200e+00
1.805369092774599782e+00
2.272613940669614863e+00
2.248290183859331215e+00
1.977385460025224972e+00
2.058773380346389459e+00
1.804668282573036908e+00
2.014548996221237509e+00
3.076074448495682567e+00
2.693800627111099022e+00
2.343594013538937038e+00
2.300201029095572558e+00
3.313990746156081801e+00
3.010762084170460096e+00
2.894742916919724074e+00
2.619428499348723793e+00
