1.120756290925053689e+00
6.897408013409230820e-01
2.629172704387450654e+00
3.534142844415308904e+00
3.780474677655577320e+00
1.197666219692410827e+00
1.676123114998770758e+00
1.247482795071230610e+00
2.640684748606926480e+00
1.125133352847109025e+00
1.716762257439184092e+00
1.851611852551583448e+00
2.196603017437326333e+00
1.301307971747786008e+00
2.093784300878899440e+00
2.185752385602319325e+00
1.785641714883627440e+00
2.062098875661806829e+00
3.055981499728995132e+00
2.050317845616828283e+00
3.021371702492539946e+00
3.076512276221618603e+00
1.764974208509160425e+00
1.846094151147144702e+00
2.209327571032654536e+00
2.383127099502855284e+00
3.149649944911162791e+00
3.003943654406314945e+00
2.175261345636535726e+00
1.484175054808037464e+00
1.492989385576442452e+00
2.042954851332623001e+00
1.886514170663857737e+00
2.023726578801816611e+00
8.327108107195553277e-01
1.111332968261506071e+00
1.478663554867268859e+00
7.960473159593720593e-01
8.641766458038143695e-01
6.272612338243621632e-01
1.113143032116431952e+00
