1.614570276041905617e+00
1.995264062528330218e+00
4.058928004385185417e+00
1.426719021255894226e+00
1.478645666672448344e+00
4.979910833547291915e-01
3.905263575628004524e+00
3.651411737163588356e+00
7.792575556167351536e-01
2.071084478921445093e+00
1.219333735118684592e+00
2.779388969987214075e+00
5.636976745274653311e+00
1.029187353293778751e+00
1.865668050502651720e+00
1.382593186513082495e+00
2.037535040762608940e+00
4.411007081053957890e+00
6.785458599857554063e+00
7.656154443584974878e-01
1.161241127999450340e+00
3.120371867278992628e+00
2.265693964485322454e+00
3.377799478605639560e+00
4.153086772164065188e+00
4.376496209354693967e+00
6.027121868278786820e+00
2.337733202276215838e+00
3.337661415927772435e+00
3.328660665044303357e+00
2.441788860473450562e+00
3.668329906680404484e+00
2.605650025134448544e+00
1.402251495614167398e+00
6.941941395330661901e-01
1.630084117810597588e+00
1.460608972804650074e+00
1.092161301675087737e+00
6.835443571463805101e-01
1.284230647962111838e-01
1.768367049160100013e+00
