-4.037143217152690453e-16
5.747792332557335460e-01
9.234857644586433878e-01
0.000000000000000000e+00
1.006178108268643401e+00
1.087112043781923276e+00
1.103571207217068251e+00
1.275123759859060790e+00
1.420100602650387067e+00
1.360692420649061374e+00
1.367591955761470635e+00
1.392327213879221981e+00
1.608679829447710041e+00
2.108171879979068741e+00
1.705620513787506898e+00
1.636168129079699440e+00
1.645454881163748606e+00
1.700659690148067060e+00
1.989318883634207946e+00
2.361214569249904915e+00
2.321118301118278993e+00
2.038114885117346731e+00
1.924038290980065069e+00
1.845905495882754099e+00
2.039821629076860265e+00
2.262512771800740285e+00
2.200422005707401762e+00
2.725297740943788405e+00
2.676077761411807643e+00
2.424052153421064393e+00
2.455210904503509539e+00
2.205453223567035437e+00
2.418275470014267015e+00
3.109610406696649232e+00
2.928809703209782178e+00
2.655056482570269605e+00
2.604062732179043937e+00
3.495969995203820346e+00
3.243298376455534093e+00
3.181427289851744167e+00
2.852505204613922540e+00
