2.303565758580039091e+00
1.509964623308351461e+00
1.680506287042994762e+00
2.258400807467046967e+00
2.513866918227255720e+00
1.655067935474469731e+00
1.810914941670089817e+00
3.212339896632342651e+00
2.354044295147375454e+00
1.645581397141083091e+00
1.661744948007622069e+00
2.722771718415485154e+00
5.501167115108239081e+00
1.381941069091048302e+00
1.088450154177696971e+00
1.364780234812452919e+00
2.617805830469388084e+00
4.466265220507660061e+00
7.832825033680839155e+00
2.149012121401780551e+00
8.000915421122088977e-01
1.898606753254796553e+00
3.297761467575521355e+00
4.406851456084409868e+00
5.631852868257445799e+00
7.236081606930821586e+00
7.515036059242571120e+00
2.390949306177589051e+00
1.517551748584222260e+00
3.734921999026862061e+00
5.686904170748700693e+00
5.063175207362008656e+00
4.532968757223820866e+00
1.346945826066264340e+00
8.606292973013275338e-01
3.676125638241773075e+00
3.365192357184841221e+00
4.070812175162034086e-01
1.162739573716797592e+00
1.654607523734752172e+00
5.493058551502492115e-01
