-0.000000000000000000e+00
4.710163313229065452e-01
7.042220473847502493e-01
0.000000000000000000e+00
1.078729925806703349e+00
1.065194949836566485e+00
9.223279977707421473e-01
1.131292689505770666e+00
1.351842438931681212e+00
1.352665641197338564e+00
1.402578205664118727e+00
1.416484399368838742e+00
1.615584389155228617e+00
1.620806699886507385e+00
1.546443841088284810e+00
1.583597492476343627e+00
1.653308356871656670e+00
1.719049168721225485e+00
1.966203230599946172e+00
2.128535250248910327e+00
2.199142498220738151e+00
1.923584916070698370e+00
1.855266348051531677e+00
1.833920889549418787e+00
1.995597536384438708e+00
2.206435423527225215e+00
2.150911697372009712e+00
2.704650549116865754e+00
2.686671930131411035e+00
2.351203572163787392e+00
2.420351248911655428e+00
2.119777682054358348e+00
2.377058066101901179e+00
3.074077768767562890e+00
2.911298093795759545e+00
2.687756933891528366e+00
2.615305847175743992e+00
3.224492252441497175e+00
3.075047054685323911e+00
3.038128022415677254e+00
2.867796434672549744e+00
