1.601573795467881922e+00
2.109024349476789073e+00
1.911383996025630916e+00
2.252549303958340410e+00
1.623829124856030592e+00
2.009514046538770415e+00
1.562419457791601518e+00
1.448495958570424236e+00
1.404398545570906709e+00
1.544396228255734194e+00
3.819628751088987251e+00
2.719260924858573514e+00
2.739935820076188300e+00
1.361626964360044933e+00
1.417522772484484550e+00
1.412555798158665610e+00
3.413220405928532042e+00
3.387512075466957207e+00
4.574555528610738442e+00
4.444359588331203703e-01
4.484074892945721480e+00
1.582176217020315745e+00
3.230890032110253163e+00
3.976323980649826062e+00
4.088395146971909533e+00
3.855814507411580827e+00
3.937290594416231748e+00
8.721887128126266653e-01
2.291558507277238643e+00
2.725392574065376383e+00
2.600994519612708888e+00
3.550483021473218148e+00
1.557991847293854759e+00
1.848022938338907295e+00
1.192438731939657215e+00
2.527130106944661225e+00
6.619986124926733329e-01
5.913005913976525640e-01
9.124647839873946120e-01
1.217568561780423830e-01
4.004472498010619996e-01
