3.161042535834089229e+00
1.847837831020759936e+00
9.999547719517448696e-01
1.309412881547619589e+00
1.129463736921493711e+00
2.580442050805958676e+00
4.246540749559675199e+00
2.950325604790982492e+00
1.082964163816054537e+00
8.943832716963127094e-01
1.655376351962960957e+00
2.705005560426100963e+00
5.831045776037980133e+00
-4.383466366433758782e-02
3.236612427062949937e+00
1.403934671699745174e+00
2.291520066165396052e+00
4.185967148336893651e+00
8.772216086376769084e+00
1.055366717620352057e+00
1.907734407002819932e+00
1.913157507955255632e+00
1.538882508534039406e+00
2.669031467088037957e+00
4.057877809818072556e+00
6.383129388988328046e+00
1.179796841253502926e+01
2.278237545046440715e+00
1.515393273323554668e+00
1.166871626272955931e+00
3.154031644141107371e+00
2.384944373365805781e+00
7.981736771424965404e+00
1.505019455875248546e+00
1.155785447105085462e+00
1.917747984960654239e+00
8.007482288325192599e+00
2.718848849443130100e-01
1.517789190373265207e+00
2.029656586993500156e-01
1.719441393141484253e+00
