-7.581797726234315300e-17
2.279123792291831152e-01
5.097732895776264650e-01
0.000000000000000000e+00
4.498700925551426533e-01
5.296741085049816444e-01
7.354988681122033300e-01
1.107665282976618926e+00
1.211486020597161373e+00
1.037997125607812432e+00
1.119865664773985747e+00
1.217278786629437004e+00
1.365053241490658875e+00
1.826102611001634735e+00
1.477613240247071635e+00
1.370981190421499019e+00
1.360228768395054688e+00
1.406680926640831775e+00
1.549709793105447098e+00
1.982278839851822516e+00
1.785974584108789065e+00
1.562611938477885820e+00
1.494013762174438709e+00
1.472434864973978463e+00
1.569979921848370763e+00
1.715276426339209515e+00
1.674293898692448268e+00
2.265730294951995738e+00
2.202904160553314394e+00
1.856379280091904560e+00
1.891990414775382323e+00
1.662511857674766835e+00
1.849153408181341884e+00
2.752801155941595468e+00
2.537686765345719131e+00
2.181523438792417835e+00
2.094766179909933967e+00
3.214182584988161562e+00
2.872528684722290837e+00
2.799938825451479207e+00
2.472261657615052677e+00
