-0.000000000000000000e+00
4.994045219670475433e-01
7.403628018949701683e-01
0.000000000000000000e+00
8.382117119329910437e-01
8.563876793636883145e-01
8.594637522604935409e-01
1.012335796618507144e+00
1.518906276591038385e+00
1.317618658961203115e+00
1.060156093097560204e+00
1.140012418126332250e+00
1.550609194267047686e+00
2.028490413922127811e+00
1.873414594927450549e+00
1.678497805391670372e+00
1.484610789171792122e+00
1.646139623220966186e+00
2.079900093339712264e+00
2.454638490331977785e+00
2.576648470041366767e+00
2.186041886496248310e+00
1.947706676915214263e+00
1.843455668824374394e+00
2.124849964349851295e+00
2.469775006483299951e+00
2.382469677940506791e+00
3.254051975477543213e+00
3.305454019499750817e+00
2.692248984117538768e+00
2.786100776028163750e+00
2.344074227476098393e+00
2.727329933398480399e+00
3.956987975585523731e+00
3.719178227015629279e+00
3.185945523584150507e+00
3.083177483999233193e+00
4.440465814007507284e+00
4.091982160912661648e+00
3.981482495259709431e+00
3.581293055009231896e+00
