1.489103748739246225e+00
1.316620611595416213e+00
1.244383847603539595e+00
3.239874598065854094e+00
2.079812161760414835e+00
3.192585060285674015e+00
1.249575140068943213e+00
1.379789331116743067e+00
2.112690260630179395e+00
2.087597150387000333e+00
1.912877844608865674e+00
1.327924539825108052e+00
1.851083214216204365e+00
1.721044857855617449e+00
6.106842560018127530e-01
3.047396209583215221e+00
1.801706451863335667e+00
1.685897739852212585e+00
2.662771337077962652e+00
4.315390945753909691e+00
2.348240624202405424e+00
3.151874586109688625e+00
1.991354194495974284e+00
1.588066090340235492e+00
1.998203520688323742e+00
2.091727788185781201e+00
2.752950331375131121e+00
1.745147164767849812e+00
2.723962829177337674e+00
2.099903614169284172e+00
1.309867628675753126e+00
2.165689517063000391e+00
1.690260196869997511e+00
2.459372809940144400e+00
4.695587790388806027e-01
1.073365408583090597e+00
1.499793328349507515e+00
5.447267158758991590e-01
1.092801787667420532e+00
8.949751308840315778e-01
2.015103980494971303e+00
