-0.000000000000000000e+00
4.784495397521114635e-01
1.019889387444390394e+00
0.000000000000000000e+00
7.744092614792031926e-01
8.617789622838318842e-01
1.204887640156429685e+00
1.620813393705279770e+00
1.476090209534409059e+00
1.320264297841841294e+00
1.429476695528010488e+00
1.705911721087741917e+00
1.966208458755120292e+00
2.060824372999957355e+00
1.940680712949830022e+00
1.844720467272473963e+00
1.839586300960664556e+00
1.988709697319224645e+00
2.205308674799837831e+00
2.459567525243977926e+00
2.526079441326952058e+00
2.238007636162193226e+00
2.079899542529444201e+00
2.067025507987726218e+00
2.219878690811570632e+00
2.418898859802747214e+00
2.366946140566581480e+00
3.043569313249335995e+00
2.954555874132161364e+00
2.606782643519044651e+00
2.629280195619305260e+00
2.347794549925606322e+00
2.574860765506196802e+00
3.537912523918268715e+00
3.284260176530239494e+00
2.918569153040610153e+00
2.826469776410109436e+00
3.825681713797329131e+00
3.586045493294352848e+00
3.520815152258055747e+00
3.192221743297124270e+00
