1.837557746136685655e+00
2.649579669960092421e+00
1.398441230623594489e+00
1.634882280049019254e+00
4.008352208143103335e-01
2.068145087314924524e+00
3.685729294169054260e+00
2.236073075598509874e+00
2.337653088964013470e+00
1.420402619294555135e+00
2.366025662322379208e+00
3.097760165569660273e+00
4.079997751621444735e+00
1.137819214111570609e+00
4.094320195746364299e-01
2.319763260750336897e+00
3.134114702659801743e+00
4.042447061172898870e+00
6.392988905738742567e+00
1.272669743539156961e+00
1.945971061307951500e+00
4.697400373333086243e+00
3.243900890968568262e+00
3.435816397461767036e+00
4.370021993304968433e+00
5.040706315714232666e+00
7.234553215824777617e+00
1.849715500314521588e+00
2.416104010111124190e+00
2.174770286984310186e+00
3.053209245906709945e+00
3.490179556297378749e+00
4.824634053286446900e+00
9.894547269639396569e-01
1.486062944083353932e+00
1.414719410103040476e+00
3.241926080062997428e+00
6.594384271317348389e-01
1.055744298675234338e+00
2.173349909723643059e-01
9.154516792740498010e-01
