2.928851584635132621e+00
1.329706087543543802e+00
5.051765301779220785e-01
2.032300591303166204e+00
2.562410615393052815e+00
3.131286782148793080e+00
1.227887300975801566e+00
1.141822708426552424e+00
1.789686970736395155e+00
1.737060666102460349e+00
3.128024084799221782e+00
1.230018234036663660e+00
1.548033238807456913e+00
9.522315386568982465e-01
6.691889395443796351e-01
4.009281481698181437e+00
2.381984663554388426e+00
1.767400661898928416e+00
2.653347320462279058e+00
4.627530918790800030e+00
1.845234537773538186e+00
2.568049751145959014e+00
2.590984055956560006e+00
2.055810363711285671e+00
2.564383379814786146e+00
2.401509687441862440e+00
2.808358854821257466e+00
1.537050064450392162e+00
3.118339028285200154e+00
2.732882781896826874e+00
1.666151063962177936e+00
2.906563119160201492e+00
1.686200411639079411e+00
1.656221296413651345e+00
6.881174475929506817e-01
1.257151602955460135e+00
1.664241245807642322e+00
1.051448127408118438e+00
7.832305745152213783e-01
4.507945816074845902e-01
1.768116112674367191e+00
