-3.804929221136184554e-16
5.378545559270894172e-01
8.878729262609411643e-01
0.000000000000000000e+00
9.149224825487182189e-01
9.734592309520158082e-01
1.032625753071900077e+00
1.216596449099101918e+00
1.464413777253668281e+00
1.320005338398668515e+00
1.226382142385733287e+00
1.313010128853339342e+00
1.512722563216159166e+00
2.096265389578354732e+00
1.767380465017901914e+00
1.539189796455197490e+00
1.478465015352628642e+00
1.567255112881415169e+00
1.815886736401460144e+00
2.387512443544331120e+00
2.313734580857542245e+00
1.975393501009502506e+00
1.743029061399352209e+00
1.676160219528371798e+00
1.861538081248857113e+00
2.106723881278137256e+00
2.032075828604924972e+00
2.773042676387578176e+00
2.690570290147745958e+00
2.387365923022459757e+00
2.375434454159589315e+00
2.063180899333671103e+00
2.299084529691993506e+00
3.212798968554722467e+00
3.006699709518104946e+00
2.680917062716057675e+00
2.592192622354791087e+00
3.585131716134669411e+00
3.328358701935687503e+00
3.264540936532515758e+00
2.943416748556060281e+00
