1.830258774250127729e+00
2.936108452217351505e+00
2.165464597111151690e+00
8.259178979006210897e-01
9.772105848658200200e-01
6.606330901842291103e-01
3.552597124086005920e+00
1.893413474599079604e+00
1.312791860431424151e+00
2.324007446990477455e+00
2.693893896947493261e+00
2.707140086754804553e+00
3.549223852893445219e+00
1.308936968107738741e+00
8.582027187824692316e-01
2.143535744134092091e+00
2.063570789553427431e+00
3.277236699781643114e+00
5.392949268985735678e+00
9.384076185689297356e-01
4.491400308427719423e+00
2.515640343797198586e+00
2.335802738384576305e+00
2.620569331515540945e+00
3.119437194038577221e+00
3.980330189777029570e+00
5.652886211562090146e+00
8.821193929751898199e-01
1.078630553259948277e+00
1.748572034235348571e+00
2.634191942074265214e+00
2.081888956088195020e+00
2.300744711927606545e+00
1.179123385101638943e+00
2.573540272401726892e+00
4.266692848163250673e+00
1.092827925284130641e+00
1.128388324653144675e-01
1.594365364276660244e-02
-1.908236631102113723e-01
7.455328220308173881e-01
