1.666298598191630287e+00
3.091223374586189898e+00
5.876134438667055537e-01
1.255411167096409653e+00
1.243793826459792085e+00
2.185079736803313466e+00
1.546390887797205904e+00
2.421040851198759558e+00
9.232304735885277225e-01
2.745720310513257711e+00
2.037249687342426618e+00
1.811078920269009407e+00
2.046623943699092507e+00
1.417777167933572002e+00
1.415464052570590381e+00
2.689446162690245945e+00
1.641047590126651023e+00
2.105417981975330921e+00
2.984420279765684914e+00
1.738932239863031137e+00
3.150543375879367947e+00
3.318180634012777297e+00
1.895226714061614359e+00
1.717841511198933802e+00
1.980094101440079024e+00
1.854534366374829268e+00
2.674358951981167465e+00
9.627051412754128457e-01
4.246478219276943022e+00
3.148874400467447821e+00
1.098093318391016870e+00
1.974516170014720240e+00
1.159656510950417996e+00
1.042322952998800512e+00
5.526025535652888676e-01
1.217217884802989536e+00
9.454493988903084345e-01
1.444537273522782383e+00
1.092703539292365855e+00
1.973746025715714114e-01
1.282700901621484313e+00
