-0.000000000000000000e+00
2.526518777291222873e-01
4.235098022995625322e-01
0.000000000000000000e+00
6.563472275993867955e-01
7.264192050032612924e-01
7.043795662348031339e-01
1.100363213480850311e+00
1.512287606709690202e+00
1.377558703360699743e+00
1.262059573466012274e+00
1.362030639195008552e+00
1.598334137561173707e+00
1.843972326353828572e+00
1.693268368708975791e+00
1.709075362111911911e+00
1.672087796301451990e+00
1.705243788723168619e+00
1.924405801165171237e+00
1.989496598537057848e+00
2.030619823608509122e+00
1.910258118205072408e+00
1.876835155990234316e+00
1.833231473149491642e+00
1.963316810741836838e+00
2.100158902357125434e+00
2.056134281664102392e+00
2.525681741331378127e+00
2.500893545175576715e+00
2.195587959336156025e+00
2.247532883201865062e+00
2.053959702472490712e+00
2.212207913436924134e+00
3.016182074392880885e+00
2.850371702259832496e+00
2.513168554156969492e+00
2.431201205122829556e+00
3.271930101583154116e+00
3.061842405940862655e+00
3.023242534336647580e+00
2.811343594110140565e+00
