5.555529247554640557e-16
4.330232593826812693e-01
6.475256329060856686e-01
0.000000000000000000e+00
6.234448809013296566e-01
6.640575814233972141e-01
7.990708049163817162e-01
9.669214902115160770e-01
1.226070065370022499e+00
8.744180257018192570e-01
9.110683677162718652e-01
1.042984003719853225e+00
1.165376120740097887e+00
1.813781216094698223e+00
1.456288505013651813e+00
1.172386788592775675e+00
1.134486534505113609e+00
1.202684049522929399e+00
1.357755607428027700e+00
1.884339622185541741e+00
1.739526142525351426e+00
1.473733176647803900e+00
1.305391513655815405e+00
1.268666212593047016e+00
1.388226990637147384e+00
1.563883357495226445e+00
1.508186350428242894e+00
2.115526189755233322e+00
2.097293547522806723e+00
1.764637955503185474e+00
1.787815564087437137e+00
1.521416823473038749e+00
1.724959534310976039e+00
2.677308939512136554e+00
2.478875859493484324e+00
2.104615053784578915e+00
2.030793667328999241e+00
3.059892665990634697e+00
2.793480821493020461e+00
2.733580203068852299e+00
2.401729661170977081e+00
