1.491489758783935526e+00
2.303117902987130261e+00
9.794577849774492861e-01
1.723612356386406308e+00
2.020179139153188697e+00
2.138986113946768519e+00
3.213022453237811771e+00
2.820331130067127656e+00
1.727324338033999540e+00
1.230738011785813990e+00
2.335676696060714264e+00
4.943103275322798140e+00
7.172168141832432120e+00
1.056217814705721070e+00
1.403719164861078728e+00
7.586668816493029599e-01
2.407653142990050732e+00
6.758338876293043640e+00
1.328186930609783722e+01
1.359760687372593813e+00
1.853856615144220177e+00
1.103831315957741532e+00
1.910375914740208181e+00
4.969823530995593153e+00
6.616083748823913702e+00
1.016603509865992372e+01
1.636424794244636871e+01
1.748775432424160448e+00
1.252268724769125763e+00
1.180296304235147087e+00
5.639091730084381915e+00
2.973255120610400315e+00
1.026535693489952727e+01
1.465434332000656648e+00
1.425039127311361176e+00
2.633149522465181747e+00
6.107686902504018356e+00
4.714853021240060227e-01
6.238825812647166291e-01
3.069364089066833889e-01
1.850779345239626394e+00
