3.107502802117584562e+00
1.742071687817918768e+00
1.476575587861534089e+00
1.645515152930447034e+00
1.478483447238933213e+00
1.677776321080327371e+00
2.187702473218120058e+00
4.458426596569810663e+00
1.048238607975724213e+00
2.777886002613104921e+00
1.372520405283050415e+00
3.653488905638295314e+00
5.341185604114382812e+00
7.515007745871714606e-01
1.035177861826883872e+00
1.666933270381081744e+00
1.770567045957602170e+00
4.834221436882304879e+00
8.126289460854367874e+00
7.313344316045011784e-01
5.738409310139205743e+00
1.503705612222132837e+00
2.056969307636464350e+00
3.617772337437961117e+00
4.120276299857153823e+00
5.346176386954280879e+00
8.447274311230332344e+00
1.458507548164597878e-01
2.603833508811975062e+00
1.098872099503920952e+00
2.718092683796090814e+00
2.553568100078939640e+00
3.471378835223851933e+00
1.388541160246039796e+00
1.132900596464180287e+00
2.479719652292730281e+00
9.782409875876277860e-01
8.381347828869243344e-01
1.058353677718104846e+00
4.140477618897825951e-01
3.626227958855664513e-01
