1.374464878748699492e+00
2.414860330801504862e+00
3.783704483464214174e+00
1.346108474080303097e+00
1.685530790822772795e+00
7.640592518669173661e-01
1.604818950686365042e+00
1.147429660046960009e+00
1.534242348785717303e+00
1.405332616070060547e+00
4.522466015585192345e+00
2.491630200316767851e+00
2.022538701338303824e+00
1.125301046291268703e+00
1.358442594007192028e+00
3.273367026175288963e+00
3.067906555287644998e+00
2.707464889286887555e+00
4.122579751340805565e+00
1.741471661779815161e+00
1.592957068593643610e+00
2.543891553399414196e+00
3.449595583825544765e+00
2.923932621567105095e+00
4.071361105963608118e+00
3.665112313631735397e+00
4.647543468706643921e+00
2.050661959109868260e+00
2.750267171376919784e+00
2.471690850696756758e+00
2.268993601631942525e+00
3.645829613865235519e+00
2.418902002683780861e+00
1.271021962409855321e+00
9.739543383493067807e-01
2.106400685129823813e+00
1.499169569799252866e+00
1.347708795671271442e+00
6.015317924528916782e-01
2.354894723686932201e-01
1.392410789741080235e+00
