-0.000000000000000000e+00
2.992857676775657616e-01
5.511016378881327116e-01
0.000000000000000000e+00
6.770177500917687885e-01
7.443423892408859155e-01
7.744361039751467279e-01
1.203150956304819497e+00
1.238645705275922770e+00
1.174593742090739745e+00
1.200084843229666021e+00
1.354178339588140156e+00
1.632464180547996913e+00
2.013838935520421369e+00
1.680034575580629186e+00
1.522856196019975128e+00
1.578679814994770503e+00
1.712472641975082643e+00
2.029264945688585176e+00
2.359891588160653697e+00
2.457241101265335903e+00
2.093397707339157865e+00
1.897217479486711378e+00
1.847287721211485545e+00
2.068693950616555810e+00
2.334172909352503211e+00
2.266426579731533053e+00
2.783601437572018167e+00
2.812922202048740328e+00
2.537630871617475581e+00
2.561971452754005618e+00
2.256349038975928867e+00
2.514939243440294625e+00
3.253185666728846570e+00
3.092651395449186769e+00
2.799485678472429129e+00
2.726301732492650398e+00
3.624277559126875659e+00
3.369484074486686964e+00
3.323493846138850571e+00
3.031212532043606078e+00
