2.297680269295498068e+00
2.411165326403251097e+00
1.600068737903251659e+00
1.257869647576182137e+00
1.555589292348432240e+00
1.307620342109314437e+00
3.374761947105088034e+00
3.710481095950320718e+00
1.109442247416382532e+00
1.500477769356796109e+00
1.581441993771510068e+00
3.318039740568636375e+00
4.629684529547496652e+00
9.967731893913719388e-01
1.476182433840849795e+00
1.569702652421684386e+00
2.549138905181690617e+00
4.489773642447920210e+00
6.706651817669381010e+00
2.441543116157399940e+00
4.461670607299162428e-01
1.547557179620746792e+00
2.568621761783146606e+00
3.801406951077495489e+00
4.816015681046242669e+00
4.389877211507760890e+00
5.323879111939373132e+00
1.565486236192238367e+00
2.467007532817513837e+00
5.742456578469015582e+00
3.124678187045804467e+00
4.417502194450290354e+00
1.803201998167724751e+00
7.402977229718072927e-01
1.005289460305712756e+00
4.428231322234159606e+00
7.019357020813273840e-01
1.319347209383298969e+00
7.259134735354257906e-01
4.964642598280923913e-01
5.241896373531272912e-01
