1.819391115563568029e+00
1.958729610337529348e+00
1.781699705264312428e+00
1.628518503493860958e+00
3.078889320375906014e+00
6.976136344432525282e-01
1.872997523108587581e+00
2.301029190776144873e+00
2.351964118023404993e+00
1.751252465922252366e+00
2.135750647974257621e+00
2.054235771896597562e+00
2.400152593645394017e+00
1.578696336314800552e+00
8.748553379513810402e-01
2.749091949319256045e+00
1.744589607710541168e+00
2.334696849474256375e+00
3.464937613712016251e+00
1.595865901323410885e+00
3.799248539096174326e+00
2.988453581790847746e+00
2.096955264979691425e+00
1.863178131010989391e+00
2.220228087691185515e+00
2.413258582682327624e+00
3.349882656913981016e+00
1.030038612229306816e+00
3.666476451607624920e+00
2.087652999101269113e+00
1.528578422299490924e+00
1.968381321846915499e+00
1.590361284731511615e+00
9.616611856081794807e-01
7.590506123048117448e-01
1.766010842759167199e+00
1.557915850359222310e+00
1.112529121846148827e+00
1.004233830766802171e+00
3.261641504092345212e-01
2.054725220551349096e+00
