1.985088791995973434e+00
1.810770099844998482e+00
2.261882514795297894e+00
2.057977792619934299e+00
1.919509512146670094e+00
1.227378639441645491e+00
2.598949096485966948e+00
1.930105612435050189e+00
9.644303919422405613e-01
1.650706677016939183e+00
3.103007434628105354e+00
2.398672257686183418e+00
2.867984228864996599e+00
9.851832358768888298e-01
1.842487425121746458e+00
2.617486613468631429e+00
2.402579722635667547e+00
2.878999570961546350e+00
4.503183975852609322e+00
8.384209202733478028e-01
2.606550896819728624e+00
3.059397689720455116e+00
2.559692364745755899e+00
2.499257731053367682e+00
3.204377973726780127e+00
3.588257354027146295e+00
4.727015034118946524e+00
1.917455945283941476e+00
1.938601225885719259e+00
2.649449130391066110e+00
2.552489504493416828e+00
2.931499399270355966e+00
2.482648283791824451e+00
1.264398332824938409e+00
1.126929185561664992e+00
2.948454319462194384e+00
2.077495617475905831e+00
8.823169254226826963e-01
4.681409620849549813e-01
7.682350536267462671e-01
1.862433378624223090e+00
