-1.898838902620202786e-16
3.060010281939594678e-01
4.802297514827815195e-01
0.000000000000000000e+00
5.817215889938814888e-01
5.759408462078047242e-01
6.407618632532562364e-01
8.429795455966980766e-01
9.263160844943970629e-01
8.069140875347223796e-01
8.063062560175996429e-01
9.115755867058354944e-01
1.044943926490548458e+00
1.268201398855748563e+00
1.057561544636765882e+00
9.838019974454830230e-01
1.011297262319100998e+00
1.079926053211269776e+00
1.247841278602629833e+00
1.437636965596766236e+00
1.480984083735473744e+00
1.186453465277790276e+00
1.130800884774531223e+00
1.138703077551140419e+00
1.263237910277731801e+00
1.481800628912811613e+00
1.426693265462953830e+00
2.206524101096349000e+00
2.241299890958987628e+00
1.676078194510311592e+00
1.758914381575331642e+00
1.378154814793609129e+00
1.693974751974900217e+00
2.942303426008137990e+00
2.705126751619236547e+00
2.222168759511091274e+00
2.088432937951256729e+00
3.192308791878380791e+00
2.957827743033055512e+00
2.899714660266298427e+00
2.624172411236569857e+00
