3.341736808791194946e+00
2.101244359560463515e+00
1.984672631213845406e+00
1.032234847463336491e+00
1.102584512946774620e+00
2.082221189742853085e+00
2.093956952492407986e+00
3.113064221174116852e+00
1.663941485997754599e+00
1.851814165564959813e+00
2.296645806710351234e+00
2.287615726303427355e+00
3.219680985000496598e+00
7.506707220094689381e-01
1.285437463404820901e+00
2.265179347250453556e+00
2.152505155338344522e+00
2.888386582549254289e+00
4.313828591956387903e+00
9.146972104091366518e-01
4.905274766735015390e+00
2.597339186732348981e+00
2.362036479019405721e+00
2.319752101043005776e+00
2.639367362246482607e+00
2.868286159045694728e+00
4.402194201115795735e+00
1.357828165108748042e+00
1.711785885153093156e+00
1.675766833052064975e+00
1.560977261990929232e+00
2.053401649686672936e+00
2.247170644504736359e+00
8.645434961330221713e-01
3.216888448391739708e+00
1.330381045734171375e+00
1.089437187758135250e+00
-2.570637774987880042e-01
-5.053514040115402589e-02
-2.563524370224070648e-01
1.627702592124382897e-01
