1.757870068800967411e+00
1.834975510541869248e+00
1.442999265668508890e+00
1.016655940107004330e+00
4.743798374630369352e+00
1.099314959486342280e+00
1.503607173252193618e+00
1.818879787455840891e+00
1.072908960054348437e+00
1.249707603652441934e+00
3.195953087219899125e+00
1.583528903599100701e+00
2.289899923550479333e+00
1.001199635784343123e+00
1.143772135133215961e+00
4.787441103954543919e+00
2.235959244912464339e+00
2.306402986970275570e+00
3.195155655494504199e+00
1.696005515764254845e+00
1.138752968039434599e+00
4.261281730183082317e+00
3.302894685620041404e+00
2.433651051917235186e+00
2.905699886945976029e+00
3.269734436078852280e+00
3.152645473057650083e+00
4.580326125844575103e+00
1.199649874642825909e+00
3.315557733527106699e+00
3.016384117156944544e+00
3.918110769004281124e+00
2.087699890245287015e+00
9.836844689745107839e-01
1.378531022120947025e+00
1.880061987491915554e+00
2.987539376149032755e+00
5.914756213088595560e-01
6.084651211084189937e-01
3.105730555917520230e-01
1.539371157343339735e+00
