2.351683762218547802e+00
2.256979597893878253e+00
2.345232959805577000e+00
1.142964339028921028e+00
1.754301495866447347e+00
1.127609273553034530e+00
2.704039639936769657e+00
4.428714808343994669e+00
6.396950642369514384e-01
1.806220257534528084e+00
1.503106872617491874e+00
3.136515596335156975e+00
5.783566015540468008e+00
8.783008539736809617e-01
2.081871689530468306e+00
1.531767540731745925e+00
2.089544387374893120e+00
4.761142029161062439e+00
8.637308626187186533e+00
1.087834276448502724e+00
1.678626529112355437e+00
1.541443876781996458e+00
2.094334651365366895e+00
3.548907240846150390e+00
5.034296014627533289e+00
6.228556757424518864e+00
8.703074889031249484e+00
1.009535127658490516e+00
2.160413739791219090e+00
3.489098862722864514e+00
4.373738579306345464e+00
3.740748629139185599e+00
4.340926531301855462e+00
1.374325967399520732e+00
8.009433913864713039e-01
3.754332259247677772e+00
3.220788919911561798e+00
9.783195341540198431e-01
9.650410557610389350e-01
5.230058720261160365e-01
1.625365860578816157e+00
