1.362231116746487336e+00
1.599398809067954730e+00
1.440959876257918326e+00
1.813628015511047797e+00
4.070430856089291005e+00
1.567017008536776279e+00
1.324112552781310903e+00
1.648669052430011828e+00
1.054117940023743039e+00
2.454576216264821920e+00
1.300317626573681773e+00
1.051403901684248687e+00
2.003283071631160706e+00
1.590532979096791921e+00
2.565437963359458173e+00
1.762521750884731953e+00
8.990466337152271947e-01
1.649833873926392025e+00
2.549429956706901201e+00
9.255760933042821437e-01
4.635215117829321052e+00
2.390989400692730360e+00
1.112306029346784575e+00
1.392577440396853827e+00
1.614047078903720900e+00
1.734254847880716932e+00
2.354485482796597751e+00
2.254200067319439338e+00
1.196589879097760933e+00
3.258121828817173160e+00
1.630862366277626041e+00
1.540464575818307313e+00
1.199832086328453729e+00
1.444852975741584444e+00
1.575964294492999684e+00
2.523061894609909928e+00
1.626438822929787920e+00
4.614354220391693184e-01
7.675037037397484108e-01
-1.087045399029236692e-01
1.883626601615598695e+00
