2.242668458943860799e+00
3.281483029174083743e+00
1.376489947046489970e+00
5.561692664679060982e-01
1.305804844348028793e+00
1.484159151072582450e+00
1.792583738693987572e+00
3.379229014092910877e+00
7.296335153806777774e-01
1.647222297358936327e+00
2.450206416774437290e+00
2.999082845238266515e+00
2.950657204676667700e+00
1.787680966208761824e+00
1.003391551792090386e+00
3.267046069640792361e+00
2.820202112956454954e+00
3.428103176163525223e+00
5.048806881344734876e+00
2.038372532205606991e+00
1.606595290502776718e+00
2.786253072997383562e+00
2.963628762649214821e+00
2.937870628701495068e+00
3.961593543277470708e+00
3.793329930205391332e+00
5.213696421214157439e+00
1.621750177331744869e+00
2.044462233012760422e+00
3.716954246714749388e+00
2.359515106325346334e+00
3.738777366138858582e+00
2.830636738553002463e+00
2.518144069361438753e+00
5.972470408918819640e-01
1.737225593395367085e+00
2.160119324749904202e+00
3.082643046845522927e-01
1.326252257010000379e+00
6.907541273501364154e-01
1.697475148663121436e+00
