0.000000000000000000e+00
6.695632275720095894e-01
9.069409420727203575e-01
0.000000000000000000e+00
9.742253969092260490e-01
1.098162051117756777e+00
1.160767610070386757e+00
1.343107112026062921e+00
1.578504579223614313e+00
1.477296046957051079e+00
1.474698912156113817e+00
1.609133600726370794e+00
1.904054943272697642e+00
2.036419923146014721e+00
1.901168606604227485e+00
1.883747799142121870e+00
1.875570506129232262e+00
1.993884383243957226e+00
2.304674488456620374e+00
2.292721467448433970e+00
2.489975942182345303e+00
2.204399394453004923e+00
2.128038026461532617e+00
2.122444454472804942e+00
2.331881541609897468e+00
2.643306386593167190e+00
2.561549268169181826e+00
3.412908674142087762e+00
3.514547794441279738e+00
2.894084229978520550e+00
3.013304080042145561e+00
2.503176266447352472e+00
2.928186633508815362e+00
4.061418981404280260e+00
3.883575150198235182e+00
3.511730509207483308e+00
3.410342150838659325e+00
4.431457662057148639e+00
4.172130242769291009e+00
4.102567426250805838e+00
3.811033696710651508e+00
