-2.393970135037004679e-16
3.589750323587535541e-01
5.086886344122862891e-01
0.000000000000000000e+00
6.194341343738382077e-01
6.568040793259372068e-01
7.138362029686323718e-01
8.809666809349074867e-01
1.134382081940551235e+00
9.419146692207747140e-01
9.214491730855703944e-01
1.030661169220671081e+00
1.239259149159913642e+00
1.785875230643950040e+00
1.544761558738817930e+00
1.251511190152132746e+00
1.176868501187136262e+00
1.293850116522820892e+00
1.572942808124524250e+00
1.895795450369435198e+00
1.957432798570867494e+00
1.695390487069292629e+00
1.444846919518806283e+00
1.397604337633115090e+00
1.607737760271319871e+00
1.926509244429785772e+00
1.839108990880230943e+00
2.464401357150844518e+00
2.646185986081011965e+00
2.180641897986456357e+00
2.278998170660895273e+00
1.818483852727724726e+00
2.200021005060261992e+00
3.607544688472955841e+00
3.308018402463023921e+00
2.740101575895432795e+00
2.640477488163774922e+00
4.099432641812349232e+00
3.682560376276787562e+00
3.584461725310366553e+00
3.207739081832007955e+00
