-0.000000000000000000e+00
2.833029584591864047e-01
5.769100342957984573e-01
0.000000000000000000e+00
5.193023360799818855e-01
5.604511893602841521e-01
6.453545481122984206e-01
7.898886671537456161e-01
1.029825543073832339e+00
8.677829978368953867e-01
7.490868998994117955e-01
8.167270021784619471e-01
9.612373641196596541e-01
1.584728939491478972e+00
1.426346731162360770e+00
1.101500763440137254e+00
9.385551402931253673e-01
1.000152591634221322e+00
1.232994735987704704e+00
1.733229976564746977e+00
1.719547525892100914e+00
1.612907955217238287e+00
1.258806114179035207e+00
1.110848366893868899e+00
1.297396125781070220e+00
1.551320507122900594e+00
1.471114082558169445e+00
1.944942523901686871e+00
1.974044388513591208e+00
1.787147428679115579e+00
1.792036699508700703e+00
1.550551043471112944e+00
1.724714810563113820e+00
2.765750808823675744e+00
2.513637382336694870e+00
2.044451259417480404e+00
1.967174498007252081e+00
3.062510016126600121e+00
2.807049206524983020e+00
2.753837080565753048e+00
2.434558410711576304e+00
