3.249064602738451593e-16
4.711726860774143599e-01
8.892443537385257279e-01
0.000000000000000000e+00
6.252804992371190362e-01
7.525290683957318594e-01
9.240010185166546153e-01
1.078444862126273662e+00
1.054339461719530302e+00
9.962448735976023872e-01
1.002716875603967273e+00
1.096695842328397896e+00
1.217994093177351855e+00
1.444742442134023364e+00
1.254145711744069303e+00
1.180263779880395436e+00
1.158824045767102850e+00
1.226675464276199223e+00
1.345954346736416340e+00
1.597148380082796582e+00
1.499571763945398928e+00
1.340942839050832669e+00
1.274390869985315033e+00
1.267966053048116715e+00
1.354040995866470531e+00
1.478746542767616967e+00
1.446367004077244500e+00
1.977166475228632203e+00
1.814606593072771279e+00
1.584855065466594048e+00
1.615375433970782648e+00
1.428691570684202050e+00
1.580019024928893456e+00
2.325542145339440481e+00
2.035142922993773418e+00
1.792765129230952548e+00
1.740622973412645713e+00
2.541793599840849627e+00
2.291281546338587383e+00
2.236286601336114455e+00
1.966962572638920603e+00
