2.083862140101706562e+00
2.917925703236810886e+00
2.127148429249719808e+00
8.296441927648315895e-01
1.016697714693647114e+00
2.246461467448515492e+00
1.741941466092101765e+00
5.846331508553590517e+00
1.441964305359188625e+00
9.590919155912179805e-01
1.650579094315413720e+00
2.852575669195654307e+00
8.452757859776705018e+00
4.639144072541311337e-01
1.986199215848047261e+00
1.682297485062228759e+00
2.312119360075159946e+00
5.369712340086568503e+00
1.240814809940520291e+01
1.392743670146427748e+00
1.399345136608266316e+00
1.555943282633190483e+00
1.877410255428396901e+00
3.556301168672538093e+00
5.446180409941751677e+00
8.606638628982979711e+00
1.752940317779781054e+01
1.425203103808668992e+00
3.125948836740656489e+00
8.851067316602867496e-01
3.254534247387372847e+00
2.575018784867554089e+00
1.196086997777366001e+01
6.739946984384590500e-01
8.954204717300954242e-01
1.594907320614757484e+00
9.065713929523813164e+00
8.713524347190679809e-01
1.330789536603938394e+00
8.227964494466886158e-01
1.145420924571612264e+00
