4.066349886841258865e+00
1.620224102423401646e+00
2.498925919734068746e+00
1.088801111964683876e+00
1.652105572643001619e+00
1.284185400608644168e+00
2.292685016993399216e+00
4.739214559554351780e+00
1.286481920166851367e+00
1.321125846298971007e+00
1.895806143867802440e+00
3.694117807767643757e+00
4.477214662330692541e+00
9.065006925347794953e-01
1.299650688149540212e+00
1.682889068977821312e+00
3.001957044219417448e+00
4.704789840724237671e+00
6.470204896332220734e+00
1.617147641845490202e+00
1.046675506597200433e+00
2.081075985135495188e+00
3.185264807302953471e+00
4.104785931097361562e+00
4.980581492998990001e+00
4.197794254649644508e+00
5.320526861047244260e+00
1.141635709973811919e+00
4.708253685247615117e+00
4.469911503966564226e+00
2.277245689856621347e+00
4.586349685696492706e+00
1.817019399607376240e+00
8.976187155707204823e-01
4.266464152484623629e-01
1.227433258648367609e+00
7.780356449573052613e-01
1.334415148577614119e+00
1.043102620329914743e+00
6.395892235611558840e-01
9.022788896161079153e-01
