1.691699091786159848e+00
2.758831877956011258e+00
1.453958221186079314e+00
1.043149030242086939e+00
1.987595268471088250e+00
1.362258870683605849e+00
2.483381745415649711e+00
1.680641795854203924e+00
1.059040773501253030e+00
1.479172050221204682e+00
3.791658914931167690e+00
2.924095457106150597e+00
2.833957088557587323e+00
1.454713799055162626e+00
9.063063019256794028e-01
1.921507934800285033e+00
3.880244675564080037e+00
3.588612191662707396e+00
4.773027167427308370e+00
1.592112931395691211e+00
1.961869493772181450e+00
2.255668959977694232e+00
4.280771428372798226e+00
4.048325872509891177e+00
4.536756702050692702e+00
4.009005550925129668e+00
4.417589491545690805e+00
8.053412311241350263e-01
1.966974873246504885e+00
5.220126466303777413e+00
2.939095245278705359e+00
4.914787428078939868e+00
2.485530374361768935e+00
1.933986706821288815e+00
5.697690890033789701e-01
1.518255718431787971e+00
2.306082672288427560e+00
1.077356859238129294e+00
7.048090568067091333e-01
-2.463652447636534813e-03
4.265631493161329502e+00
