-0.000000000000000000e+00
4.188774921573111820e-01
7.342462353105936312e-01
0.000000000000000000e+00
7.708973273704290419e-01
8.699932883940210138e-01
1.044807129191881456e+00
1.277125844624599216e+00
1.397566008034179630e+00
1.185936755301335133e+00
1.221540020019185269e+00
1.384041492071216073e+00
1.545397254849784519e+00
1.888498497515914032e+00
1.542702387811700770e+00
1.404442467443042020e+00
1.445323947987457780e+00
1.560035864489113022e+00
1.693702213687475533e+00
1.975093085194735254e+00
1.846709999948584757e+00
1.609998432777957067e+00
1.567975640515310243e+00
1.596492414400222382e+00
1.692276215588744970e+00
1.828474988549707358e+00
1.796287429267036106e+00
2.490837101041443180e+00
2.365418961210968174e+00
1.935970502146354910e+00
1.989442085230770152e+00
1.756120224494662985e+00
1.952127279552426264e+00
2.954053908556639740e+00
2.723332264393155011e+00
2.280540043868096500e+00
2.184894611122821129e+00
3.197209397905310890e+00
2.956345237633173362e+00
2.911771143388693250e+00
2.635141641579126670e+00
