1.593804782548275956e+00
1.904708645398553557e+00
3.272689521393459255e+00
2.027526258574670504e+00
7.719418475814341374e-01
1.879528919598643322e+00
3.869943361454469155e+00
1.739890415671004220e+00
7.527985383294208965e-01
1.361680552262987565e+00
3.249815322489004288e+00
3.796786928552002838e+00
4.734704328045006072e+00
1.959947276567242103e+00
2.577863980733753335e-01
2.811418626006317201e+00
4.005731717870811615e+00
5.054718523523496820e+00
7.798699003386948547e+00
9.258146419199299038e-01
2.642806188614528651e+00
3.123886497842349730e+00
3.762776617934256329e+00
4.846786908890766910e+00
5.885030476694709023e+00
6.438319682973460800e+00
8.686828183196121600e+00
5.415713092786059724e-01
2.380321814744407405e+00
2.461119779392579865e+00
3.669565700376455464e+00
4.345098834972244362e+00
5.097158042163544955e+00
1.606850098529858162e+00
1.708424038462452943e+00
1.668174671535253450e+00
2.428963936087498166e+00
2.555307685909017357e-01
6.891651391438301522e-01
2.933352051002793837e-01
5.356704609660857264e-01
