1.421467870393668010e-16
4.434857886320256459e-01
8.174249833363468332e-01
0.000000000000000000e+00
1.208701800791935677e+00
1.132226199723451954e+00
1.262333909012736566e+00
1.499676295137852389e+00
1.991218726903029923e+00
1.746004526189061989e+00
1.574532821946495798e+00
1.669295443086912689e+00
1.941387547901905153e+00
2.484093887110117027e+00
2.288389681429553235e+00
2.094682599345336627e+00
1.906471115936109406e+00
2.025118203707013453e+00
2.414546372508499239e+00
2.800658549653213036e+00
2.880173955457379975e+00
2.561333572814122661e+00
2.290526229007681991e+00
2.191175805927757292e+00
2.478237725070258524e+00
2.859990737696467722e+00
2.750565685394902982e+00
3.495225402961597450e+00
3.496453043277035100e+00
3.126915208877204755e+00
3.213245027144701726e+00
2.756441866051106970e+00
3.139978497496960230e+00
4.236793344757288970e+00
3.919087292778516307e+00
3.536049634387346874e+00
3.470622322985147612e+00
4.641605911287165043e+00
4.247501606983263400e+00
4.175114145959077483e+00
3.850405480023964433e+00
