1.228940653093492588e-16
3.418110166809869011e-01
9.374475682407529264e-01
0.000000000000000000e+00
7.877537093758952835e-01
9.031218815243816644e-01
1.293916681498724630e+00
1.761539783299238326e+00
1.927363221880664002e+00
1.676728909724542138e+00
1.782124808428846352e+00
1.895091873521476789e+00
2.084229134938644368e+00
2.647127690521805299e+00
2.493068505670850588e+00
2.317834962270685306e+00
2.142011009149405787e+00
2.151005143124913310e+00
2.368489793430708090e+00
2.956428099826318157e+00
2.919205653886295160e+00
2.697245782046742146e+00
2.413105671722876711e+00
2.271771085257766387e+00
2.426155623390401583e+00
2.670786337299518642e+00
2.595075380552037458e+00
3.323815736695451495e+00
3.354049545489965034e+00
3.018364173249414417e+00
2.965881258238177942e+00
2.651061946718540341e+00
2.885277131802172601e+00
3.916068475386412562e+00
3.758512292446487990e+00
3.366549717938770225e+00
3.234041630533035949e+00
4.350130982442828476e+00
4.085799392383446360e+00
4.021860854428235932e+00
3.696431189676455009e+00
