1.900802219146322747e+00
1.626099844032591113e+00
1.553873639581774491e+00
2.569501221651043998e+00
1.618717587285695814e+00
3.094453128912868944e+00
1.607695506580366418e+00
2.941413249198137070e+00
5.353749635176325850e-01
2.176006880443233982e+00
1.229220379344913683e+00
2.201873620080152971e+00
3.537966026405146014e+00
1.058810760595216172e+00
2.435033180710852729e+00
2.446799323599226472e+00
2.181384505388803241e+00
3.356753183760120773e+00
5.158290750066466757e+00
1.405091975742354116e+00
1.038713534991915433e+00
2.497078993717887219e+00
2.610072877208316378e+00
3.050060604665102648e+00
4.203997236645821367e+00
4.352136727130273108e+00
4.738583532257872655e+00
2.131671397163271475e+00
1.663377491957823473e+00
5.041115537127866197e+00
3.319050858004519711e+00
4.583194350956803831e+00
2.335516647809584345e+00
1.760840672441843058e+00
7.164385443627441230e-01
3.185372152118786104e+00
1.179856176824960690e+00
1.343304609832044916e+00
5.127976823443642918e-01
1.020393508667242433e+00
7.938649659225637256e-01
