2.946808562151716250e-16
4.098907098341718624e-01
6.506924191137821722e-01
0.000000000000000000e+00
5.629670235261012845e-01
6.982491812666251629e-01
8.061207245187773651e-01
8.703821452135613868e-01
9.095579032053652258e-01
8.447028923663619793e-01
8.829246545066239404e-01
9.218152351696100588e-01
9.760869335820214765e-01
1.365141860653420247e+00
1.072210205098780289e+00
9.612834773930676313e-01
9.571784151376139249e-01
9.995542679002877851e-01
1.118215535632108404e+00
1.490068375272573409e+00
1.413670430141840351e+00
1.120302617597795258e+00
1.034356773659805828e+00
1.032932289255839020e+00
1.134956106672359466e+00
1.340118797368356596e+00
1.280537101945792511e+00
1.986679393995825382e+00
2.010685220077085056e+00
1.550778053881394225e+00
1.637549966072757268e+00
1.252065248304885303e+00
1.556575618678524675e+00
2.714754370610932721e+00
2.473465843217212079e+00
2.045575833110015562e+00
1.961488295439518748e+00
3.033719073372874497e+00
2.769792005368165277e+00
2.698568435303786650e+00
2.388043033992920172e+00
