1.590553168672795170e+00
1.707056539582328725e+00
1.836011419349572460e+00
2.630382440335067074e+00
1.542405127396164533e+00
2.862836269894747598e+00
1.996838437112509190e+00
9.916909078735425265e-01
2.794077907549205264e+00
1.554487681133847055e+00
2.068883258722550966e+00
1.492624325897494053e+00
2.174401461508565170e+00
9.542103612733717766e-01
1.734944203271245655e+00
1.383625370200968208e+00
1.745430130502774624e+00
2.060948743207888345e+00
3.022230581666315974e+00
3.347465658593030025e+00
1.433948484496741838e+00
1.785264637754164330e+00
1.790245435023245069e+00
2.046521960893658676e+00
2.396082362107670338e+00
2.228620759233686410e+00
2.552858540657175546e+00
3.840910756084450206e+00
2.677764788481789449e+00
2.892071890764910336e+00
1.616005306146773624e+00
2.445772334995864217e+00
9.934003829145805486e-01
2.624779359225426933e+00
4.193135198441412248e-01
1.901792747056400001e+00
7.132049078064098824e-01
3.498142652773459926e-01
1.169680060165453339e+00
8.414695408561279066e-01
5.254200478043965505e-01
