-8.445960446443353606e-17
2.555140039549900211e-01
5.427611725312080360e-01
0.000000000000000000e+00
5.859997142319851582e-01
6.530179935175891570e-01
7.234746395241065109e-01
8.628606263706191104e-01
1.392027063410590015e+00
1.086154216836539899e+00
9.427287868123845893e-01
9.741542261710762762e-01
1.206679570153215142e+00
2.170968089411857704e+00
1.873632048691894036e+00
1.570659372523067754e+00
1.274465245728444884e+00
1.329023737415280237e+00
1.774441033715475680e+00
2.405693002949071957e+00
2.462145283057947331e+00
2.066003955161928474e+00
1.774849058373031641e+00
1.562659462449370373e+00
1.887390183988129966e+00
2.298868328321765464e+00
2.169689360854509363e+00
3.010797778181860895e+00
3.068427089682276954e+00
2.635451060469683693e+00
2.690788986945129579e+00
2.237306232887358082e+00
2.599289480962259091e+00
3.682605558992350314e+00
3.481751492095584766e+00
3.083961789786786589e+00
2.979186280588670410e+00
4.155156544250141692e+00
3.822068417489876246e+00
3.759587112143128351e+00
3.420941172975268785e+00
