1.533595901666455541e+00
3.246847475272765404e+00
6.513623723534648358e-01
1.284596790697791535e+00
7.138153281683975449e-01
3.948118935433111876e+00
9.341391447364314482e-01
1.680960712239507382e+00
5.905231591532363877e-01
1.744688104527027495e+00
1.919820994199073150e+00
1.424033974714874917e+00
1.792930026190899584e+00
8.762533496345668027e-01
2.368793769349923028e+00
4.358385664308812579e+00
2.090435813165031131e+00
1.737882050280142199e+00
2.627581666198890886e+00
3.775809487231268635e-01
3.716778548521624703e+00
3.363103194646110516e+00
1.777918589279553929e+00
1.565050041217246557e+00
2.054942843323078527e+00
2.033565615238772661e+00
2.624010055191601687e+00
1.255878934174763817e+00
4.154394763272677871e+00
1.983021911989957919e+00
1.258446843574658525e+00
2.111840956589042140e+00
1.437003049770014140e+00
1.029389693758235858e+00
7.847833530189184392e-01
1.135267373869047525e+00
1.160069129099572605e+00
1.525609107937275111e+00
4.002860870719668340e-01
3.293913756793374614e-01
1.109762268706723232e+00
