1.478627940072750224e+00
2.848885415973495316e+00
1.078565840281361154e+00
1.584682530888106289e+00
1.920384262694556421e+00
1.562003671079562617e+00
1.829314079727489162e+00
2.855070252168479428e+00
2.439254872618532133e+00
1.145145847536635397e+00
1.650917000545569113e+00
2.544293310921641460e+00
2.743973672657524343e+00
1.095078940398381606e+00
1.676048482848902177e+00
1.735278660516017091e+00
2.401489870825550543e+00
2.955868421734471951e+00
4.018223920065684851e+00
2.094383525721040140e+00
1.677027675896571646e+00
3.679756841608567530e+00
2.398896097140355899e+00
2.608320041398963784e+00
2.953509261773415773e+00
3.068774190519035994e+00
3.579710532496385156e+00
2.637293543569672050e+00
1.579966240814021150e+00
3.486527280928788830e+00
2.418888891372090288e+00
3.322081479501206580e+00
1.788710050827120535e+00
1.288139377283335163e+00
1.559838643235128330e+00
2.486043562404443019e+00
1.226072355490128052e+00
6.686763990768713750e-01
4.368846906340243530e-01
5.428221453315893452e-01
8.843002414376135434e-01
