4.092574586658765457e-16
5.804322981207891141e-01
1.068130420227639821e+00
0.000000000000000000e+00
9.981641330611243923e-01
1.162709450400561284e+00
1.447597103063623658e+00
1.693328379106514348e+00
1.732004427632166887e+00
1.557621775698214250e+00
1.660777133055185928e+00
1.837473038081549381e+00
2.056274907043645683e+00
2.397485582100652213e+00
2.154794889453351736e+00
1.917109745980519753e+00
1.940118901568810728e+00
2.094269429377362712e+00
2.319518653056264590e+00
2.612846884522167290e+00
2.640601921221620074e+00
2.292644312509148463e+00
2.156591519134430257e+00
2.167311021349122679e+00
2.332264368072658911e+00
2.552646390587945291e+00
2.495319685282277877e+00
3.108157165395129429e+00
3.122668637739954622e+00
2.724972282503670407e+00
2.788083068407348986e+00
2.459386650160576782e+00
2.733915442798621864e+00
3.687861992730306682e+00
3.473619340036032899e+00
3.096370222074252165e+00
3.018595821580935201e+00
3.974198606058014782e+00
3.687379564844512903e+00
3.642582502713209269e+00
3.414426892283239034e+00
