1.039427536161021184e-16
2.947445360281037430e-01
7.253450795454726707e-01
0.000000000000000000e+00
7.461952662143656045e-01
8.594042591413481036e-01
1.158030874924260267e+00
1.401687106906380320e+00
1.480443915915799602e+00
1.328895646436222933e+00
1.400501233195670769e+00
1.497740716142206052e+00
1.636762895842080345e+00
2.048045698896315603e+00
1.826888128963596980e+00
1.620875919797699627e+00
1.588404990092839864e+00
1.663879746004879978e+00
1.834069641018459595e+00
2.251967496298875382e+00
2.269447246779671357e+00
1.886662516563250680e+00
1.730726135456491122e+00
1.720832753571887475e+00
1.853126095886263869e+00
2.062594365081025671e+00
2.003081142078741106e+00
2.604342519523343391e+00
2.610101817199744101e+00
2.287873662191761248e+00
2.310891196686695181e+00
1.991921898057276819e+00
2.242242357314740087e+00
3.034526161798550614e+00
2.878336415033278417e+00
2.594052655655232353e+00
2.515154655636368197e+00
3.316974164477461073e+00
3.107254666558251888e+00
3.062523128381798188e+00
2.824783352381258439e+00
