3.352152155868532263e-16
4.338534857370116571e-01
6.805045094799898608e-01
0.000000000000000000e+00
8.964142280931455264e-01
1.052777274997234613e+00
8.730243008199777277e-01
1.051973175254429238e+00
1.935243559792400925e+00
1.685124110282598897e+00
1.446435032685527533e+00
1.442396699846902663e+00
1.722812987277800412e+00
2.582009914840059928e+00
2.314875531303098644e+00
2.028435920005093873e+00
1.852533505206383602e+00
1.894345688134873695e+00
2.237228184602230829e+00
2.699591753869590605e+00
2.647347200318570959e+00
2.380044610523247339e+00
2.191903084035063731e+00
2.088366732248932767e+00
2.310723629374430210e+00
2.554495995622846571e+00
2.471475675644609016e+00
3.213986580495791223e+00
3.168782829097948284e+00
2.752824955914138894e+00
2.808464585712626249e+00
2.503610221015483805e+00
2.743022203762751854e+00
4.030618450764436922e+00
3.775669232522517849e+00
3.182420693198147799e+00
3.085135584767058958e+00
4.250718127035683302e+00
4.029806798934159495e+00
3.987066411562252721e+00
3.683547463533601185e+00
