-0.000000000000000000e+00
6.266367566239379183e-01
8.285050897236215794e-01
0.000000000000000000e+00
9.076689582925715483e-01
9.277119329505654211e-01
1.020423963188297201e+00
1.244969490974452864e+00
1.718165117954126409e+00
1.216639375999187145e+00
1.142651804258149717e+00
1.383392734502177479e+00
1.789822510731531757e+00
2.290588264728877999e+00
2.088342554315279376e+00
1.915181887019890006e+00
1.714787654656562799e+00
1.888351421984805656e+00
2.337128734696346744e+00
2.489259224492427425e+00
2.622562721580273593e+00
2.389011565141709426e+00
2.197284845658465269e+00
2.093840099265740218e+00
2.395755434626914759e+00
2.736120004707131237e+00
2.643565409433574764e+00
3.184224225701878463e+00
3.254570489926041699e+00
2.903183914440145674e+00
3.013454428439802157e+00
2.626150971129497247e+00
2.966414366951222181e+00
4.018922258386649737e+00
3.708938069314037467e+00
3.304800124265215189e+00
3.242283147968493484e+00
4.358977298820820856e+00
4.065325700191843694e+00
3.952851298227278320e+00
3.603648652844249067e+00
