3.259636688087101402e-16
4.563816241063102797e-01
9.599533522442796896e-01
0.000000000000000000e+00
8.900506437687980554e-01
1.053727075507678856e+00
1.261416282589402194e+00
1.673830028361184663e+00
1.464180432696920775e+00
1.439130787109368370e+00
1.613601919574512156e+00
1.810144109534540080e+00
2.003189326146384008e+00
2.362569038102223740e+00
1.907880737024375772e+00
1.833115089034321077e+00
1.931646470996867482e+00
2.043387097746521164e+00
2.226859994410240962e+00
2.650046058175111074e+00
2.541210620389580122e+00
2.248434934704715005e+00
2.126416883261831536e+00
2.114667297005277113e+00
2.250469418685241418e+00
2.431533623925392185e+00
2.377198375739929315e+00
3.011449954352796166e+00
2.949001838116178220e+00
2.616435207399752549e+00
2.645177745626875243e+00
2.378468439473321094e+00
2.581950100935972880e+00
3.466794052105652391e+00
3.276069297266166025e+00
2.923853607962786150e+00
2.843687846536813169e+00
3.845045399312994938e+00
3.569375344359027036e+00
3.510125719888849805e+00
3.205152053661116440e+00
