3.962643735358709109e-16
5.943014656279285157e-01
1.058248197861819673e+00
0.000000000000000000e+00
1.121020410612445062e+00
1.209728481534887212e+00
1.382930363949066210e+00
1.846362981023785377e+00
1.772250544224533542e+00
1.637102644323711331e+00
1.690262996717750266e+00
1.958641457521363760e+00
2.216662321321170026e+00
2.312967580202869744e+00
2.101297897468736853e+00
2.027539333486508610e+00
2.104035209204613732e+00
2.257556308215205476e+00
2.516865196331487642e+00
2.681593791958565287e+00
2.874788329795447961e+00
2.501399545180431172e+00
2.357456301838568802e+00
2.349560329471114706e+00
2.538219391925127688e+00
2.828799342144783679e+00
2.755067506346339901e+00
3.543685402158759157e+00
3.598541630096135702e+00
3.115430927936887695e+00
3.173007033675769417e+00
2.711878189890179147e+00
3.090486354737174146e+00
4.259732121786623971e+00
4.028440638123155892e+00
3.631008970807935832e+00
3.522738812839086631e+00
4.546733293949897003e+00
4.299298628128202182e+00
4.241728329755221516e+00
3.958833718302349425e+00
