1.196740063896698958e+00
1.902566126160937232e+00
2.364186525907737479e+00
2.723707011070874540e+00
1.482268652215550153e+00
2.810118369192490029e+00
1.165420895118823630e+00
1.195703158140642097e+00
4.243540792305793286e-01
2.723667911972010636e+00
1.418968104419850551e+00
1.323711457360650989e+00
1.975863310382196980e+00
-9.291627271404237498e-02
4.097071857162343456e+00
1.917168970770936953e+00
1.151087598898864250e+00
1.645714512529932394e+00
2.527960506832839460e+00
1.723076051031991129e+00
1.899525393481925617e+00
1.683325354292381615e+00
9.533046719961894011e-01
1.342558249934603154e+00
1.897016058158085494e+00
1.921685091443383842e+00
2.290426863193222307e+00
4.616406485773928203e+00
3.216441025675597309e+00
1.426898782685250389e+00
1.366118066035499679e+00
1.656614130128244433e+00
1.006501436162845708e+00
1.177970101150628945e+00
1.113675334197469002e+00
1.256306207470215597e+00
6.616336217024499922e-01
5.805161890867680530e-01
8.931204678276766229e-01
4.993129481532169733e-01
3.347700657658940204e-01
