1.785708197744557246e+00
2.000452383403169776e+00
1.892440350551126693e+00
2.125134124476833364e+00
1.546444711215978485e+00
2.594033554822951615e+00
2.716757620821423469e+00
2.644725123660744526e+00
1.241990568291631680e+00
8.457227313607349473e-01
1.859886880434803214e+00
3.087696093037242129e+00
3.686652602141649027e+00
1.079030004797685072e+00
1.210742741915741716e+00
2.405983562652945107e+00
3.771141788564988939e+00
3.713691571343373354e+00
4.794873670130378684e+00
9.484152137333703436e-01
2.359893127987745309e+00
4.159658926228267717e+00
3.522676914691562633e+00
3.684162469628137426e+00
3.915939990328311637e+00
4.221200785142516843e+00
4.126436897725871411e+00
1.833711285003518654e+00
1.162452209928055202e+00
3.668798715299880442e+00
3.217969115021977355e+00
4.616666123809699762e+00
2.477455287149874508e+00
3.113147006265442940e+00
1.573208256506305469e-01
1.828654697003287533e+00
2.560216533593066668e+00
5.066722754841739285e-01
1.347639841168576158e+00
2.406521624215733623e-01
2.951860880471788739e+00
