1.381564029586536790e+00
1.149696868443164099e+00
3.867179296971125613e+00
2.829676520410210117e+00
2.158178873109405593e+00
2.417227986052856714e+00
1.014408364529436390e+00
3.792807515471788626e+00
1.546143005544301063e+00
1.557729993749264352e+00
1.444056756417470222e+00
2.214996264071277920e+00
5.092014558402761182e+00
1.771155489131546856e+00
8.462774531005413658e-01
2.983224926286152989e+00
2.338687769628955415e+00
3.652526810393243561e+00
6.728150124054062431e+00
2.111714527561621590e+00
1.311846816105425528e+00
2.443439953489889849e+00
2.687785545819443733e+00
3.066743487676681035e+00
4.369256529370861841e+00
5.623944931112486501e+00
7.601284388562868699e+00
3.931940038386322556e+00
1.014856552124401956e+00
2.184338811899888544e+00
3.369421448937490737e+00
3.402919739849911807e+00
4.938279623553023079e+00
2.031440736988287643e+00
3.420409707457638393e-01
2.101086456246965550e+00
4.847838013467749008e+00
1.389921389519273021e+00
8.846331460332579333e-01
3.024147427364908269e-01
2.038944031651812150e+00
