-6.763406224266063019e-16
5.727194481310382557e-01
8.081983427588692592e-01
0.000000000000000000e+00
8.246735678593125618e-01
8.689013392906359545e-01
8.923082815573082360e-01
9.565473586824446706e-01
1.315979168721692627e+00
1.109457141362598209e+00
9.860614823105074978e-01
9.921422691774489655e-01
1.085207818044647610e+00
1.584339048153943885e+00
1.366797158386997557e+00
1.196670725125791535e+00
1.065332161676201705e+00
1.114995885144488108e+00
1.312010495467694104e+00
1.613263710525262518e+00
1.615510434079964419e+00
1.412528290768892525e+00
1.241043577030224609e+00
1.190569479658941221e+00
1.344724211290466265e+00
1.576425410255003712e+00
1.511955971469917115e+00
2.029630339360119606e+00
2.093225141540294931e+00
1.743500902968479815e+00
1.812455459684588321e+00
1.501585612341594711e+00
1.762932199537032174e+00
2.863568603670196389e+00
2.590952886453909088e+00
2.116425837889385875e+00
2.037419851298287288e+00
3.237190326070097157e+00
2.925695527979584654e+00
2.858120674402174544e+00
2.487369415211835744e+00
