0.000000000000000000e+00
9.416368969156833080e-01
1.141806515515968901e+00
0.000000000000000000e+00
1.236634695893864544e+00
1.310318349035868968e+00
1.459696517999879983e+00
1.632475060025958546e+00
1.772651413673059562e+00
1.548140377968673098e+00
1.612653062909704893e+00
1.758316836969442631e+00
1.908060075435374259e+00
2.318182486242363005e+00
1.922331585609998061e+00
1.820548076410044125e+00
1.846983769298731204e+00
1.944306090508184592e+00
2.110640094573488224e+00
2.292962324687997544e+00
2.225790360859138506e+00
2.037854885602469412e+00
1.987603193324117390e+00
2.000656112945060183e+00
2.120556770565341420e+00
2.290608315770081393e+00
2.247297240935492102e+00
2.731952151641483528e+00
2.682449088323961117e+00
2.393539269349997500e+00
2.475620368312900776e+00
2.209543599090892485e+00
2.440678330346984559e+00
3.345473673936178116e+00
3.031011918895012869e+00
2.724705923870119673e+00
2.677068867306384270e+00
3.600178260094123228e+00
3.337063196313155178e+00
3.217143353480605761e+00
2.957118685934692515e+00
