-0.000000000000000000e+00
4.411630986491820727e-01
8.493535902581244024e-01
0.000000000000000000e+00
8.581459219306375452e-01
8.570805166127750674e-01
1.004809810801007952e+00
1.164099253692815639e+00
1.255559726630711470e+00
1.142822983726622832e+00
1.117841052511550970e+00
1.204267831735744032e+00
1.320768076478340936e+00
1.707498563981351580e+00
1.451392546498135427e+00
1.343067980860324528e+00
1.287098637039645332e+00
1.341786782850630022e+00
1.482085823490607579e+00
1.900890787220057332e+00
1.805060607232295888e+00
1.556413136193992575e+00
1.437605120275115000e+00
1.398785196270819986e+00
1.502108823884440003e+00
1.679264506961436920e+00
1.630592728631633959e+00
2.593211126203603722e+00
2.597534943625229964e+00
1.879246519331007059e+00
1.917230715722296530e+00
1.617656680725479967e+00
1.854065459815009920e+00
3.281609019043962405e+00
3.087370829768351310e+00
2.442988638140348723e+00
2.265721235788735299e+00
3.636949426501644655e+00
3.381358893443613400e+00
3.311901103011673175e+00
2.971935010311054004e+00
