1.602694354629977447e+00
1.395347206494553127e+00
3.134076231606352181e+00
2.291245296338847659e+00
2.676830042535816467e+00
2.019151153731909787e+00
1.371762816826737730e+00
2.307019201268994735e+00
2.185587577708095086e+00
1.239799185299473194e+00
1.477796660157142172e+00
1.824176323603247551e+00
3.372031057241167140e+00
1.575676947901331504e+00
1.300957929372808852e+00
2.461629260399427199e+00
1.875671743061344987e+00
2.602184341710037874e+00
4.389930959797292864e+00
3.569843541214838822e+00
1.842248804635228332e+00
2.333194296346199792e+00
1.880665129384417877e+00
2.074408678712196696e+00
2.897584176616651686e+00
3.280630363635215208e+00
4.786474953320894343e+00
1.897575256806243171e+00
3.357783507239374909e+00
1.735794286959571053e+00
1.795158400396182907e+00
2.498150846275724479e+00
2.766075676584818233e+00
1.539956714007298055e+00
4.035031105301625232e-01
1.411816918526376696e+00
2.205400493560468522e+00
1.383318653363717177e+00
8.864717766613819938e-01
6.286513682032648376e-01
1.758911559182024353e+00
