1.221316479494104080e-16
3.448108322409437210e-01
6.719553259520998356e-01
0.000000000000000000e+00
7.993809132004850992e-01
8.810388395345933876e-01
1.035470258387916953e+00
1.349617764632604189e+00
1.583194360551468227e+00
1.449612833842581772e+00
1.587237604190521845e+00
1.682093717008901645e+00
2.042705033118696001e+00
2.178225652064347262e+00
2.053190742441345140e+00
2.077448261504155624e+00
2.090759816368915835e+00
2.175844029570169536e+00
2.541742480793896419e+00
2.679947070178457569e+00
2.873075522766363132e+00
2.513295741385392024e+00
2.417349013945865099e+00
2.360235668554128363e+00
2.592479519374496277e+00
2.898616335754121032e+00
2.815188248802351634e+00
3.539240213664227586e+00
3.560266341517781541e+00
3.144261026573663020e+00
3.219467720912339015e+00
2.788034449814535076e+00
3.156211100834136474e+00
4.134436448233327788e+00
3.951023260968931083e+00
3.600544537183102634e+00
3.511809329754764342e+00
4.469778428791150837e+00
4.141371772426187370e+00
4.105447137104007105e+00
3.931702809883149907e+00
