6.966846877261309786e-16
5.187625488592725320e-01
7.826929420555318595e-01
0.000000000000000000e+00
8.676013746860782305e-01
9.294435975439166997e-01
9.848251738290921820e-01
1.128617585703191262e+00
1.264887953170543478e+00
1.181514025533648926e+00
1.167188304438286695e+00
1.214717297267972507e+00
1.324062628710987788e+00
1.598251862076015772e+00
1.409057524568030573e+00
1.307502168063088943e+00
1.292185153249820084e+00
1.351958805363964400e+00
1.498366143050639421e+00
1.708531108116305930e+00
1.744830434255584040e+00
1.488174215057065375e+00
1.397846311232072036e+00
1.399332874141448357e+00
1.510663110537342924e+00
1.689801154213436130e+00
1.643874882353218547e+00
2.102238685901157478e+00
2.110037673828803584e+00
1.867033832646114888e+00
1.886708809410696963e+00
1.619085664012824388e+00
1.839151316252942925e+00
2.579140131061477881e+00
2.378816133942502464e+00
2.096070490381795715e+00
2.036162219650703875e+00
3.092751422534745220e+00
2.727142601196399063e+00
2.654063790631002728e+00
2.314168913502971492e+00
