-0.000000000000000000e+00
3.240115930504844366e-01
6.679092024512609527e-01
0.000000000000000000e+00
5.464350631484840015e-01
6.324827793290459521e-01
8.526594266050782078e-01
1.054237147554141218e+00
1.025595245118865684e+00
9.029519090141940874e-01
1.015348669999113662e+00
1.155256082900718573e+00
1.274101218545051317e+00
1.474229577227978094e+00
1.286337236473464651e+00
1.255172231378596237e+00
1.255919079374478553e+00
1.310631336265809299e+00
1.426523958283704596e+00
1.702096109912313304e+00
1.616635009624064923e+00
1.432868017667131122e+00
1.377920956331752933e+00
1.363559687766701334e+00
1.443521355667215289e+00
1.559594594414843272e+00
1.525677319622604111e+00
2.121137686165995628e+00
2.033714744107156580e+00
1.699424856890089153e+00
1.717467213879790178e+00
1.519385616244234072e+00
1.674961144487141507e+00
2.553886975169868290e+00
2.355178057639294664e+00
2.034604054078021029e+00
1.951402361037061883e+00
2.868809198442482167e+00
2.641400620340737415e+00
2.558540222554546606e+00
2.297108854889428287e+00
