2.932560675892549096e+00
2.009481870548155413e+00
2.275791662750314082e+00
1.314831177297316023e+00
1.514454937197827311e+00
1.213827188038784088e+00
2.748266568742828930e+00
6.975907833851105799e+00
1.025127807723872353e+00
1.059631254607520612e+00
2.223626564329872046e+00
3.414625524226952979e+00
4.831966725633229487e+00
1.272150875122382452e+00
6.069380568547538823e-01
3.091975094491481890e+00
2.876177234092430091e+00
5.005521937903775864e+00
7.324218297054137849e+00
1.613809739915065711e+00
8.704382424717294064e-01
3.181390419415744741e+00
3.245469745731554667e+00
3.711779899033925467e+00
4.962008014751588370e+00
4.948426706821135390e+00
7.215559849650484026e+00
2.496558096225573120e+00
1.581998776501790660e+00
4.622415498348078522e+00
3.112143342609213548e+00
4.311721832351379291e+00
3.320610901810480353e+00
1.142619952881616996e+00
1.510485908180343895e+00
2.708924040988127224e+00
1.701214741473023873e+00
7.538213086812296515e-01
3.932221694277694413e-01
8.378601134997166744e-01
5.549644622209874978e-01
