1.885590594517771112e+00
2.838446959595185781e+00
1.599076161026901755e+00
1.308288801702929938e+00
9.352706071796851317e-01
2.076160318309045572e+00
1.391698781342200819e+00
2.625428897535325490e+00
2.475940677632256226e-01
3.354996942890481115e+00
1.632181180931515874e+00
2.775309303897517843e+00
4.442839984206523596e+00
1.021470940145407846e+00
1.732087913019580983e+00
2.179845417931304485e+00
3.232831498279696625e+00
4.409345726512759356e+00
7.360189446743333086e+00
9.276245562685342394e-01
1.691788531390590933e+00
2.289806351101180582e+00
4.410838944989542654e+00
4.887911830757456499e+00
6.522547451316072831e+00
7.606862775790419917e+00
7.705636747248816754e+00
1.372010480708347746e+00
1.710890229492884940e+00
3.236511037521957679e+00
5.661535098594801418e+00
5.605579584934504034e+00
4.654119197922530482e+00
8.112086411581428402e-01
1.976904252731354728e+00
2.879235745806895785e+00
2.348245264102775565e+00
7.128029803860018720e-01
3.615071512110996088e-01
-9.430720290149326168e-02
7.190943442703519040e-01
