2.893036960270341851e+00
9.849748493165846330e-01
2.829982279665824940e+00
2.733576495818800467e+00
7.531842630324375731e-01
2.791417448192815787e+00
2.340873199248493908e+00
2.271379533477650092e+00
1.510428185147524527e+00
2.130789967806536289e+00
2.329793906688494065e+00
2.031434423326869521e+00
3.141631982740024309e+00
3.966364414953883477e-01
1.271397146245700771e+00
2.441200899095112398e+00
1.961140932937350589e+00
2.545569736583206844e+00
3.787732608419871472e+00
1.344286175523082605e+00
4.177945808224678537e+00
3.022284208306740716e+00
2.217881758409681492e+00
2.215367198769069290e+00
2.417294328049516938e+00
2.566041000367979663e+00
3.056188836341760418e+00
6.589986951850484997e-01
1.800548633015117250e+00
4.125501055783939997e+00
2.090383988428577311e+00
2.435767899061434427e+00
1.345507255400211433e+00
1.974767495677855589e+00
5.755422444672251281e-01
3.438130731504279058e+00
1.670401823621169068e+00
7.989076278658554520e-01
9.260710444795960949e-01
9.601613233104068224e-01
1.508618995961703124e+00
