-0.000000000000000000e+00
4.673439946291054747e-01
7.459269877408072347e-01
0.000000000000000000e+00
7.555384810147693919e-01
8.554946037676632864e-01
8.974913030882898379e-01
1.025868701739980349e+00
1.596194774139284567e+00
1.260648570847962446e+00
1.109312767413328293e+00
1.121325801817113943e+00
1.218592278138560525e+00
1.964294833914839389e+00
1.709838991165811173e+00
1.483114151553919680e+00
1.277894438622759532e+00
1.274423876478190776e+00
1.440597779253073529e+00
2.035239023908801403e+00
1.946026600988397748e+00
1.728179154685192120e+00
1.477959135421027526e+00
1.365228076517244871e+00
1.490603062671306045e+00
1.720450312460206410e+00
1.646176491267534070e+00
2.427692000084942681e+00
2.470868817302580567e+00
2.043009015652724969e+00
2.046253587477249170e+00
1.687996758776858730e+00
1.952668861730691097e+00
3.017861660242420641e+00
2.883021863255133876e+00
2.530747577116251534e+00
2.416403862883901077e+00
3.196756336534000820e+00
3.067956078971711964e+00
3.031912939215558378e+00
2.818672815110546459e+00
