9.375580528393747670e-01
2.174377968233233371e+00
6.418193265063843356e+00
1.410357075552047590e+00
1.063343147582169079e+00
1.647035332035552413e+00
1.856614886137780474e+00
1.374804697059907266e+00
1.556581243806232973e+00
2.838300800150832082e+00
1.504662996170324618e+00
2.205930380520610079e+00
3.851223384729689503e+00
6.664338697232474740e-01
1.190812927999129522e+00
1.557882599198596951e+00
1.398545407118976236e+00
2.935325413702010167e+00
4.654784133258138112e+00
2.895744212919533211e+00
3.293468881649754820e+00
1.959025617978087164e+00
1.951357845046371775e+00
2.517491983061755256e+00
3.008618649483087548e+00
3.337342224866078677e+00
4.032306925954434185e+00
5.868971285610193878e-01
2.857347686853537905e+00
3.096393320135871097e+00
2.390005061640617434e+00
2.650773132813138311e+00
1.851989539603913215e+00
1.775307334821627059e+00
8.601311187850013695e-01
2.102825979095495068e+00
1.537719003510224614e+00
5.401674987603103384e-01
1.226525949576923624e+00
6.941190992261628834e-01
7.966999591688892490e-01
