0.000000000000000000e+00
6.707609812796394566e-01
9.688616500520540464e-01
0.000000000000000000e+00
1.227824445163799405e+00
1.305883509577910884e+00
1.248103836711278003e+00
1.400747452897337597e+00
2.126832794876663435e+00
1.877094335021280536e+00
1.683892326038082032e+00
1.660234982298910200e+00
1.949207328362100089e+00
2.967004415629132197e+00
2.484239282382662672e+00
2.188755255041379133e+00
2.018413297434152653e+00
2.103110904416543914e+00
2.553463422889703516e+00
3.159027566157227795e+00
3.141125978001709562e+00
2.693847458118028726e+00
2.424123252393642236e+00
2.316502416548419152e+00
2.631409204268155833e+00
3.023330318613750567e+00
2.909164626939817033e+00
3.653855680466342459e+00
3.720498650364935767e+00
3.276624766942811906e+00
3.378932240382186869e+00
2.907877284939985874e+00
3.307309553627818755e+00
4.366598229607734361e+00
4.143029980635863474e+00
3.744891104793468983e+00
3.655879176810545861e+00
4.687773078512775804e+00
4.399965220839755276e+00
4.350107980782634165e+00
4.081349446497276823e+00
