-0.000000000000000000e+00
2.853407816918636097e-01
5.616869982818112339e-01
0.000000000000000000e+00
9.179567644050303787e-01
9.310160555706223917e-01
8.305306300911564632e-01
9.746435883331268091e-01
1.227677373684966433e+00
1.158883984660635802e+00
1.103878041704651869e+00
1.112562049348794657e+00
1.286413419333890529e+00
1.705176800718021468e+00
1.380310872270363198e+00
1.262536472787111119e+00
1.247937179573344046e+00
1.342953733396883731e+00
1.608963794670730696e+00
1.862314184895953906e+00
1.852759380283242496e+00
1.543759006788498978e+00
1.436708125277282422e+00
1.435989970499522927e+00
1.634787443495055781e+00
1.906602902215910333e+00
1.837769894833222617e+00
2.556134642145548419e+00
2.433667823643675732e+00
2.083870238055124613e+00
2.155785659194465076e+00
1.799689897115830828e+00
2.106470546792404086e+00
3.090571229348016757e+00
2.749791308686674096e+00
2.404199994705082943e+00
2.340416879735297329e+00
3.420401846693115200e+00
3.100405103277523278e+00
3.003362825771103584e+00
2.644543658445638989e+00
