-0.000000000000000000e+00
3.772613549286106260e-01
7.371669506509962444e-01
0.000000000000000000e+00
6.853938771115516415e-01
7.675477284886338403e-01
9.496145905567636714e-01
1.193609761188514362e+00
1.178086881684187182e+00
1.130710970321890718e+00
1.209294187825895373e+00
1.274415514175976094e+00
1.422890256614242066e+00
1.837447961896006898e+00
1.638964853416063905e+00
1.462908670095706132e+00
1.421527787057245362e+00
1.463343626949715759e+00
1.624992599167417895e+00
1.873993891228530106e+00
1.871614159377402942e+00
1.706190967907091016e+00
1.592779265509598918e+00
1.540506839360157976e+00
1.650267196691979965e+00
1.805358205691070417e+00
1.762851457332919036e+00
2.110305840358505769e+00
2.172034473474325100e+00
1.927012897884694764e+00
1.969278332381587227e+00
1.757966961195958522e+00
1.933150801613511938e+00
2.805186041206362280e+00
2.583716117694147663e+00
2.201546135753028821e+00
2.134369434667638732e+00
3.122809841536730691e+00
2.876161464052134242e+00
2.814014245138815262e+00
2.494114318851726964e+00
