-3.709243586718643869e-16
5.529107765694228904e-01
1.033712402069189684e+00
0.000000000000000000e+00
9.267309067574194259e-01
1.057797373813525343e+00
1.277084862987746483e+00
1.539880865014139344e+00
1.536091953890697637e+00
1.422005648771330844e+00
1.468651870013867766e+00
1.618485609934149805e+00
1.846486924191142132e+00
2.151700970381809075e+00
1.887700051120980715e+00
1.691447116949098772e+00
1.716002043716743586e+00
1.862729172979564307e+00
2.082647838914630345e+00
2.317806483330348222e+00
2.373632807842924741e+00
1.985787962966168330e+00
1.894800583088402490e+00
1.924615832727945897e+00
2.085829911620034061e+00
2.336737920754628828e+00
2.277045575824783619e+00
3.034446852087743007e+00
3.062334746349886228e+00
2.548071406793902760e+00
2.626407413397473523e+00
2.212722537740338780e+00
2.562250489674278597e+00
3.696763120270980529e+00
3.458247565629644527e+00
3.016244951682380382e+00
2.909864743539299692e+00
3.880708509609868351e+00
3.683815019147167469e+00
3.647875039968800248e+00
3.361991504912196227e+00
