-0.000000000000000000e+00
4.403236100741187986e-01
7.750037872212324208e-01
0.000000000000000000e+00
7.481055191292331763e-01
8.427362633628351363e-01
1.044965477422413747e+00
1.393228984871672127e+00
1.390118823360367406e+00
1.281936997186485572e+00
1.389319971445645008e+00
1.537453965169879089e+00
1.701199336117543925e+00
1.909470980199694301e+00
1.702974820535195999e+00
1.629572945762935765e+00
1.644337976365058740e+00
1.731104161804887243e+00
1.883533515205046083e+00
2.105697508387953665e+00
2.064986043308707053e+00
1.867284508008451915e+00
1.782553736426511160e+00
1.784078291894493962e+00
1.893458341775746234e+00
2.062033936806200174e+00
2.017310789480361688e+00
2.574231080979048070e+00
2.520719582883166776e+00
2.214965924500641226e+00
2.263612580445667266e+00
1.990855801283231141e+00
2.211845687719484754e+00
2.868165144153045798e+00
2.721119133953234570e+00
2.506143448761982473e+00
2.445751796474665340e+00
3.077794302371867463e+00
2.904508868884696060e+00
2.857629999787468567e+00
2.671894835536424928e+00
