-0.000000000000000000e+00
4.010090537923719500e-01
7.588543785509235251e-01
0.000000000000000000e+00
5.930977630227801667e-01
7.895832451386208817e-01
9.761926011322080710e-01
1.116546565025713811e+00
1.157961595938830746e+00
1.017005241365711354e+00
1.067258834997980133e+00
1.143501756614187626e+00
1.215695377770666052e+00
1.613199791304883890e+00
1.306761109963117118e+00
1.159520196729797226e+00
1.168943689365519401e+00
1.220911344178378766e+00
1.298191011898469416e+00
1.688985166833501195e+00
1.520072531342674171e+00
1.318991758258894365e+00
1.240046936910276232e+00
1.241324572912498203e+00
1.301571529211175582e+00
1.417501338199208316e+00
1.386854131725880457e+00
1.927371522770544132e+00
1.935124384026963185e+00
1.576719326482918238e+00
1.593114222583584594e+00
1.365399982282720082e+00
1.544400025533273713e+00
2.494266872761226939e+00
2.301930326234737034e+00
1.966849073690377203e+00
1.838968936992861014e+00
2.735397400834344683e+00
2.515957651422324748e+00
2.473204199465121267e+00
2.257310107911929986e+00
