2.255260243741596504e+00
2.008266317604455065e+00
1.164052819241840453e+00
1.938302504310846830e+00
1.112498516455394437e+00
3.040506011729139146e+00
2.685525133049694091e+00
2.232317328063722073e+00
2.301786690858317996e+00
1.841728406380211736e+00
1.264445804346241431e+00
1.830726437928465566e+00
4.452912122226572400e+00
9.825973794420040930e-01
1.248085076998067144e+00
1.452607334343016587e+00
1.557634227072240307e+00
3.101679558925789948e+00
5.860325767135631025e+00
2.658913785864828405e+00
3.078444314899650092e+00
1.981228305982056126e+00
1.621807863716498321e+00
2.372497987764845551e+00
3.018624274260466311e+00
4.232067535352470600e+00
6.494109295718361707e+00
1.913314365845503850e+00
1.816901600835474806e+00
1.582797796785409661e+00
2.681084340246169262e+00
2.073800272382654963e+00
3.644474540922628236e+00
9.429526435229307335e-01
2.233137958092668462e+00
2.570032743335713743e+00
2.538828171925980648e+00
2.895287901201814562e-01
3.559723072528677146e-01
1.973875354455953690e-01
6.120764392892678041e-01
