-2.192155687002524094e-16
4.203237473638584132e-01
6.277945963982377586e-01
0.000000000000000000e+00
6.081036083142821180e-01
6.605669259077915356e-01
8.061039735359334379e-01
9.596064719897792195e-01
9.046244296559001752e-01
8.337025144943428501e-01
9.148087588259605774e-01
1.066661307918862933e+00
1.201412869827273244e+00
1.253545540705453876e+00
1.108389062527447289e+00
1.079755267585822631e+00
1.129609328544642910e+00
1.228211310809791623e+00
1.374248533558328322e+00
1.575708764536979389e+00
1.533240262242553831e+00
1.315150993987965533e+00
1.255355531927699886e+00
1.271758828455994417e+00
1.378934742689073234e+00
1.551695204494219382e+00
1.508861027148395983e+00
2.019559484214947354e+00
2.048662585324688479e+00
1.682857807486132229e+00
1.760152089021448596e+00
1.465166461048992508e+00
1.714243780966527853e+00
2.652309438429075961e+00
2.440466777064586701e+00
2.076454591293892538e+00
1.989507977595109001e+00
2.887236870696830326e+00
2.640269769312516779e+00
2.600546741451171151e+00
2.393362010962190922e+00
