1.564548927907354781e+00
1.146169935382054472e+00
1.874387792627863814e+00
2.578109970188875444e+00
3.240317591129201258e+00
1.599116839921035593e+00
2.320725069137403285e+00
1.393568935852955715e+00
1.475828590876070656e+00
1.773579386686192416e+00
2.720219886289519273e+00
2.167494120816328085e+00
3.386936542350594603e+00
1.078177512423264206e+00
1.892025737427461607e+00
1.687171547030550389e+00
2.197563877459577597e+00
3.273330316285262498e+00
5.488496911734863204e+00
1.369424787436091862e+00
2.256953360114910545e+00
1.930568757054632600e+00
2.291875422602082768e+00
3.017532520280768349e+00
3.803813214051359637e+00
4.663742508370336104e+00
5.865595752036107946e+00
3.561788909179885554e+00
1.341066513230605439e+00
2.028458070805169822e+00
3.409710651467753983e+00
2.840840059772991921e+00
3.347923773905095324e+00
1.016909988475822368e+00
8.778863040203657153e-01
2.695868475024935762e+00
3.138485285166409344e+00
9.775164327013479149e-01
8.838730556456922960e-01
5.130634331390349079e-01
2.833662023221827919e+00
