1.529615427877752926e-16
4.546707459683521635e-01
8.696098027588790025e-01
0.000000000000000000e+00
1.005217804933233650e+00
1.038946425370964599e+00
1.146409788714510825e+00
1.430845793405424615e+00
1.664328964506841313e+00
1.514405004710503766e+00
1.434376025311733027e+00
1.507028593283379569e+00
1.666271348339412706e+00
2.133801935670164518e+00
1.909262483212001760e+00
1.734852263142647288e+00
1.629215836611393575e+00
1.700983857261495036e+00
1.903974911937780456e+00
2.328256202964002597e+00
2.362846818015769568e+00
2.089857959518272690e+00
1.830709456592768847e+00
1.779157221452207782e+00
1.933340649238824538e+00
2.193944623826616702e+00
2.122552298722620634e+00
2.958123593246823280e+00
3.012046790852652478e+00
2.483814107712916552e+00
2.516099828141199257e+00
2.110172650546141782e+00
2.433867387538256377e+00
3.858323228471059352e+00
3.563526714138020246e+00
3.032677260804319541e+00
2.888569917764564288e+00
4.163673771748406693e+00
3.862517710166754714e+00
3.800105663332612682e+00
3.475420213043757478e+00
