1.869281295310705859e+00
1.656279876110192228e+00
3.389600039647463703e+00
2.165690203838285477e+00
1.848790140122401393e+00
1.262945763648979591e+00
2.375157804508270853e+00
1.912932623516469421e+00
1.903638285112000172e+00
1.218470433194204006e+00
2.438948417394621426e+00
2.492193704966277235e+00
3.433249189403008828e+00
1.392382907802855785e+00
2.039986947852446164e+00
1.477468428901463238e+00
2.234625724531142499e+00
3.045487822389581378e+00
4.849971150612357285e+00
7.155997864417208421e-01
2.831209301267480161e+00
2.124829619492150545e+00
2.097766207625262336e+00
2.654814355167196993e+00
3.228836382292457508e+00
3.457947502933080397e+00
4.772902253976735842e+00
2.057895202016517988e+00
4.241043916666306757e+00
1.739408016588617434e+00
1.949601365472749537e+00
2.530737019100699925e+00
2.168216550891243877e+00
7.399163847488612333e-01
9.525652214437695386e-01
1.113577599378376082e+00
1.474110319702536476e+00
1.112792211318277102e+00
4.873656845867527232e-01
9.152500415008263390e-01
4.991340517068691418e-01
