-2.737947628962883070e-16
4.352155638805152438e-01
6.944233806893821415e-01
0.000000000000000000e+00
9.033313207620223828e-01
8.775115475983391589e-01
9.572569892957878412e-01
1.083601701489387281e+00
1.306422192794366000e+00
1.160706316741387356e+00
1.132973670167156888e+00
1.213456588699383554e+00
1.393878336123369754e+00
1.747030491176283729e+00
1.474483337294093088e+00
1.365955393163046372e+00
1.340197277974894075e+00
1.441501034999034703e+00
1.646947511028500788e+00
1.926402465664114771e+00
1.824046667669662947e+00
1.621419348497519675e+00
1.537851528156727543e+00
1.523216210572511331e+00
1.667356910378150037e+00
1.859897689074444527e+00
1.806971040546746066e+00
2.468485003505511699e+00
2.399328141319209795e+00
1.984518996603345853e+00
2.072821528253181445e+00
1.777810292426674987e+00
2.026666478273936978e+00
3.237135164542160659e+00
2.919433563171887069e+00
2.418422978496171272e+00
2.333266846477209278e+00
3.545487441113326366e+00
3.256794481945050723e+00
3.167833814967815798e+00
2.806379913858313646e+00
