1.250810702404099528e+00
1.224283272791113708e+00
2.863926387635818749e+00
3.304005489055342970e+00
1.661177237657587957e+00
1.480296260565891808e+00
3.130553549444306416e+00
8.302351033691608428e-01
1.005640013077618189e+00
2.558118971326919233e+00
1.591403309410601929e+00
1.578308291673443220e+00
2.521720930031496444e+00
1.550248554182124261e+00
2.667855182717093321e+00
2.099301056469653926e+00
1.550569673649059954e+00
2.081496822776175204e+00
3.135220035841942199e+00
9.720912114355070299e-01
1.806042522524280658e+00
2.977396187549121720e+00
1.563110849021215776e+00
1.638924680308879056e+00
2.264936104642432113e+00
2.383530148390769376e+00
2.964464646215853705e+00
2.229288851397847271e+00
3.854774049342995834e+00
2.617014596327195353e+00
1.754995516153743162e+00
2.363508124648027398e+00
1.370880802910654506e+00
6.053050807319582116e-01
1.319695351607284461e+00
2.162490228171134010e+00
1.086132082467209603e+00
9.454979933317921859e-01
3.339950599822709143e-01
5.032621377068458024e-01
1.094938162773380963e+00
