2.198998593795235657e+00
3.237628431890387404e+00
1.646760556673317444e+00
6.148831034115433969e-01
1.313519412878787485e+00
6.824507652290385806e-01
2.159200386063090615e+00
6.109107900050513962e+00
1.950859757002714190e+00
1.386993374854379901e+00
1.577918816135611468e+00
3.504085076740395710e+00
5.700201201818941854e+00
1.080778926280825170e+00
1.763258009975933183e+00
1.145455958606428126e+00
2.049143968965897233e+00
4.865977133398426524e+00
9.584272401318639112e+00
1.457961349995145817e+00
1.465400974401126044e+00
1.580354921387690847e+00
1.953259147351380953e+00
3.120198195469118918e+00
4.711501862419034126e+00
6.452576313993532153e+00
1.134012037163596709e+01
2.827685507237778673e+00
1.468399694025088076e+00
1.771352910659672819e+00
3.640621799572290929e+00
2.766131843655008637e+00
5.679430995293717643e+00
1.026012062704241945e+00
8.476428642550354331e-01
3.297437749867181189e+00
3.352262784305723109e+00
1.074136256467270734e+00
7.882192593184025320e-01
4.627693272483262010e-01
3.347292856881993739e+00
