-0.000000000000000000e+00
5.640374289440881483e-01
8.871169263329042876e-01
0.000000000000000000e+00
1.002553143207842723e+00
1.047716432711240486e+00
1.138413273137836912e+00
1.352064755519974515e+00
1.247976444932245021e+00
1.233218533119424754e+00
1.301058609570604485e+00
1.417522023543151377e+00
1.525883428460602209e+00
1.738182683179526400e+00
1.461442356223442207e+00
1.409732009992740842e+00
1.484079858337654656e+00
1.548767779346924112e+00
1.667100933807245777e+00
1.907147014050354361e+00
1.972491873730636947e+00
1.675094940389389331e+00
1.597295986743623164e+00
1.591440906702046520e+00
1.681384738020450520e+00
1.835288075104875016e+00
1.791781584814975181e+00
2.573880762246878451e+00
2.611274250846246758e+00
2.043864900762395020e+00
2.057726963274814302e+00
1.778176018192176189e+00
1.989335320960452291e+00
2.916394195083187313e+00
2.833390326576923801e+00
2.494724824124334717e+00
2.341108932770832318e+00
3.161765994060159457e+00
3.011856346561847531e+00
2.978445163949661190e+00
2.770944590508806815e+00
