4.166519383503786670e-16
7.087003500980273429e-01
1.072401387406864748e+00
0.000000000000000000e+00
1.096504267209924333e+00
1.180592187758997991e+00
1.377963207140614710e+00
1.639528431147386334e+00
1.706458179918406426e+00
1.503942694560231219e+00
1.526627964477178523e+00
1.710823151408777720e+00
1.851972934729679610e+00
2.039122332867543186e+00
1.826491534564465002e+00
1.769709542956524384e+00
1.783257048286772450e+00
1.871634219341107963e+00
2.003645981712116164e+00
2.127250241162133015e+00
2.163295129140735185e+00
1.967351443380821019e+00
1.911051721415717664e+00
1.916425444374838305e+00
2.010700380920954711e+00
2.166379370635547641e+00
2.126005261101847843e+00
2.754124951569953517e+00
2.890708669434754796e+00
2.301892025766441030e+00
2.380657264491276681e+00
2.089758145037848625e+00
2.324732285755265249e+00
3.889399992038210740e+00
3.679510060255109405e+00
2.904960671588840526e+00
2.728703120485922451e+00
4.286943457777718791e+00
4.035830723468666115e+00
3.968140928692164504e+00
3.541868588696551967e+00
