1.920379298596057716e+00
1.675005548922083198e+00
2.058980699402726877e+00
1.892344057001837720e+00
2.457759290742457026e+00
1.760351390165872942e+00
2.736547916946574510e+00
1.161218271604600227e+00
2.672433105181892810e+00
8.004676650262912974e-01
2.254591776931736291e+00
1.988410109159247208e+00
1.882631639150851965e+00
7.765306973783061562e-01
9.475684169318507877e-01
2.583261696099971250e+00
2.937548982973201106e+00
2.166691479394915021e+00
2.337156077231507645e+00
3.345216686647312532e+00
1.665482459337332077e+00
4.072595978379369264e+00
2.818155192288156474e+00
2.058958859278153586e+00
2.194244796639458706e+00
1.545487378119148936e+00
2.061164688002597334e+00
1.171205222932588885e+00
5.131455366128276907e+00
2.300258464575092088e+00
6.717289397022481179e-01
2.573637446128296702e+00
8.709142560199760741e-01
1.000820822488068362e+00
6.199462103093239529e-01
5.907439587340106435e-01
4.783435622642155383e-01
1.149825461578088515e+00
1.175937670032033866e+00
5.921463444359817974e-01
5.262451165834938216e-01
