-0.000000000000000000e+00
5.145655293465074553e-01
9.061018623086763979e-01
0.000000000000000000e+00
1.155147715196566782e+00
1.291539274912064439e+00
1.232623905594568248e+00
1.491323114020697727e+00
2.148115925052529018e+00
1.980050818707554949e+00
1.958588139252058546e+00
1.982191550494555310e+00
2.218542870145149948e+00
2.809182197522917424e+00
2.528261917745760368e+00
2.348726821471270210e+00
2.312932995008384118e+00
2.368932603390825342e+00
2.674995567080489245e+00
3.050199572153386551e+00
3.031301816920048076e+00
2.669730410327241010e+00
2.547968617328031815e+00
2.513884202279314639e+00
2.713929788436122870e+00
2.995922600790214219e+00
2.920289340751062390e+00
3.601727417247805985e+00
3.587813635118456634e+00
3.193341150357161595e+00
3.282526442651959364e+00
2.883555802867051820e+00
3.227800774141601714e+00
4.175580255585196632e+00
3.923439889720856222e+00
3.584651178714234998e+00
3.521944284236018685e+00
4.452549898169031017e+00
4.202309877024647200e+00
4.139551242281068077e+00
3.839234690384828230e+00
