1.092834474232883490e+00
2.175398654820593691e+00
3.571942088776772994e+00
2.005510443028958534e+00
1.170079381956390829e+00
1.643439985137047588e+00
2.240809816547301825e+00
2.923080253302974274e+00
2.295704179427862091e+00
1.802737531241658475e+00
1.765125428029142407e+00
2.459619195752465792e+00
4.169304549528336068e+00
1.570874865101838935e+00
6.286127356846239467e-01
2.398600480270888013e+00
1.956539781140556267e+00
3.287417732368240753e+00
6.140393051814095671e+00
1.433388399270565827e+00
3.800969958370679969e+00
2.103894623893921345e+00
2.217187146183947188e+00
2.336657421150172720e+00
3.256751299056249938e+00
4.307179006772480001e+00
7.138969689099381455e+00
1.232238938831785813e+00
2.251067279238182284e+00
1.559072137900513466e+00
2.340463679749485770e+00
2.045893270585443791e+00
3.524467793898690804e+00
1.084369044522322856e+00
1.566541775079600463e+00
3.003480477844512109e+00
2.140388000940385282e+00
7.374836604051541178e-01
4.034148590796234335e-01
5.443100202135724430e-01
9.182586738563275341e-01
