2.553212563324928297e+00
1.257126305485489981e+00
5.714366274352532526e-01
2.206520970363906375e+00
2.570522673842692285e+00
3.799705815573990897e+00
1.149410312464009376e+00
1.015664267767367956e+00
2.138669618592460964e+00
1.875561153632506528e+00
1.999069867443512116e+00
9.061055732311587008e-01
1.407200142344822824e+00
1.344949427387466701e+00
1.423898453657486352e+00
2.455602668195061788e+00
1.509388835267841289e+00
1.255567863341405799e+00
1.779684553960307447e+00
2.128963240198276097e+00
2.347450317661704311e+00
4.951333020349093950e+00
2.014292893680766028e+00
1.375662090822700856e+00
1.429717232334985599e+00
1.646747864058915045e+00
1.547700969014476069e+00
3.211311380525963433e+00
2.036944849887436071e+00
3.983461807725344528e+00
1.721932744790469094e+00
2.478850298530323570e+00
9.648948220238299234e-01
8.526288981073443241e-01
8.644681687833487560e-01
1.899248756758264545e+00
1.386721611663973119e+00
1.743684543348650307e+00
5.409206227621300433e-01
3.814608419258799232e-01
1.495536940937744808e+00
