2.369140438959487227e+00
1.288817187004257070e+00
2.703036467555663069e+00
2.289944694157906468e+00
9.934948699315008236e-01
4.009367150158767323e+00
1.347890325671132095e+00
2.805927828369370491e+00
1.532199861870315205e+00
1.469656572501252034e+00
2.722384076061135971e+00
2.378154787480428300e+00
3.522805594219846181e+00
7.164933989370454448e-01
1.383056535126756748e+00
2.054113269535823516e+00
2.452210855143984958e+00
3.160487477010950119e+00
5.403599149472049668e+00
1.163668162526654282e+00
4.172749290596158289e+00
1.827763282751644569e+00
2.385619550653833798e+00
2.887505899720399505e+00
3.412768134026616718e+00
3.963040490604377908e+00
5.516372991284956839e+00
1.358393841751538433e+00
2.153588907574637723e+00
1.836206806619199661e+00
2.437434461977207256e+00
2.468921346322013211e+00
2.466244888190290752e+00
8.460954726294375172e-01
1.770790919858559409e+00
2.977392362569477591e+00
1.340228682981701835e+00
8.517912965276167592e-01
3.807762205919452692e-01
-4.854279670333385560e-02
7.814689814126644096e-01
