2.204910408062638863e-16
3.187374000316774980e-01
6.183797988773472865e-01
0.000000000000000000e+00
6.372957725846811750e-01
7.060593917886117676e-01
7.394810020155411223e-01
8.465283229353602890e-01
1.269897019500649593e+00
1.071049259067836656e+00
9.236805248546166025e-01
9.258385806908832061e-01
1.085565603452735894e+00
1.932728474084329573e+00
1.661364064494497139e+00
1.290126818654837804e+00
1.115100693671669640e+00
1.156804691517153705e+00
1.459733471980340980e+00
2.089613607458078448e+00
2.056643286857360753e+00
1.736497305763179178e+00
1.435498075532812834e+00
1.303979260980236088e+00
1.538336281139903061e+00
1.840732820752607468e+00
1.742050237373836463e+00
2.430746918527514566e+00
2.431209841436964503e+00
2.130851573108128338e+00
2.141432926866376096e+00
1.809007041642371361e+00
2.066290334138205065e+00
3.003538241353960192e+00
2.842215839756240925e+00
2.444991445718179168e+00
2.370229977874353633e+00
3.357819497732914993e+00
3.153044020405944448e+00
3.092618802580997972e+00
2.755517085813184774e+00
