-8.827929028970930932e-17
2.527363307142810878e-01
5.571028258700996272e-01
0.000000000000000000e+00
6.218150048862672863e-01
7.033423022547073966e-01
8.625782711140091985e-01
1.169767101183421421e+00
1.290248543328507358e+00
1.184847744119097435e+00
1.301288277731017073e+00
1.304006292787046384e+00
1.442695125351449725e+00
1.975047932222380176e+00
1.722015082813648457e+00
1.560666493102701891e+00
1.511277558379024333e+00
1.522907965121922613e+00
1.760869683504872718e+00
2.207898655685708089e+00
2.274961696636637498e+00
1.903936741549489442e+00
1.717897803979727023e+00
1.638427861246491091e+00
1.829500892348461472e+00
2.137436203690337155e+00
2.036543906125353853e+00
2.888606579437236643e+00
2.958482315411073316e+00
2.486323686301259883e+00
2.534542154555968096e+00
2.077260249162358630e+00
2.424730612203060520e+00
3.758069096374775153e+00
3.533694133672772963e+00
3.033409817695976507e+00
2.931852783318666056e+00
4.052372761570926407e+00
3.817214557864382574e+00
3.766925758288289128e+00
3.466183025355864533e+00
