-0.000000000000000000e+00
3.775472311197675679e-01
7.654138564247849885e-01
0.000000000000000000e+00
8.127516350559518266e-01
9.116541539222121626e-01
8.918336906259843877e-01
1.021384918289355292e+00
1.298916234221196842e+00
1.241728188650930598e+00
1.137053115846557549e+00
1.097507852286942365e+00
1.297756082517362186e+00
1.690156928187515284e+00
1.521464997105881123e+00
1.432519753484092107e+00
1.334931646059861921e+00
1.370734849856860782e+00
1.673879708747094686e+00
1.917807941309109143e+00
2.006035851971807560e+00
1.756412613833979730e+00
1.608519373703694688e+00
1.514923730031955573e+00
1.726717483497286487e+00
1.998411670131955864e+00
1.922457600997826255e+00
2.474325842658215535e+00
2.535058209925376893e+00
2.172299693959520717e+00
2.240914494763754927e+00
1.920577292591074681e+00
2.190121332207833671e+00
3.080278685002748595e+00
2.923680482985870022e+00
2.515909913880197024e+00
2.439413165233783154e+00
3.485643628963364105e+00
3.228644656020471349e+00
3.168334859852462770e+00
2.827197163829830995e+00
