-0.000000000000000000e+00
4.176520996610055270e-01
7.377799741200984363e-01
0.000000000000000000e+00
6.488713927370076684e-01
7.082929725119034847e-01
8.481262302215890614e-01
9.901256481765241535e-01
1.340035674144588462e+00
9.922952024047866360e-01
9.523423283107804727e-01
1.028856326324416814e+00
1.144656343464825587e+00
1.932494492911614126e+00
1.495279837373086673e+00
1.171787576609892856e+00
1.103192575778009887e+00
1.166317668000062868e+00
1.339644283911713307e+00
2.056492543638876125e+00
1.909590856711799622e+00
1.435389446596986751e+00
1.245486285153461603e+00
1.223104255768759030e+00
1.363956412020190356e+00
1.631385473691007615e+00
1.558330227487104924e+00
2.443572829292921078e+00
2.360734743743051034e+00
1.976667694066276626e+00
1.974169537866365287e+00
1.540252861633262471e+00
1.884198219350398773e+00
2.868352757010480758e+00
2.651799171973722835e+00
2.312758511422913887e+00
2.221060411817933122e+00
3.314304962995853199e+00
2.982065522380141775e+00
2.909773394753322417e+00
2.576103414691877092e+00
