4.026738367350196413e+00
8.533273375216842149e-01
1.659418228908122295e+00
1.869227543323943364e+00
1.824668183683287426e+00
1.568032937265251059e+00
2.966937922250781678e+00
3.381096193592303401e+00
6.908581764439436501e-01
3.899639911255770031e+00
8.588483864008074065e-01
1.524781199303391510e+00
4.705886933673906647e+00
2.721185461577950160e-01
1.742774219258314661e+00
1.480152182567323838e+00
8.674651048937200848e-01
2.948368621789775101e+00
6.171283942813278856e+00
3.677952386292187015e+00
2.334776509118746013e+00
1.954112168232631230e+00
1.207051619121467967e+00
1.832777631815212915e+00
2.771737622516073252e+00
4.056912173546543876e+00
7.282732012532167509e+00
1.429859169929670992e+00
3.547447714806588159e+00
1.517129336596681144e+00
2.095469308231078909e+00
1.840222292091421297e+00
4.379182045477565843e+00
1.179070611344940733e+00
9.860665565968399493e-01
1.118221642816274564e+00
3.551958969414807044e+00
1.004649274273084369e+00
5.283243297071757993e-01
1.159706112408432022e+00
5.622578948874309424e-01
