-3.992650024302152344e-16
6.800448904052839305e-01
1.103298731674074329e+00
0.000000000000000000e+00
1.129796242804502748e+00
1.167379567277801344e+00
1.313667978076274778e+00
1.466935936051196210e+00
1.831896070974205815e+00
1.539820666343757249e+00
1.478395675457860881e+00
1.540248790947118973e+00
1.642448672249955166e+00
2.303956098918123807e+00
1.984110288175128911e+00
1.812447274756848969e+00
1.675354296130864507e+00
1.689076382083028127e+00
1.851448817086648102e+00
2.318079213847944686e+00
2.288791701144459623e+00
2.076959366135127549e+00
1.879595729114039493e+00
1.777208595098155763e+00
1.904873960805050448e+00
2.111155442424498041e+00
2.041052507449731657e+00
2.682551682036665497e+00
2.746793229813983661e+00
2.409311269821194035e+00
2.387606384212930255e+00
2.100000620732562329e+00
2.306822777973426941e+00
3.348679954033488837e+00
3.205015697735523972e+00
2.780255196840222709e+00
2.684881577626109461e+00
3.905020782129551282e+00
3.583905998661308878e+00
3.522920368861360618e+00
3.146211805619156365e+00
