2.758629476817323240e-16
4.037377579606196143e-01
8.179692721739261208e-01
0.000000000000000000e+00
6.679870989277073567e-01
7.401001587106638135e-01
9.278854407223451339e-01
1.078424176478473884e+00
1.101086129761356336e+00
1.062228816468651305e+00
1.061629043577573706e+00
1.104351140806846931e+00
1.183760744949942101e+00
1.554615397507042029e+00
1.318544589585510352e+00
1.188472054795944199e+00
1.161476306081984600e+00
1.194957511870860634e+00
1.301276465503307556e+00
1.749382921640565858e+00
1.643427275760995343e+00
1.342441837369171775e+00
1.246709175698113681e+00
1.230560773711935729e+00
1.313820259514751454e+00
1.486032381728811691e+00
1.439833655073517127e+00
2.181317033666434479e+00
2.204012903569747994e+00
1.715579145074311418e+00
1.734785489298979577e+00
1.417960802237294704e+00
1.669162000083376229e+00
2.771135796369108562e+00
2.571661294531853770e+00
2.191983977705907360e+00
2.044667354181787911e+00
3.034661663450372693e+00
2.808053000189996151e+00
2.760284098778487571e+00
2.511541126593525242e+00
