-3.410046115429164563e-16
5.249912639786176172e-01
7.548962909002955302e-01
0.000000000000000000e+00
8.707105927280974766e-01
9.327610679370798019e-01
1.134001024262953461e+00
1.454814375291739736e+00
1.344718435165997095e+00
1.209192409605577057e+00
1.323287325811604243e+00
1.563504377274735901e+00
1.753187715310541295e+00
1.808898181846165132e+00
1.593223462495504616e+00
1.552514113243607774e+00
1.639502937220204570e+00
1.777821639121591746e+00
1.938042679143358704e+00
2.043984146486798270e+00
2.048422702075320956e+00
1.858851333577818510e+00
1.806397849088383856e+00
1.828828832832972040e+00
1.945866272888300941e+00
2.097484989695218349e+00
2.058489293727511438e+00
2.577106062098589057e+00
2.488646091598092802e+00
2.208335598812975586e+00
2.262181064342454029e+00
2.031299654792399156e+00
2.223822493004019130e+00
3.098573053182440695e+00
2.850459143445009946e+00
2.488533756934421248e+00
2.431578518445591364e+00
3.315336575745387648e+00
3.102961733711303793e+00
3.062052588488032523e+00
2.759143515501447652e+00
