3.293005343135212204e+00
1.367853438284238887e+00
2.161804356017086093e+00
1.674657379338825747e+00
1.131828717994721956e+00
3.616910955772794090e+00
1.280224270457435587e+00
6.171898640470472763e+00
5.488499870932150859e-01
2.074510902043771310e+00
8.684141083433484232e-01
1.833375642184916776e+00
8.242024955785925755e+00
9.823054511315379433e-02
2.940203189757910174e+00
1.326390844435995975e+00
1.194036183570923892e+00
4.354073415271921377e+00
1.122179490333227392e+01
1.146931945163356170e+00
2.047634588879229778e+00
1.055062151873106702e+00
1.011708908195324774e+00
2.568071134079211504e+00
4.251295977072331311e+00
7.612735722646917225e+00
1.463757641715217339e+01
2.145074568211255972e+00
2.753191295995501608e+00
7.640662548924397335e-01
3.781420669780148014e+00
1.947358993125089421e+00
9.610041185173310296e+00
3.643473409267592444e-01
1.702439725974091100e+00
2.088212554694235390e+00
6.943805721734257475e+00
7.210408578193183704e-01
3.685103621878598745e-01
5.922983688602706520e-01
2.807846101970356556e-01
