-0.000000000000000000e+00
5.040791894774978577e-01
9.495142533767766402e-01
0.000000000000000000e+00
8.572853335297524469e-01
9.642055357035257401e-01
1.229200504341491751e+00
1.497501814904706574e+00
1.427073534659346832e+00
1.314789573120791033e+00
1.412001867409454547e+00
1.564500624480327451e+00
1.707864560789376318e+00
1.999615505605733645e+00
1.735166979230877038e+00
1.601389347902710814e+00
1.635141914965411614e+00
1.723785158472960877e+00
1.849458235827305508e+00
2.163428041561012094e+00
2.155711569209683542e+00
1.823962545108850364e+00
1.755447650062760934e+00
1.765036797608570351e+00
1.855860081628206038e+00
1.987667098416530109e+00
1.952657793844751355e+00
2.513270208203193246e+00
2.504133478738905350e+00
2.117101828530929097e+00
2.149088164360000608e+00
1.929273007736906020e+00
2.104612197543312746e+00
3.037778752609118005e+00
2.833590317211278187e+00
2.422853601932765333e+00
2.331284820936491808e+00
3.522075989007458219e+00
3.170893775584212815e+00
3.107341357926193925e+00
2.743999457618329529e+00
