-0.000000000000000000e+00
6.450351720232465613e-01
1.055502913061872716e+00
0.000000000000000000e+00
1.011684101747025277e+00
1.099745204822724753e+00
1.308342046345007281e+00
1.487162573282147182e+00
1.486490909303069596e+00
1.388470531735676916e+00
1.482695642946024739e+00
1.576538281372205974e+00
1.671795553189760586e+00
1.981358861634408886e+00
1.716768384102382639e+00
1.633674815549106540e+00
1.645030014638655835e+00
1.692472000907498053e+00
1.789475439224251341e+00
2.278108889348668509e+00
2.118471238676714830e+00
1.820478117961493281e+00
1.739709747847169252e+00
1.728685238596456175e+00
1.801359266507375212e+00
1.946604339878809542e+00
1.904123967844861598e+00
2.849966247417021759e+00
2.924733707164106189e+00
2.189521741868113658e+00
2.201702655623868576e+00
1.893463275205625296e+00
2.120439341741171990e+00
3.458887773724501180e+00
3.333401605434826553e+00
2.922927939052159196e+00
2.669538733390993457e+00
3.752946190816313976e+00
3.556575031317257274e+00
3.517004403598087414e+00
3.288377604413074362e+00
