3.793150138240959368e+00
1.132814339238461754e+00
1.356999636663997810e+00
1.545751072545053395e+00
2.403463930221583666e+00
1.900476509684780435e+00
1.662141694216854537e+00
3.573096370824537349e+00
3.038018276263004247e-01
2.759928538637913764e+00
1.452878016435835251e+00
2.193955400677797485e+00
3.867172425808178549e+00
1.810501443822222778e-01
2.959032009419884091e+00
1.895223648574715813e+00
1.519849566540579122e+00
3.373179243132405691e+00
5.537314267983584948e+00
1.650303370502634426e+00
3.710992728730116763e+00
1.499285870969486290e+00
1.546072196781736796e+00
2.426486568418846357e+00
3.313099399457215988e+00
3.739324632362533318e+00
6.423559164270504773e+00
1.323749382238568639e+00
2.945665556020650833e+00
1.253638866706338506e+00
1.701781859182187606e+00
2.008448813514194242e+00
3.333337255520649300e+00
1.979220541503172059e+00
1.005446787442645373e+00
1.084379855631395939e+00
1.153751762527503333e+00
7.414497889071559600e-01
1.044798665992370035e+00
2.991183567369986029e-01
3.542630973503685388e-01
