1.500600782310407499e+00
8.880887356026047064e-01
3.900276898010716309e+00
2.772160918644865912e+00
2.442988473042615905e+00
1.715826768307198380e+00
2.181091466243482824e+00
8.362822055061622795e-01
9.747950437467358675e-01
2.116409073355755677e+00
2.167792561723222100e+00
1.460223026112298372e+00
2.304768169132358047e+00
1.358642119914880708e-01
4.131858404769783277e+00
1.274942576620029300e+00
1.179585173092932981e+00
1.796654448866277898e+00
2.882224394260693767e+00
6.579899530715037637e-01
3.330431827752189378e+00
1.906839751186441001e+00
1.043548364485763491e+00
1.655108776170267859e+00
2.065279846337500835e+00
2.304298389441917561e+00
2.746816343423271523e+00
2.792204677912723643e+00
1.860816039261074639e+00
2.367767939543939271e+00
1.956971676993398468e+00
1.980465890491932335e+00
1.503526149708988680e+00
2.288927786028523759e+00
7.178984437927321549e-01
1.817471713297262426e+00
1.700912006831167833e+00
1.019379412068024626e+00
7.604581629746859361e-01
5.414120254580864211e-01
8.824694690145755693e-01
