3.600458925902894958e+00
1.422547772988051351e+00
3.510705870154360753e+00
8.232833851422410865e-01
1.032632282675004509e+00
2.522262595002216834e+00
3.937066135693467750e+00
2.653568530918916757e+00
2.204849477941465796e+00
2.014815846579257830e+00
1.596960007423362082e+00
1.536196640200906849e+00
4.324479479897376244e+00
6.134758189765199266e-01
1.180570806029626940e+00
1.506691249390452514e+00
1.367536111191466119e+00
2.549924984477393686e+00
4.895981961260055471e+00
1.980302846886820151e-02
8.121189875558204818e+00
1.880672817769765137e+00
1.457019167242231239e+00
1.925929770312450051e+00
2.111423608051954837e+00
2.785130398105979843e+00
5.328878321402067186e+00
7.091708847318473150e-04
2.204593553051660937e+00
7.634416769554540627e-01
1.365637740098684771e+00
1.417592026711003372e+00
2.553121401906441434e+00
1.403875574219888511e+00
4.567848578529725700e-01
1.852754103773366801e+00
3.447369071613513913e+00
8.310522699503798405e-01
1.831013229776276674e+00
6.512549793114749130e-01
3.211750419682251056e+00
