1.391556339260618058e+00
1.273307276429748391e+00
1.637942270603542250e+00
3.027293329516938858e+00
2.899373527068380696e+00
2.165445574616435831e+00
1.020653651446231214e+00
1.281048574506688409e+00
1.343804433016234645e+00
2.340940582012368765e+00
2.664625046717162160e+00
1.347305990156126176e+00
1.352822117045819450e+00
1.186237292142715116e+00
1.220721338131524725e+00
3.958057866531580871e+00
1.455472734611029884e+00
1.354663066701121465e+00
1.896367746798423681e+00
4.435043818092919699e-01
6.572920981278187469e+00
2.265326681748190740e+00
1.790176852928088813e+00
1.230265923528323979e+00
1.355441369042472699e+00
1.330592810908831414e+00
1.753138563262805372e+00
8.037813336519648022e-01
2.693764449606949274e+00
1.417778047508778672e+00
8.361919626038923914e-01
1.126787237925963359e+00
6.967318935807292890e-01
2.693846638956493678e+00
9.330835650855439090e-01
1.322285826532828112e+00
5.527386358328421068e-01
5.745966961389897820e-01
5.878212611941626697e-01
8.106718512983228375e-02
1.060454147590428775e+00
