-0.000000000000000000e+00
4.204178211915350905e-01
8.132647553402309049e-01
0.000000000000000000e+00
1.066137691760510542e+00
1.200630129294492310e+00
1.297799282179275426e+00
1.532051793441544740e+00
1.881999120234433276e+00
1.708144111597013737e+00
1.690290857105232192e+00
1.870213122410332884e+00
2.162746691710577096e+00
2.551682412437917602e+00
2.305067116415945971e+00
2.074974270403389554e+00
2.048777592954841076e+00
2.269252502027507834e+00
2.635038944515581516e+00
2.863606118218042784e+00
3.015352133873721030e+00
2.709179874673026678e+00
2.435725485437038262e+00
2.409098818085559923e+00
2.684892515959298009e+00
2.959059856773587960e+00
2.880558616484644396e+00
3.408109632691747493e+00
3.340005420040107253e+00
3.146885029776058662e+00
3.167269993230675595e+00
2.909092105446698273e+00
3.126595822706784045e+00
3.697581034273559553e+00
3.529888291608523687e+00
3.334379709496563482e+00
3.294861449457151537e+00
4.208593253254226951e+00
3.856101679903271240e+00
3.768393368255323228e+00
3.492252861101303729e+00
