1.925743317361910734e+00
1.075303286643861655e+00
2.482653235190812158e+00
2.402476351082209582e+00
2.607843707516722898e+00
1.724888186123885836e+00
3.692892250309573132e+00
2.246400856013219371e+00
1.863818731667846729e+00
5.964167773611418477e-01
1.785416495407801785e+00
2.549266996713948075e+00
2.920712962352032260e+00
7.521376231584495642e-01
1.949723904827376453e+00
2.278701563373960237e+00
2.693744783656295105e+00
2.768619407996708581e+00
4.253978092064256700e+00
1.820070320275859022e+00
1.741621803720275086e+00
2.841636568231462157e+00
2.170895612797203444e+00
2.224648288911454053e+00
2.811079042917759452e+00
2.708223514640001994e+00
4.306582930333760828e+00
1.521891913933905105e+00
5.198986543839589913e+00
1.894243632238127528e+00
1.321048772481326905e+00
2.338346782803204071e+00
1.671974254530666393e+00
3.700406086461173749e-01
8.011321768246397745e-01
1.334305352945589274e+00
8.423681036891487173e-01
6.733527614114519499e-01
2.080940691254078434e+00
1.806502487299402604e-01
7.847958370110124093e-01
