-0.000000000000000000e+00
4.240858939200819466e-01
7.683170297806809490e-01
0.000000000000000000e+00
7.943530353266454735e-01
8.433484462675390203e-01
9.501529612437824568e-01
1.112321387772509995e+00
1.215524470790492861e+00
1.097178204102588817e+00
1.103547767416059200e+00
1.193121359400798775e+00
1.329419244055135563e+00
1.653951772081371230e+00
1.442477475060095937e+00
1.283628775411344680e+00
1.289864492473111302e+00
1.360048083153040599e+00
1.511139904347144736e+00
1.770998709932042336e+00
1.812140611090804265e+00
1.526588561925424026e+00
1.434963530862902736e+00
1.420937078294513212e+00
1.535884061461915140e+00
1.697142376665018437e+00
1.646289878668699691e+00
2.160670162990272480e+00
2.150682282453783678e+00
1.902680347767826463e+00
1.904731515747504433e+00
1.656148915128042187e+00
1.839305232543964497e+00
2.522205086328201507e+00
2.401372981805879991e+00
2.160565327263550106e+00
2.086156922786779333e+00
2.760955850457911698e+00
2.610361565239354142e+00
2.572638665323115692e+00
2.365196615394522084e+00
