-1.312097947885870559e-16
2.136964276442492316e-01
3.660891788933255953e-01
0.000000000000000000e+00
4.375915324319413768e-01
4.891196288228953359e-01
5.339517092737863235e-01
7.154028228447564253e-01
1.113505119746893257e+00
8.574796421917488809e-01
7.386281903992284459e-01
8.183477586313873120e-01
9.898471774966481895e-01
1.467447789717397422e+00
1.251123966959341027e+00
1.111851353851771584e+00
1.004548114332374009e+00
1.051681395026952348e+00
1.280944560331784610e+00
1.495871677480333117e+00
1.538363023922472150e+00
1.314227735551205312e+00
1.197393661868753956e+00
1.153513725399096135e+00
1.314244335612466008e+00
1.544357824506474630e+00
1.483704114503715532e+00
1.946350455617083641e+00
2.029787511791416144e+00
1.708360360819189516e+00
1.770120920319203650e+00
1.464040013049084710e+00
1.722299000360167920e+00
2.486777863418360379e+00
2.331988205640738165e+00
2.021765749136363866e+00
1.950067136128633916e+00
2.732222103347976994e+00
2.549655209563153058e+00
2.506867381002909401e+00
2.262429675457974909e+00
