4.151413972040590039e+00
8.659760500831773511e-01
3.603223708489172949e+00
1.179427962665040797e+00
1.380355026662786200e+00
1.214026927390560617e+00
3.950736180323091151e+00
3.767063652557093967e+00
1.219820952317631102e+00
1.060604161456507155e+00
3.187758449287891871e+00
3.820149799203232721e+00
4.015614395521007296e+00
1.041461797794399180e+00
1.003583538812322207e+00
1.658490408074915656e+00
3.165168958831764190e+00
4.484640852727035387e+00
6.460463693912741334e+00
1.697038801800237140e+00
1.569513539988706574e+00
2.340546114699789904e+00
3.402618691957825181e+00
4.001256064532929813e+00
4.885490495960077340e+00
4.214105308197542143e+00
6.100894127691068647e+00
1.852083826163845925e+00
2.311625955401592769e+00
4.267897276070837798e+00
2.384148341588890219e+00
4.034501915739878264e+00
2.408196924493302582e+00
1.006979025529673333e+00
1.052042845417366923e+00
1.958772539475921670e+00
1.132570617985103167e+00
5.475070007099716030e-01
2.235395071888258478e+00
-1.082722119658805493e-01
1.650545879477600453e+00
