3.053122971978696309e+00
1.938909278152832538e+00
1.848031452342037584e+00
1.283748604203228449e+00
1.322029739701894968e+00
1.787969876446599882e+00
2.727408190448783465e+00
4.941072380454426316e+00
2.575981114875752098e+00
1.043098772002104768e+00
1.599133493811695672e+00
3.396152433771259194e+00
6.208466641713202172e+00
6.277192245188624176e-01
7.347445049241604353e-01
1.891753202109655474e+00
2.943870205807745943e+00
5.457192701744503438e+00
9.975848972344333987e+00
2.591604292737835102e+00
1.238974657147886571e+00
2.571416731218776786e+00
2.882678015317135856e+00
4.220889143937535337e+00
6.082977207190023883e+00
7.955980344989774800e+00
1.253867273735344945e+01
9.820809821388755134e-01
1.394508551931994189e+00
1.827456336271575443e+00
4.675328373854068964e+00
3.759827986792790178e+00
8.727687346078990771e+00
5.656028266169128571e-01
2.846267158133513053e+00
2.466443445577730653e+00
4.680679436449422859e+00
3.083340692332824928e-01
1.109734525281232259e-01
-4.463617564373116298e-01
1.106568905298638938e+00
