-0.000000000000000000e+00
2.954776984834339704e-01
5.427661434757911074e-01
0.000000000000000000e+00
4.545905714231756600e-01
5.569779989241573359e-01
6.811714824281212000e-01
8.224149271899552360e-01
9.896798870800016523e-01
8.210229869298248939e-01
8.011530348803544976e-01
8.577697478269166176e-01
9.495652513552322871e-01
1.358635905094615737e+00
1.091967353924885309e+00
9.553376789367086230e-01
9.138057231934246794e-01
9.705918943558202727e-01
1.116343516190821061e+00
1.415967059753342250e+00
1.356097817832606189e+00
1.155704121568929654e+00
1.029230564825417416e+00
1.016905114685739520e+00
1.134577448381451914e+00
1.335566337528806269e+00
1.282175916745968092e+00
1.797761154044711374e+00
1.775244201293611601e+00
1.495666922200005411e+00
1.558043337273324891e+00
1.259042073389606387e+00
1.508720816053544356e+00
2.382326009423356261e+00
2.123047532509697799e+00
1.798537846892557468e+00
1.739500164455992426e+00
2.577529412503453354e+00
2.372721349271921909e+00
2.306562246542276373e+00
2.037916715535035284e+00
