2.003303616818375321e+00
2.576930851913796783e+00
1.678875309308564212e+00
1.210204360237217669e+00
1.323628221466347066e+00
1.414667433440568667e+00
3.416614719779469844e+00
1.922021414888232194e+00
1.704523927121151639e+00
1.420372987633584216e+00
2.500414006416630475e+00
1.998274971901478292e+00
2.456044012940799881e+00
9.380555063037310237e-01
1.079156499348865150e+00
3.036875827986424081e+00
2.300873450280202182e+00
2.297912537641320974e+00
3.107072016880573440e+00
1.077101475303329670e+00
2.803998030050139256e+00
4.594238648396204994e+00
2.242545239470875806e+00
1.838215057080667458e+00
2.027382704395490620e+00
2.056906356908447808e+00
2.634411903908909558e+00
2.459863317723371079e+00
2.245698297485833272e+00
3.771548214323051429e+00
1.619888782456401444e+00
2.315077610087458826e+00
1.177253100961676902e+00
8.316532760269953473e-01
1.253711335124766402e+00
2.315710808974554169e+00
1.365156471683203199e+00
9.073183262660631243e-01
4.765756341721012479e-01
9.391983043237495110e-01
7.847656947194341370e-01
