4.825916392345291352e-16
4.708304181181077741e-01
1.007499106002501144e+00
0.000000000000000000e+00
1.014362357131620263e+00
1.117714042897317794e+00
1.294539105423073266e+00
1.504823409205244822e+00
1.454606321619434262e+00
1.409237933429908107e+00
1.464175292615020441e+00
1.558343264022967078e+00
1.694504593130422787e+00
1.958472906757340981e+00
1.698355607011542423e+00
1.635489518904802875e+00
1.635754347353668647e+00
1.720252065237742878e+00
1.914899573271409805e+00
2.193532119536089731e+00
2.219363485204812747e+00
1.953581404956242107e+00
1.807519015785862715e+00
1.785679141244066237e+00
1.939539426165874492e+00
2.190827706691912180e+00
2.126432381507562752e+00
2.888752116236523726e+00
2.823809607906507591e+00
2.434995041705218632e+00
2.462412481883931914e+00
2.105289242203832512e+00
2.398090737535382377e+00
3.406954885861477766e+00
3.191991168002275892e+00
2.793907396496768225e+00
2.694502114778558166e+00
3.670587128057071880e+00
3.438786700023854781e+00
3.396364033739325716e+00
3.115067671110991476e+00
