1.596809412822056906e+00
1.910398095054406831e+00
3.174528608497174886e+00
2.107191977856385012e+00
1.629199475456067248e+00
1.681062959447307215e+00
1.779264388551814235e+00
1.532988314394128082e+00
1.685945611245092790e+00
1.516919777055780294e+00
2.819811798825384130e+00
2.002106628564390700e+00
2.151919697913091234e+00
1.037041114723901591e+00
1.122718040527655781e+00
4.049323868499747014e+00
2.348048096847071609e+00
2.110940282444042193e+00
2.703528649425173125e+00
1.540794815496040471e+00
1.650834545615704974e+00
4.231018622350189773e+00
2.989575191047743719e+00
1.919172871315249829e+00
2.457592688965948735e+00
2.187595359242283433e+00
2.287879909377353194e+00
1.933848758492729747e+00
2.546096026766980103e+00
4.523338850493208163e+00
1.855940407528857472e+00
3.548945700388571822e+00
1.097659995578539327e+00
1.554400634503017242e+00
1.102578029994893072e+00
2.444066755675665448e+00
9.695866886949071617e-01
4.917021578345517896e-01
8.896195156963548900e-01
3.455900797192150153e-01
9.618011496981695441e-01
