2.866392009441199651e+00
9.469101900120406867e-01
2.963603692336452600e+00
2.131167585582517177e+00
1.946960977198097575e+00
1.512217921887168526e+00
3.386678343340935537e+00
1.403762458255133572e+00
1.293226381394379843e+00
2.571583420108808582e+00
1.439618545942473515e+00
1.757526723868068075e+00
2.942539958345315565e+00
1.251896963712144872e+00
1.737071774090048537e+00
1.722490322951698127e+00
1.438431856917293805e+00
2.402594082523466401e+00
3.690747063190970234e+00
2.130011026827000720e+00
3.084952921608432153e+00
2.493410164037432875e+00
1.661913409936295549e+00
1.944479233101929827e+00
2.409655258865301963e+00
2.531898746869003958e+00
3.472572758246088132e+00
1.962104736402239924e+00
1.508916852995555669e+00
3.226603433582112768e+00
1.975360424217886601e+00
2.161170630574604790e+00
1.683685961111979879e+00
1.722304513110179069e+00
1.516466407234378977e+00
2.109856213835136884e+00
1.355202759176300287e+00
8.998477331070564578e-01
2.590641218213498020e-01
2.099752469063671800e-01
1.365057789164319857e+00
