1.630926558930202885e+00
2.853848723714234481e+00
2.217695725659950767e+00
1.106448546215442974e+00
1.709666975407382328e+00
1.088903398958376734e+00
2.592759649115079945e+00
5.792837550835105098e+00
1.192668438482262561e+00
1.056990317460499096e+00
1.813219287501432131e+00
4.342399872599844279e+00
7.241819473779866456e+00
1.301539927620096293e+00
9.259766715730547437e-01
1.482699185348731907e+00
3.306436375364493863e+00
6.372669510550364791e+00
1.106342724012770873e+01
3.988358449598152777e-01
2.731316740981303948e+00
1.505300646009508636e+00
3.249581099709983878e+00
5.323099944822262231e+00
6.675890289264746258e+00
8.685470129782851600e+00
1.185253855947676094e+01
9.918815658362680754e-01
6.825780970035461026e-01
2.986569481757267219e+00
5.233217094637639732e+00
4.720181164475620861e+00
6.830065531673382040e+00
2.251695835810408219e+00
8.608534135652806674e-01
3.284838009114951163e+00
6.017365563648697346e+00
3.949581152306573251e-01
1.323684847208092652e+00
5.687861851102187227e-01
1.684602236870200054e+00
