3.194554757616645535e+00
1.969475529474217890e+00
1.201035582233999977e+00
1.368405821817952450e+00
1.928644220224993377e+00
1.909012039091571022e+00
1.856137242595918391e+00
3.661707208402135372e+00
2.061435909801034860e+00
1.438519103119199505e+00
1.414683863268386910e+00
2.967575906430896193e+00
3.680629137674551465e+00
6.903927469292434616e-01
1.532811961486052477e+00
1.715405859129498278e+00
2.296710588247733220e+00
3.765968271240752951e+00
6.112688077917325380e+00
4.095975751566363066e+00
1.488923221585934265e+00
1.741966965012544888e+00
1.948707259132763658e+00
2.859214490335468817e+00
3.848996425232852125e+00
4.167620323007259486e+00
6.965163433436538654e+00
1.660434275248666713e+00
3.407118208346344268e+00
1.500532798299757609e+00
1.926459327375121600e+00
2.604884084755296314e+00
3.439658635963578348e+00
1.450857478668818201e+00
7.196228288901136416e-01
1.328693646713231757e+00
1.515474711739970504e+00
8.383832611992743100e-01
1.022687258032325630e+00
5.970388984977442748e-01
1.943452865543376484e+00
