-0.000000000000000000e+00
6.072739125102173396e-01
1.017606366864975520e+00
0.000000000000000000e+00
8.889453574070085295e-01
1.036528138175527802e+00
1.251297082155038876e+00
1.425503095076422033e+00
1.451621753893785893e+00
1.317513489345004229e+00
1.374296413832420960e+00
1.456742214605960317e+00
1.542597703423038924e+00
1.991663086106685077e+00
1.615911959766689332e+00
1.477360682969016903e+00
1.485212770863795884e+00
1.546817232463782776e+00
1.654524862561513432e+00
2.170582952194622717e+00
2.048420760152404263e+00
1.637557369423949361e+00
1.553582352098944019e+00
1.568531216982576693e+00
1.652219665850972241e+00
1.852882073754468895e+00
1.806125201696647586e+00
2.720716463770118221e+00
2.681950971921258642e+00
2.082242775375601873e+00
2.144676288369270711e+00
1.735626870656622911e+00
2.078470053321814337e+00
3.542988630828643792e+00
3.147093647495748048e+00
2.604032578263987041e+00
2.477452085381439240e+00
3.857347038728986988e+00
3.506214019828271855e+00
3.409615795673992089e+00
3.019434820255843643e+00
