2.891538016423291054e-16
4.806750366422659626e-01
7.190489334267122778e-01
0.000000000000000000e+00
7.585811304507896757e-01
8.059548987317665114e-01
1.013775266674753706e+00
1.218712943855251529e+00
1.173031038925757219e+00
9.995270845378544378e-01
1.075537884065984162e+00
1.226112494572244804e+00
1.315216833668262364e+00
1.580622263453956844e+00
1.321748331665690168e+00
1.185153789042615591e+00
1.234892270903396483e+00
1.309127240537805381e+00
1.369771360251911929e+00
1.635327227110500603e+00
1.571104724564923227e+00
1.337163415011969558e+00
1.299817748987839083e+00
1.320174614098080790e+00
1.366036325926219819e+00
1.442936869393145694e+00
1.424292163795133348e+00
2.011967668410929999e+00
1.929733976372216775e+00
1.536009900836861508e+00
1.559849940305960470e+00
1.399403788502874946e+00
1.523321934177113812e+00
2.296312925232987023e+00
2.142434100052241330e+00
1.869719552104455618e+00
1.743862530880126105e+00
2.428835703726312190e+00
2.297483178996107434e+00
2.265577676181252720e+00
2.092025913679114613e+00
