3.916242327887861200e-16
6.238602611502943596e-01
9.525652508261023277e-01
0.000000000000000000e+00
1.022340672084238733e+00
1.176560440728050327e+00
1.410534115824997325e+00
1.733487671007200692e+00
1.779796778924591205e+00
1.617056815233588463e+00
1.671790033923375107e+00
1.821372540679868868e+00
1.968606189661316730e+00
2.140283792194928481e+00
1.929213545859207457e+00
1.869474498075306190e+00
1.891989030130308169e+00
1.984010993109287746e+00
2.121650538758754756e+00
2.206120196126255095e+00
2.220907293274814176e+00
2.054052140883295241e+00
2.001891130016292486e+00
2.023236678465480054e+00
2.125594896847086357e+00
2.275169291713441400e+00
2.238354924950803682e+00
2.634713953226912153e+00
2.628655506367397088e+00
2.386158717858694267e+00
2.435879673757524344e+00
2.206146210651389605e+00
2.400792387634633762e+00
3.162765738615860300e+00
2.931779896781554040e+00
2.637167134788942935e+00
2.581376447923885209e+00
3.504648297377014554e+00
3.232722885384942124e+00
3.170685610983244640e+00
2.860367124061494515e+00
