-0.000000000000000000e+00
3.937791701451208159e-01
7.067744210242281611e-01
0.000000000000000000e+00
6.845017611279019532e-01
7.396252718304424656e-01
8.495045640662787223e-01
1.003701039674772755e+00
1.134346334387702715e+00
1.012988638622209114e+00
9.796066405984852343e-01
1.045042461227810415e+00
1.141553760950710039e+00
1.463089248497490225e+00
1.253734661802889061e+00
1.123507010906602543e+00
1.098607265850586323e+00
1.149422534600018642e+00
1.247194917631045730e+00
1.524998980959457073e+00
1.492624711446097097e+00
1.252478704925038322e+00
1.177158387342769785e+00
1.178968003440459045e+00
1.251019149516228168e+00
1.377052454604825726e+00
1.344949792255930809e+00
1.889293091845414718e+00
1.865800075931546287e+00
1.516574469387422797e+00
1.538113481198023713e+00
1.319836561747284476e+00
1.495391595893639014e+00
2.462709276036409989e+00
2.235326564896139789e+00
1.801531815034328243e+00
1.716765442225689720e+00
2.758813202210844473e+00
2.540440731302155974e+00
2.480015218497696239e+00
2.103767899212304116e+00
