2.397034549200971920e+00
1.209015142313873081e+00
1.452753215272165166e+00
2.601106397671780535e+00
1.684953402890060126e+00
3.595850678068041262e+00
1.264041417682049362e+00
1.864754056918295433e+00
2.142962990094460451e+00
2.149322319832590367e+00
1.963349579539843681e+00
1.062539741381824498e+00
1.427249740849915183e+00
1.285714173443941677e+00
1.001667300193412435e+00
3.221419632443184078e+00
1.332651514545230675e+00
1.238798316448797232e+00
1.869945676464774165e+00
8.765037651481369929e-01
6.302395226229195124e+00
3.422703599542776587e+00
1.475560384900366229e+00
9.595962575875082168e-01
1.091560955848806413e+00
1.242304910605506407e+00
1.773408962072922535e+00
1.583175370470207843e+00
1.230737589451907921e+00
1.353417445254940343e+00
8.495368020983599111e-01
9.308125635634946216e-01
8.600801326905712640e-01
4.234425075522234572e+00
6.052048267828801231e-01
1.156559457445996753e+00
9.442747550739242213e-01
1.937847188519525032e-01
7.539191473272479627e-01
2.691307721115442919e-01
9.572357250084575497e-01
