2.504014756347770376e+00
9.702072150897587122e-01
3.763979258595182564e+00
1.821725523245414369e+00
2.641268823294581569e+00
1.764095033601625229e+00
2.460116088162469072e+00
1.695292089088846987e+00
2.307266785706751033e+00
1.128883452295517342e+00
1.485942006643443225e+00
2.295780270551609270e+00
3.434014330594927333e+00
1.034060699829480123e+00
1.282102705827946831e+00
1.955239015059020646e+00
2.045826683353274777e+00
2.808068464292687416e+00
4.361489460041635624e+00
1.743628136076813107e+00
4.166561140489278614e+00
2.357858921288619847e+00
1.970596988897698632e+00
2.283149393878403099e+00
2.550860078498281336e+00
2.990355256512436277e+00
4.431165954991104883e+00
1.762581857127534679e+00
3.169696495492384969e+00
1.188689726877895536e+00
1.532738438597632591e+00
1.873379579844879794e+00
2.141809037444317276e+00
1.198733079023411863e+00
1.084897729405257305e+00
1.282254922699259003e+00
1.597740504442433318e+00
6.892358517098744475e-01
9.781668458150318823e-01
6.708180068555705811e-01
6.903125742763650541e-01
