-0.000000000000000000e+00
5.023746519848296677e-01
9.107293602420338807e-01
0.000000000000000000e+00
9.217060715855738273e-01
9.837056119669723708e-01
1.079991151523451265e+00
1.286920080493289875e+00
1.773128037067360996e+00
1.642862959395018363e+00
1.419904806529300512e+00
1.402300565306876745e+00
1.629379723344294151e+00
2.447562847573215628e+00
2.213064739788888957e+00
2.009563181563422951e+00
1.749111754576925248e+00
1.750533277769245055e+00
2.135705701719459171e+00
2.688802703378637027e+00
2.752341618943797030e+00
2.405148094368162681e+00
2.152912474159200951e+00
1.964105076465146649e+00
2.241806538386123648e+00
2.599041893772280787e+00
2.480406815043338042e+00
3.348477352695756970e+00
3.387333960594765880e+00
2.939688753902812479e+00
2.968367708693149698e+00
2.556223572017217283e+00
2.874467001713574277e+00
4.005651253536496093e+00
3.855108984794143545e+00
3.392686167669286323e+00
3.281961974388823311e+00
4.317310737268941878e+00
4.125245497102009828e+00
4.086899414339473680e+00
3.775927703189441154e+00
