-0.000000000000000000e+00
3.016305153205983136e-01
6.388928341606625594e-01
0.000000000000000000e+00
8.805118416050150554e-01
9.366654458088908841e-01
1.071710005014308908e+00
1.233369103457286009e+00
1.461682907212728200e+00
1.385707129459364806e+00
1.476302359608908432e+00
1.460399628775126191e+00
1.601353339661443886e+00
1.880684299492179079e+00
1.764100317665334483e+00
1.716273091999458211e+00
1.688349821281436069e+00
1.700278152055755720e+00
1.931008593222091951e+00
2.120749631116981782e+00
2.145727956864131869e+00
1.955343894603939425e+00
1.874388212097207074e+00
1.818749212092301892e+00
1.976240684187573038e+00
2.187632980421633899e+00
2.124043941211510411e+00
2.624342767399963972e+00
2.643305510987937534e+00
2.318601645154088065e+00
2.404029286852221059e+00
2.117297957491024896e+00
2.359643568223933396e+00
3.424585888862017313e+00
3.122692994147058254e+00
2.684976612291807285e+00
2.615124854207600880e+00
3.822701627554445203e+00
3.502044395691956247e+00
3.430777968156186297e+00
3.023610681661333288e+00
