3.066243042428175247e+00
1.923656566020317760e+00
1.786396638797843384e+00
1.553793175175653740e+00
1.557033719984739717e+00
1.828379951263128245e+00
1.062130250298324752e+00
6.159963603614219352e+00
1.306376012607681325e+00
2.380493954475830343e+00
1.446544036116483190e+00
2.461429342517662100e+00
5.284882243165457183e+00
1.174538659770602456e+00
1.496529732651512345e+00
1.464709603299752194e+00
1.688041660621145024e+00
4.187259489877379615e+00
7.899849769465822291e+00
1.504684443881838085e+00
3.374086958778685474e+00
1.693157181228069463e+00
1.995977902659483050e+00
2.873988886956433397e+00
4.028445143519884475e+00
5.300687326300681512e+00
9.378079349771793360e+00
1.422247214127127624e+00
1.613817183074516715e+00
2.110627261352322037e+00
2.770867432873874048e+00
2.647885394100902179e+00
5.844216344389000284e+00
1.144838535412281644e+00
1.088226274064515664e+00
1.662326541654405521e+00
4.783092468252729823e+00
1.182360844921240606e+00
7.767987219981349334e-01
7.047031553177457441e-01
2.330466194040624828e+00
