1.400376319478681797e+00
2.500878328496149994e+00
4.027557566254596821e+00
1.309752982827192547e+00
1.184250423612754455e+00
1.229082694268511800e+00
1.938766814806919481e+00
3.825183772144129524e+00
1.161122479641327976e+00
1.736803873400416531e+00
1.429280041755979891e+00
4.042223339336969090e+00
6.595253605784037632e+00
8.070640485072111403e-01
1.784651159701331702e+00
1.003432058237667679e+00
2.938618686241559086e+00
5.982712245109909510e+00
9.523963841589958790e+00
8.440050019311144958e-01
1.540448007746617165e+00
1.170564104959772811e+00
3.152286904312883831e+00
5.557258746159849494e+00
7.256656053828621111e+00
8.595025076562267330e+00
9.063335465410435887e+00
1.390778342983372440e+00
9.544287997002157686e-01
3.774884494651382205e+00
6.797062674798791448e+00
5.557230087395596208e+00
4.550898546675417045e+00
9.153730020578646487e-01
2.463454026513665074e+00
3.209594566656017722e+00
1.888249916986665999e+00
4.925514652896583190e-01
1.003133541047478497e-02
6.558857361441650102e-02
4.164583483410405074e-01
