1.520312803399371675e-16
3.674357462218477144e-01
5.230941140813737400e-01
-1.981150659276074167e-16
4.677589646997353801e-01
5.614253888389878488e-01
6.120512289976225428e-01
6.806723980912602334e-01
8.181777768735654099e-01
7.518015672908026081e-01
7.181464692386601012e-01
7.373902669583408676e-01
8.421893950425365372e-01
1.071184989098784124e+00
9.639769800629239827e-01
8.999433741852912449e-01
8.251745636296300423e-01
8.760514092298949951e-01
1.052892380499244052e+00
1.185843966688333362e+00
1.212116927018764168e+00
1.056614056398596624e+00
9.626656486157206816e-01
9.422722732812355284e-01
1.075488851523993095e+00
1.283011736308637518e+00
1.226652324035911956e+00
1.864480642525780274e+00
1.831621217684802794e+00
1.437225981571150557e+00
1.517339707227988388e+00
1.200769226831712055e+00
1.464375693937913558e+00
2.480300715776661669e+00
2.205297353742497357e+00
1.845339113606031534e+00
1.762516172277877713e+00
2.705975967600039667e+00
2.458816741115110727e+00
2.397055398535982373e+00
2.133006936309765678e+00
