-0.000000000000000000e+00
3.967046006194881458e-01
6.642131294878711456e-01
0.000000000000000000e+00
6.640688036800399541e-01
7.244783527117149013e-01
8.419500300014624017e-01
9.728292501311336382e-01
1.107163110285801944e+00
1.059153303009257918e+00
1.134297112653904094e+00
1.107605631824051917e+00
1.358570085471075384e+00
1.610763801755443314e+00
1.444917575498696261e+00
1.449118941941921701e+00
1.411718252853527478e+00
1.429797342487006073e+00
1.633994754147232165e+00
1.800444080769276978e+00
1.713871821842458232e+00
1.614862040754672767e+00
1.595401456866921697e+00
1.549934940345671031e+00
1.659535372394838504e+00
1.780779464763032616e+00
1.746903979872479251e+00
2.165999176488322853e+00
2.152469772259550052e+00
1.826771884927582690e+00
1.900859212429058864e+00
1.723986143958858852e+00
1.883054077753609779e+00
2.631062831138240021e+00
2.465432571165303788e+00
2.113813223788806095e+00
2.060951330373930634e+00
3.041649896554616372e+00
2.752247816170058758e+00
2.669841681970674063e+00
2.375186867525407752e+00
