-0.000000000000000000e+00
4.266764818598971498e-01
1.042575440211604754e+00
0.000000000000000000e+00
7.132038330891872224e-01
9.840786766687916742e-01
1.282021331544624276e+00
1.495419003142888448e+00
1.342688967394195965e+00
1.250679642987795770e+00
1.395374364673494183e+00
1.539060059576380368e+00
1.645367344470535897e+00
2.114193858850357710e+00
1.645750274519873546e+00
1.520333041092594817e+00
1.572849998111205183e+00
1.648359019205228870e+00
1.719654290710891598e+00
2.227054259866909192e+00
1.868449352842858957e+00
1.682283166454160650e+00
1.653579641286218926e+00
1.668138055645321138e+00
1.718453955548271406e+00
1.789289884346278114e+00
1.771962851790753302e+00
2.371445457717862304e+00
2.150301771156253761e+00
1.853418915736918748e+00
1.882808027063495260e+00
1.751117907753101610e+00
1.858899082077375420e+00
2.845939205203424027e+00
2.501816878619458784e+00
2.096797151970955841e+00
2.028569897508910813e+00
3.159017590629785044e+00
2.856164413737228180e+00
2.748564398882383575e+00
2.393884810052345991e+00
