3.637949266330658293e+00
1.914820934817947462e+00
1.667478702719895178e+00
9.072069005909849659e-01
1.964798286322192888e+00
1.008001786560886126e+00
2.528763863567909720e+00
3.882670782793288033e+00
2.149617887778363379e+00
1.722171443824219050e+00
1.543480942307164705e+00
2.952564040354326735e+00
4.458073507509658029e+00
1.634985172704627177e+00
6.436902473445310635e-01
2.137851049495521405e+00
2.050006686602024342e+00
3.935141484789629551e+00
6.615427260514902486e+00
1.574730796759597817e+00
2.515183353117662612e+00
2.975376336764159912e+00
2.297273256895637772e+00
2.847969904563768750e+00
3.712033245056744590e+00
4.894037707194113906e+00
7.324632179573947965e+00
3.318106906077057161e+00
1.062990833766682020e+00
1.819685078462583094e+00
3.143110471212980261e+00
2.553510117415643155e+00
4.369333334765112653e+00
1.005792196761347235e+00
1.016864750372614923e+00
2.300297674087312227e+00
3.729906263750900841e+00
1.149345783508807450e+00
5.478732331282991641e-01
4.447820302706940732e-01
2.963203622878261445e+00
