3.138501384110647052e+00
2.765559628714796769e+00
2.095394482036265327e+00
5.008443483839442045e-01
9.655550451298771097e-01
1.060041295465250055e+00
2.157363068858949795e+00
2.839103240465443712e+00
1.402824074386967768e+00
2.461271588136998201e+00
2.601214058044927224e+00
2.569950300745758032e+00
2.404748160719693217e+00
1.073520130417429774e+00
4.399268234762669372e-01
3.134085970577158431e+00
2.669162312822539462e+00
2.792102952210255840e+00
3.106537909456146274e+00
1.036655363794830587e+00
2.399053588780949653e+00
5.725073491149728966e+00
3.567581233306834410e+00
2.375116566633636239e+00
2.610896434800190846e+00
2.125768815312630178e+00
2.606069287342679619e+00
1.332578273757849763e+00
3.034252220794610988e+00
4.405878554247123269e+00
1.352957560507037194e+00
3.297023791746405585e+00
1.252353040666092765e+00
6.373543610733051201e-01
1.848976681979676018e+00
1.184205267378445336e+00
8.166012106568412143e-01
3.937205612656808351e-01
1.012734131176632024e+00
-1.915406902287606627e-01
1.054735419265995677e+00
