-1.623691308005483455e-16
2.668522525302872150e-01
5.206870051866756555e-01
0.000000000000000000e+00
5.492524382106686032e-01
5.881258735682534100e-01
7.501173907423854814e-01
9.482069312154980389e-01
1.167751089215181226e+00
9.275860773370667722e-01
9.003957731364394812e-01
1.002105825380326110e+00
1.103474686148089079e+00
1.489832222037417830e+00
1.219414727294385159e+00
1.110377974695732073e+00
1.078679669601654068e+00
1.129587544383799935e+00
1.251518385496320551e+00
1.535843900915783822e+00
1.450728036073598792e+00
1.260738423317542045e+00
1.188249090478577408e+00
1.177780948808329953e+00
1.271783965497726543e+00
1.414653129775768070e+00
1.372665563047619663e+00
2.154797600405223168e+00
1.974241805465794641e+00
1.573190242926626015e+00
1.599780863591041546e+00
1.369039955404172559e+00
1.547307782451573521e+00
2.756369308184294820e+00
2.481385347834720978e+00
1.929999564984769433e+00
1.816342868799429633e+00
2.958923059754166029e+00
2.742047266075907874e+00
2.710533278057338347e+00
2.381901389264250657e+00
