1.730916408641788732e-16
2.578034713117736687e-01
4.299994524300485566e-01
0.000000000000000000e+00
4.654595044271166993e-01
4.868172721170079820e-01
5.621480480632279342e-01
7.318939338493417601e-01
9.971337980158241354e-01
7.645827529299658032e-01
7.394134860660177555e-01
8.332807215449061777e-01
1.005157047390661251e+00
1.479440862276601987e+00
1.239083647190882376e+00
1.066048687463768463e+00
1.002454222294899111e+00
1.064981150850740965e+00
1.270383764877141664e+00
1.671372464190310492e+00
1.656144803293438272e+00
1.369321586991048889e+00
1.215272139408159369e+00
1.162700798407610536e+00
1.310137430913895118e+00
1.503095437952262525e+00
1.444264983125849611e+00
2.037867850836446504e+00
2.019573081542163528e+00
1.715812881241530752e+00
1.720793029375929706e+00
1.461491162673532518e+00
1.663953513046096511e+00
2.521761827094477493e+00
2.354841539613082624e+00
2.010147842400779261e+00
1.922242146829349574e+00
2.955984398977050898e+00
2.680207497169090125e+00
2.621425724336106988e+00
2.296998670963998457e+00
