1.878763562505693319e+00
1.772236597856413409e+00
2.479559495305895478e+00
2.039685969976360091e+00
1.031224788790766400e+00
2.823985899637698083e+00
2.492413496946165985e+00
2.160223420244233417e+00
2.108954801311869520e+00
2.414849890304145319e+00
1.340077586916773589e+00
2.086337732463464434e+00
3.754139549170448564e+00
8.338725796788707401e-01
1.312625448556829166e+00
1.286052527452294258e+00
1.543356788718712957e+00
3.100671516006203721e+00
5.384234340151617282e+00
2.635141113291191051e+00
2.644616103637031923e+00
1.578140101329490230e+00
1.787424240919628593e+00
2.517728115593297122e+00
3.212085872235283190e+00
3.773966522062790929e+00
5.288909621716732623e+00
3.736729539168818004e+00
1.158732665149771135e+00
1.919300187117916057e+00
2.473637380992397716e+00
2.276416397141592718e+00
2.191855896600773068e+00
2.684893364208539523e+00
5.554794246311954842e-01
2.713222880833537243e+00
1.094681366417555868e+00
9.726891637211657615e-01
7.907085581218873394e-01
4.090501118043425866e-01
8.065673304770787366e-01
