2.777103754474240199e-16
4.170317466446262777e-01
7.234476376763661065e-01
0.000000000000000000e+00
7.989222001915627924e-01
8.389770553746586090e-01
9.190116812603233987e-01
1.177793988405698045e+00
1.401451324969769763e+00
1.252313386279377605e+00
1.208910870572055929e+00
1.284348308046120435e+00
1.459075760330396987e+00
1.891220549202643708e+00
1.627523858718315841e+00
1.540291978349537461e+00
1.479699128596675628e+00
1.513131143827193048e+00
1.700774160183857298e+00
2.055687889647454636e+00
2.006630216862288929e+00
1.787204015355374542e+00
1.672388952552718466e+00
1.607034301622969119e+00
1.729092730655901411e+00
1.911016517812913706e+00
1.861123886397178184e+00
2.460812422997860516e+00
2.504064904227135457e+00
2.058699024688789070e+00
2.118168743215908201e+00
1.848283434023173299e+00
2.069318219164207662e+00
3.263729630564746742e+00
3.035153654783633304e+00
2.490938986837160751e+00
2.375947585635321602e+00
3.621324884101978281e+00
3.336738849736791579e+00
3.278566301471516731e+00
2.935406092359994723e+00
