-0.000000000000000000e+00
3.086457245662200255e-01
5.980849810142010448e-01
0.000000000000000000e+00
6.095657083225943795e-01
6.824824659933917959e-01
8.301505050181832157e-01
1.376391882075108430e+00
1.394971930206315491e+00
1.136953093991176722e+00
1.199411639401086305e+00
1.559858861891453063e+00
1.838611786038824025e+00
2.138435228257423049e+00
1.830343478397553181e+00
1.747389153586956345e+00
1.781362714671599567e+00
1.887518634739863588e+00
2.056083270285604225e+00
2.245508581453635966e+00
2.154030700626717643e+00
2.039656279963192542e+00
1.998346325348391295e+00
1.972527150610529301e+00
2.069319314049542058e+00
2.158035856749870973e+00
2.135289656719988827e+00
2.504391058663887559e+00
2.388118784471948253e+00
2.210370180772302628e+00
2.237790399120614282e+00
2.123913823242407073e+00
2.220268962420598235e+00
2.837225009802248898e+00
2.625276351042381329e+00
2.371047468584155826e+00
2.325415858057378937e+00
3.006193659568084708e+00
2.827300923535675636e+00
2.780573758961173869e+00
2.555224001250065768e+00
