2.242394463109739444e+00
8.437644094121353744e-01
5.626822833426266435e+00
2.042093953744801293e+00
1.517701064937284183e+00
2.454712603217732436e+00
1.977857796238605914e+00
2.971185980137019289e+00
1.243381939135563385e+00
9.450219929954100095e-01
2.340492727530389505e+00
2.950685976500218022e+00
4.836018817261628300e+00
4.532555687748851536e-01
1.550308023616631337e+00
1.952174123297323094e+00
2.814432343532904834e+00
3.887269019686575344e+00
6.557455452421214304e+00
2.052849626586588538e+00
2.063426084770571212e+00
2.227205911071204802e+00
2.693456020364215497e+00
3.474307720691912404e+00
4.391848978100354906e+00
4.823829689067705928e+00
6.920441241463901605e+00
1.142178656965976646e+00
2.698530475916461668e+00
2.613662860000363075e+00
2.722817263609710547e+00
3.516837339910948934e+00
3.812215420440242752e+00
8.355041520951423939e-01
1.628545626001068225e+00
1.773104187617539740e+00
2.764182637649197805e+00
6.406141781010348257e-01
7.698493215511855725e-01
2.923831181290588166e-01
1.153944221814338977e+00
