3.334566537001790731e+00
1.480001212362929142e+00
2.837135046246172632e+00
1.310659206687145639e+00
1.027868367120341020e+00
2.466944431782839953e+00
2.982386319282594123e+00
2.033259969248189414e+00
1.856902824894659743e+00
9.684509196145006937e-01
2.951039875052181127e+00
2.924718324396871960e+00
2.758506612444296735e+00
9.274969490623885537e-01
1.011563041565877175e+00
2.717780926374545380e+00
3.759109780298450332e+00
3.386521117011767057e+00
4.561907701091342915e+00
1.417156844489452672e+00
7.761419755948294474e-01
3.367557370682012774e+00
4.146417677445197292e+00
3.423846861048313261e+00
4.468781429790579907e+00
3.852328712976441860e+00
4.379276814989857769e+00
2.143023756424221382e+00
1.825476551914734236e+00
4.360105000069161463e+00
2.835648552919676213e+00
4.804012561899369871e+00
1.768796119641816711e+00
5.782698278295345107e-01
1.498496401812201562e+00
4.132642930267126147e+00
8.851974238683760765e-01
1.395850227750337735e+00
3.450488776445994055e-01
2.702084277340043861e-01
1.139128055363917147e+00
