1.236245139078548050e+00
2.989950165424023698e+00
9.613521462053458144e-01
1.489740263917839425e+00
1.497700576049469268e+00
2.339707798847840081e+00
1.402786184958626725e+00
1.293368453634532012e+00
1.054445301333933882e+00
1.841085747629075176e+00
2.690707410765305063e+00
1.738645462443512146e+00
1.743373313729785101e+00
6.681758910215980229e-01
1.824060541746770570e+00
4.767907869250133324e+00
2.450632647782009510e+00
2.160072537723972008e+00
3.343722221848869580e+00
1.802883731613787566e+00
1.611465873151145090e+00
4.009089323267929217e+00
2.916800582900425098e+00
2.240491398068388484e+00
3.192690080309237732e+00
3.218523214991603876e+00
3.785526170493173304e+00
1.300215966916986376e+00
2.724759594296311871e+00
2.479163492429654170e+00
2.197545300241948940e+00
3.453897377896323562e+00
2.273020380228406800e+00
1.430263044180135834e+00
1.829989350572527540e+00
2.391645738294658319e+00
1.457435117068316854e+00
3.870165507244433534e-01
3.881137505583505676e-01
3.420512965154871854e-02
5.247246679441102124e-01
