1.495461573238339836e+00
1.757689089801455218e+00
3.704495761769356132e+00
1.665026990879357793e+00
1.926506103326875552e+00
1.211912798722029949e+00
3.685730518407175360e+00
1.780016584942233138e+00
1.173025838621764683e+00
1.684554247002826077e+00
1.644919003686051484e+00
2.457360489538412018e+00
3.279633439997418076e+00
7.674985594937500100e-01
9.573752866376358250e-01
3.257552394655623296e+00
2.202110859896794892e+00
2.816709285410021302e+00
4.101597839399524048e+00
1.227559012955281803e+00
3.392661256579047269e+00
4.685924518887101264e+00
2.123035314246209282e+00
2.103528166905411112e+00
2.463613673611017241e+00
2.667153220861260721e+00
4.142441156878763131e+00
1.111499380294783235e+00
2.525160447704323019e+00
2.132342262377469488e+00
1.532098561719853036e+00
2.107957412227834837e+00
2.145597711196215673e+00
4.780885757020038596e-01
2.834895786896507897e+00
1.639328744189058940e+00
1.372742744817961436e+00
2.260534778893061036e-01
-1.196479263387127852e-02
-4.183550881160620349e-01
8.390850894884699374e-01
