1.994087203819978605e-16
2.932381129805075037e-01
5.279415333411878741e-01
0.000000000000000000e+00
5.941973400938946881e-01
6.180038545682952078e-01
6.893711209128249306e-01
8.191902999464709678e-01
1.089046518701331401e+00
9.596072703404581183e-01
8.734226578545768449e-01
8.905496586862001740e-01
9.931521864241478204e-01
1.396780901484717230e+00
1.238666410322156741e+00
1.154303297393282746e+00
1.026306490636409663e+00
1.039660338625009617e+00
1.215836045913098351e+00
1.507284288314976628e+00
1.539262435784419347e+00
1.323986051863677016e+00
1.173755717136480747e+00
1.116300112413812551e+00
1.245562966309007535e+00
1.497427546356518979e+00
1.430500984778003470e+00
2.133861327948232134e+00
2.238565303499864712e+00
1.703606646954302528e+00
1.806372178281216323e+00
1.396752728718381853e+00
1.737876202708511286e+00
2.834129639588204519e+00
2.600963689437072457e+00
2.226936815526094016e+00
2.130265542640011667e+00
3.200603466502959460e+00
2.902212654013937243e+00
2.805982683777926923e+00
2.518926503341615497e+00
