2.258045562822224461e+00
2.086059380749330394e+00
2.786719569730208512e+00
1.723652978137059311e+00
1.236151173520129820e+00
1.745202713682988183e+00
1.888335288439971338e+00
4.264486191284635908e+00
3.424838069032281052e+00
6.524586090779722625e-01
1.962401432221985598e+00
3.034689758640773949e+00
3.059807308864203268e+00
5.924246002809855360e-01
6.905834957189460610e-01
2.314039497800828737e+00
3.065515772136858885e+00
3.377021075410353124e+00
4.278039007202990796e+00
1.437240133799271735e+00
2.847570457015687673e+00
3.961540027766117689e+00
3.043410675087617978e+00
2.688560575445417822e+00
3.082096445654842753e+00
2.746275323714545191e+00
3.911966736711141479e+00
6.341019501904289202e-01
2.867748290056815197e+00
3.328073474940716370e+00
1.674952929627637310e+00
2.948203872456717001e+00
1.486991373652762016e+00
1.079265827057766858e+00
1.596573993826238880e+00
2.889851303227389590e+00
7.710305777342927325e-01
3.668819705327842629e-01
1.034140724016484603e+00
1.324649706154421291e-01
6.022829155856608274e-01
