-0.000000000000000000e+00
7.109242500934097597e-01
1.040972215585120653e+00
0.000000000000000000e+00
1.481599985855996282e+00
1.492226560102142052e+00
1.612239225123869080e+00
1.633536877954194777e+00
1.995986222583177705e+00
1.890228382318252187e+00
1.834001740777557288e+00
1.827069660995824352e+00
1.873457914775313427e+00
2.195018787917862646e+00
2.045743773140761501e+00
1.966761292787909454e+00
1.923487899396340017e+00
1.940195350155574427e+00
2.095915207772311994e+00
2.274504182997021395e+00
2.316475225110591563e+00
2.080942698004685454e+00
2.003893082221781086e+00
1.993706887925666971e+00
2.113930074889464272e+00
2.387627407610109387e+00
2.316622460786326609e+00
2.935135576865429474e+00
3.102345956192604781e+00
2.575030504332794123e+00
2.760347160167158531e+00
2.242637220199180437e+00
2.693570097320009182e+00
3.731388764312630890e+00
3.566126348660148437e+00
3.220159396886757008e+00
3.157251908051633915e+00
4.126343768080579899e+00
3.822407908313658176e+00
3.769191884098950673e+00
3.515906905937257854e+00
