2.144702334627083484e+00
2.053964463658461082e+00
3.695959405076373105e+00
1.072883685928996522e+00
1.924700318538199895e+00
7.737147798812300525e-01
2.346679400181370667e+00
4.417988432454877490e+00
8.334249472476108478e-01
1.564191253474885857e+00
1.646717554952262130e+00
4.953912115940425132e+00
5.760804680191355942e+00
6.985084368260210397e-01
1.513032453766932628e+00
1.241809324290589878e+00
2.982480011973866585e+00
6.274645761642900332e+00
1.011994054601905901e+01
1.737821967950175184e+00
2.080702191952767510e+00
1.053798065646230908e+00
2.741855307068613801e+00
5.224317765281414339e+00
6.754778663887678114e+00
7.829590019480153096e+00
1.051681326753508472e+01
1.141484746589862098e+00
1.254718518740752353e+00
2.840555164816312761e+00
4.698605669251412209e+00
4.314841053737923815e+00
4.892199586670367140e+00
2.160095106758296968e+00
1.342695528520320591e+00
2.603527484654256874e+00
1.807033225927642706e+00
5.860965189513364093e-01
5.421119903821720598e-01
3.611238184396346473e-01
8.798415500141882895e-01
