0.000000000000000000e+00
6.427288650360141187e-01
1.205844510977928330e+00
0.000000000000000000e+00
1.201053362510556832e+00
1.215858261488425907e+00
1.581794868993918524e+00
2.074147078477258432e+00
1.891596076971594265e+00
1.738702215368010728e+00
1.895162899174319460e+00
2.237003423606790165e+00
2.503654631909972395e+00
2.484835433696586104e+00
2.358280141946754949e+00
2.309572429247281899e+00
2.398475944195888054e+00
2.549701157735823731e+00
2.771916438239440339e+00
2.943632828386096190e+00
3.025750722064034282e+00
2.758385802536780229e+00
2.646754304613488706e+00
2.638060939634862212e+00
2.792829966301834332e+00
2.972269239117585560e+00
2.922595819096761360e+00
3.446980655074030953e+00
3.357121695215816271e+00
3.115905090529587973e+00
3.145622884932544938e+00
2.914096670016741886e+00
3.101198671537841012e+00
3.742389845486816746e+00
3.564057101797623694e+00
3.345185256296619336e+00
3.284637913627686423e+00
3.947652966649183526e+00
3.762601630168243450e+00
3.722965648638104419e+00
3.517164396403137161e+00
