-2.694169124843958988e-16
4.126065754136535313e-01
7.531366843155979929e-01
0.000000000000000000e+00
8.476819386862886052e-01
8.619684268812913830e-01
1.002904217245546015e+00
1.200448923169739723e+00
1.185792541523567500e+00
1.124965633217293037e+00
1.161623838303402989e+00
1.298047765710305335e+00
1.474685802475101060e+00
1.513821944103591832e+00
1.365139311917049403e+00
1.324438587852345250e+00
1.373922706562927365e+00
1.497620123260607006e+00
1.696306981433082894e+00
1.929692080480820859e+00
1.968089921353301630e+00
1.605511735894493475e+00
1.524134005457185692e+00
1.551863652808663785e+00
1.701467159159672171e+00
1.945683022596649048e+00
1.887386893832521562e+00
2.474583602096298574e+00
2.455028931288547156e+00
2.162745164062582770e+00
2.219355715113259908e+00
1.829392936374903744e+00
2.159624085352571221e+00
2.756930300041307902e+00
2.624095836612958088e+00
2.457279286600637214e+00
2.400653735538680777e+00
2.898282394716073185e+00
2.764314075253675451e+00
2.731519941357146042e+00
2.590843009535641173e+00
