-6.397717076311491400e-16
2.912070991516214069e-01
3.517151941390442849e-01
0.000000000000000000e+00
4.026268826230256503e-01
4.289077641877578340e-01
5.192137328872138413e-01
6.915631281953342757e-01
7.248285005860730656e-01
5.158131548453395165e-01
5.606544184440095391e-01
6.851768453584351493e-01
8.130425108389067734e-01
1.251480312542965434e+00
7.908658522623158715e-01
6.348564960120316458e-01
6.891202760658742266e-01
8.031661087995140003e-01
9.305990936000858582e-01
1.398535723197093850e+00
1.187729762072038620e+00
8.408110105347960106e-01
7.799732199777901220e-01
8.215801740744763659e-01
9.267183720940842528e-01
1.112643774606903335e+00
1.067293548252188140e+00
2.026332534228076465e+00
1.785625923259659631e+00
1.325059915132938304e+00
1.358401375816448597e+00
1.019703558300817603e+00
1.293832902054601552e+00
2.430138929088238697e+00
2.163902900148200636e+00
1.703026420298177301e+00
1.595483095538374085e+00
2.790497736482829172e+00
2.523269532721666319e+00
2.450289146486771319e+00
2.025813747224190831e+00
