1.113866358245229060e+00
2.587221890280014147e+00
4.291738060996795667e+00
1.525729376327419784e+00
1.141892598840701378e+00
6.695156849729466675e-01
1.924654726647131886e+00
4.736369211769901000e+00
1.680825411454740514e+00
1.528674221720897730e+00
1.754337589690068144e+00
3.123294047079918201e+00
4.954798691302191749e+00
6.772696203709315244e-01
1.869014110556846520e+00
1.874315623969636579e+00
2.338418025223722552e+00
4.246027905197056640e+00
6.445876536666413692e+00
1.030699112375432991e+00
1.448503085337387031e+00
3.401740676439306998e+00
2.488630317921314727e+00
2.900345417644202062e+00
3.931647395110258181e+00
4.092941593152267465e+00
6.887422715604644807e+00
1.897711159774823964e+00
4.542991574501927587e+00
1.724107403988841103e+00
1.876004264781755859e+00
3.006668126012347564e+00
3.686590279970149098e+00
1.022822663186081948e+00
5.880375965145449024e-01
8.728069303910849230e-01
1.919954270283767306e+00
8.309923406845755034e-01
1.703808990219326303e+00
6.771624102841653503e-01
3.529879056513126057e-01
