-2.274304962973697062e-16
3.473450285483277167e-01
5.617494072302506858e-01
0.000000000000000000e+00
5.657293187956058400e-01
6.504945944011514269e-01
7.385583234693471333e-01
8.936435991606187512e-01
1.055382907051146457e+00
9.013500873776101319e-01
9.147154839730635700e-01
9.751327776547792370e-01
1.086375002428887626e+00
1.532500093046722300e+00
1.219462889934279648e+00
1.076641576659228550e+00
1.062563942384048721e+00
1.123154435174309684e+00
1.273309237024765173e+00
1.673190909266360826e+00
1.600369979197289849e+00
1.320164116159165735e+00
1.200110341533253022e+00
1.180229907242159371e+00
1.293174094173062949e+00
1.491440556084468794e+00
1.436592041755816007e+00
2.207594788405938591e+00
2.268287254157249855e+00
1.692643366044784603e+00
1.764647542179792916e+00
1.410109179505258492e+00
1.700375206293605945e+00
2.949709139211913023e+00
2.776869048153857822e+00
2.279245483405128780e+00
2.168667564739629405e+00
3.314820100516024048e+00
3.064674613239239509e+00
3.002349801935453311e+00
2.681242836296856780e+00
