3.849217117007189159e+00
1.562990782483683949e+00
2.513545288839106551e+00
1.238275847327852119e+00
9.790838202841830595e-01
1.847933281913113346e+00
2.982944557852541312e+00
4.330794222722778919e+00
1.875346815384290933e+00
1.333935629656527233e+00
1.741723366567535347e+00
3.801875979343460443e+00
6.391580786576744444e+00
1.178101956173807530e+00
9.475366278621593086e-01
1.355967976879670633e+00
2.740311445318311723e+00
5.698742305045458423e+00
1.020146151674844148e+01
1.656706424848211068e+00
1.215575436843860491e+00
1.887932046180657686e+00
2.695733118229552971e+00
4.443095432209005047e+00
6.130645793500084650e+00
7.732758203774003469e+00
1.139726195926001395e+01
1.173595198712570564e+00
1.954246799208673391e+00
2.678165273914394184e+00
4.414995426372131604e+00
3.928645953435108584e+00
5.523022613475202292e+00
2.144327408442038507e+00
9.302558679475239067e-01
3.912388170574252477e+00
2.194502909042741479e+00
5.492665584907194809e-01
1.104548307168695676e+00
8.296831173221663747e-02
8.453065194704948437e-01
