-8.366291538161936175e-16
5.480692090644497805e-01
7.469366734147531162e-01
0.000000000000000000e+00
8.430634369576172071e-01
9.151971429093385124e-01
8.694637569474256145e-01
9.700237988327460315e-01
1.320013526699475914e+00
1.187693021777276314e+00
1.029003791421825076e+00
1.036167944466556579e+00
1.137813119047618615e+00
1.954582307205836589e+00
1.477344797217266414e+00
1.218481869426136122e+00
1.125405338371755271e+00
1.165599412029158621e+00
1.312990949247056616e+00
2.008218021511683826e+00
1.747757858085527749e+00
1.419877672141961256e+00
1.252631926219999414e+00
1.221684918562064182e+00
1.333861875877259573e+00
1.521678427980818649e+00
1.468384739669462258e+00
2.474712827821027084e+00
2.316453778898797555e+00
1.758914769148990365e+00
1.759909168408120061e+00
1.462506630036962685e+00
1.691545215002477676e+00
2.914033993088732011e+00
2.707096190729955776e+00
2.164623296759638826e+00
2.020738623029719516e+00
3.217617464917640113e+00
2.968096637076597766e+00
2.925730613838032124e+00
2.603914909929803123e+00
