-0.000000000000000000e+00
3.748318299511448903e-01
6.984217706327252584e-01
0.000000000000000000e+00
6.718902526874098724e-01
7.519552674073817222e-01
9.304517160381604590e-01
1.291674716411400192e+00
1.405235924261937663e+00
1.219189413443104497e+00
1.202522359285038478e+00
1.421311242760403992e+00
1.747967090410355251e+00
1.893485588901755667e+00
1.713698784662090802e+00
1.606689729707388326e+00
1.585641941199726235e+00
1.773732836709214666e+00
2.053516845626032428e+00
2.189138156812885594e+00
2.288401753955228823e+00
1.968665545557495733e+00
1.838736241841080865e+00
1.861798611640841816e+00
2.059861562551648984e+00
2.336583526472069572e+00
2.269933737733288659e+00
3.012969808925164195e+00
3.010638167777968111e+00
2.542472723405844626e+00
2.625699889349108140e+00
2.209050636882994745e+00
2.561594631840509173e+00
3.627119154958586833e+00
3.357128433224169761e+00
2.970277817771750595e+00
2.885764115866947144e+00
3.992160545806640037e+00
3.628605865240801531e+00
3.566333770736338948e+00
3.280943493962598545e+00
