3.073433807266755302e+00
2.395963556852270582e+00
1.204284865257804205e+00
7.312393420055327553e-01
1.962543946998749123e+00
1.131113367593200358e+00
1.928048671386838997e+00
3.582238712043353868e+00
2.425105762476952531e+00
1.693942799682957467e+00
2.281479773517225862e+00
3.553701783017114924e+00
3.902288210275477898e+00
7.103517536372757624e-01
6.689270739865607052e-01
1.805595121484591781e+00
2.873050272309439546e+00
4.536365623934751845e+00
8.077644254988506134e+00
3.805760807266102219e+00
1.122406318878457876e+00
1.864596379565220508e+00
2.754521312558686486e+00
3.804006023014297355e+00
5.317938071490467600e+00
6.381027327481524125e+00
9.820484618238456420e+00
1.843429108452872445e+00
1.399470920804875673e+00
2.056189790876696399e+00
3.666430400460818806e+00
3.551770812137183597e+00
6.159822821727427566e+00
1.986635552367395308e+00
7.557975097730623704e-01
2.022790317097285406e+00
4.099935203166081621e+00
7.199180811526979529e-01
1.020914850964470322e+00
4.604869204576705344e-01
3.059384991880567561e+00
