3.763401896567084741e-16
5.295054286994674841e-01
9.230437648797360506e-01
0.000000000000000000e+00
9.199538862202754075e-01
1.008254771531249094e+00
1.142531680620124890e+00
1.288888726210565938e+00
1.283153343889699149e+00
1.243899462115845234e+00
1.276472382255458671e+00
1.348210338682662712e+00
1.478115545940846376e+00
1.859160729029758485e+00
1.602936215529310982e+00
1.426768370527647489e+00
1.426471447782992508e+00
1.515940743919198974e+00
1.745741531039650685e+00
2.035118297189183689e+00
2.188301086205712842e+00
1.829828779918845294e+00
1.620564695927462218e+00
1.594171183248416890e+00
1.787313582449600702e+00
2.067766224459035573e+00
1.991084124254558274e+00
2.552766690562278118e+00
2.524913758442718592e+00
2.324496417451236585e+00
2.330417358272803163e+00
2.007787862092726971e+00
2.273944403112900581e+00
2.839762003411660185e+00
2.697363566411255409e+00
2.513205966404888692e+00
2.469445242326382406e+00
3.311132520116680578e+00
2.960482556541418120e+00
2.894941123270371452e+00
2.660022565010151663e+00
