1.607784785895143287e+00
1.633861083429892336e+00
2.700426398229145875e+00
2.160207009013045187e+00
2.353096603945674659e+00
1.576849990261002477e+00
1.048965612446159490e+00
1.698019003525498061e+00
1.622974329539213834e+00
3.004023920166430273e+00
2.070375164312936889e+00
1.700119402018678061e+00
2.864417423378033067e+00
8.404644812885870842e-01
1.618549089595055168e+00
2.310955895380567782e+00
1.872488094852496010e+00
2.408059716634639358e+00
3.765609087304413904e+00
1.547503370214037499e+00
2.329817248070705560e+00
3.335858634314601279e+00
3.011103771580919464e+00
2.486963259568979012e+00
3.203683473109574020e+00
3.487581906831064948e+00
3.388471690995384922e+00
8.097348714858135788e-01
1.919533677846698927e+00
4.910844646449743500e+00
3.158298297034314750e+00
4.113906743031943591e+00
1.949453537574622919e+00
1.488638659359894367e+00
1.686797630430936890e+00
2.780252994578519932e+00
1.538182506743336564e+00
5.787652750588815342e-01
2.513213702109705627e-01
4.420345097101496812e-01
8.452642749548660017e-01
