-2.747757621135297690e-16
4.216689839288738639e-01
6.805419880333265503e-01
0.000000000000000000e+00
7.664178722681022071e-01
8.476938776548427201e-01
9.936267917639902691e-01
1.161998612962637178e+00
1.326465256837120021e+00
1.193439480938428554e+00
1.234521463261393226e+00
1.304677512353691338e+00
1.484642861961105398e+00
1.966088127358973425e+00
1.740759268447781727e+00
1.530567435924135911e+00
1.477398820805054136e+00
1.552098703719455131e+00
1.815673113543699202e+00
2.144548006707678756e+00
2.186986065960305314e+00
1.948121846501800647e+00
1.739760500223145545e+00
1.666497583426436169e+00
1.865049603401778278e+00
2.148287918958063258e+00
2.064068751730477658e+00
2.571498283451757239e+00
2.667654596625402608e+00
2.380413573013631545e+00
2.449904794076386949e+00
2.076368680002004474e+00
2.381495222288745328e+00
3.160202064672935851e+00
3.019600067377527175e+00
2.739300567850174506e+00
2.687220176973848407e+00
3.464225175305650772e+00
3.244691728859524726e+00
3.201271728077283552e+00
2.982419804324762502e+00
