3.946131564208420191e-16
5.919447568706706075e-01
9.268721467860627783e-01
0.000000000000000000e+00
9.821267173272459905e-01
1.022658901071524795e+00
1.196604543881693905e+00
1.406555319746536803e+00
1.435277745408987782e+00
1.324963043601609769e+00
1.383321529690856977e+00
1.517345308800604586e+00
1.638808710996730866e+00
1.842104925920820646e+00
1.628213619995646955e+00
1.563791014861880990e+00
1.595376667054949404e+00
1.663141983687008496e+00
1.763727554184957302e+00
1.981477471787926437e+00
1.892109977299569312e+00
1.719399581142304179e+00
1.689482606650964502e+00
1.699329238256988672e+00
1.767173109157599509e+00
1.877288383142904138e+00
1.849379520856006431e+00
2.432231783736636288e+00
2.369286145645725483e+00
1.956999368434203745e+00
2.032110838388053509e+00
1.815475871858301060e+00
1.998602064847090132e+00
2.905363091353554417e+00
2.635886004041347430e+00
2.387387952992594098e+00
2.335573196916487237e+00
3.030311102926149580e+00
2.831274286942712326e+00
2.763838414994074011e+00
2.583965075005473899e+00
