3.134986021457266681e+00
2.166546329153205885e+00
9.058245815714570659e-01
1.298576097247451155e+00
1.365451677355651761e+00
1.679015164135522653e+00
3.055202656339937928e+00
2.595534316663589358e+00
8.084556549227317479e-01
1.527055443798228440e+00
3.691010111493925994e+00
3.150944925664727947e+00
4.330717932895196576e+00
2.051776841178984956e+00
1.227507515356344836e+00
1.645787296128947697e+00
2.922005170725298751e+00
4.383526463170003495e+00
7.416488988944710314e+00
9.891340521509669470e-01
1.960516920091250448e+00
1.899791270128126763e+00
2.845946027687979996e+00
3.622243570790392830e+00
4.673975821115392115e+00
5.051477022617630652e+00
8.504857054539581185e+00
7.640187509049973791e-01
4.072468564111329847e+00
2.727980542933524433e+00
2.426223935745146498e+00
3.280213353744852345e+00
4.184226609574218436e+00
2.050084228913497508e+00
2.992029598690341130e-01
1.352851376061413147e+00
2.659497340942931665e+00
9.269224098833722669e-01
1.343474438477808119e+00
2.567247387066893261e-01
1.169019115756695815e+00
