2.889182646648897457e+00
2.082229414034184600e+00
7.075396449949394873e-01
1.624745976330729258e+00
1.403652574196957215e+00
2.679062935915796029e+00
1.240351160846033141e+00
2.490502125172332715e+00
7.977959958020431896e-01
2.766178950726365215e+00
2.436298548326675029e+00
1.671090727888766558e+00
3.063124085798313079e+00
7.638471795978906131e-01
2.506426996401124541e+00
2.306576296120539382e+00
1.768105948011130524e+00
2.727296493579753012e+00
5.244656981539214335e+00
1.097736799233155480e+00
2.391446477596495424e+00
2.098505994494970217e+00
1.886420361662430434e+00
2.250686374906730070e+00
3.309438485571553734e+00
4.201236835509504886e+00
6.250322465268663308e+00
2.214906552223766756e+00
2.597098040809167507e+00
1.826488449543663739e+00
2.694104488152664345e+00
2.403582232448299383e+00
3.801972163145488803e+00
6.487225285559150567e-01
1.671734987310617759e+00
2.358169362735334396e+00
2.964375943430385796e+00
3.256614529946377790e-01
1.080652092860917568e+00
6.166834602124037223e-01
8.442778944391214901e-01
