1.860310932738304945e+00
2.595870338703975211e+00
2.058810497773601256e+00
1.650065120322153467e+00
1.565590811476572641e+00
1.026781925515920735e+00
1.940641695021078750e+00
4.062468949643689875e+00
2.095673999399195520e+00
2.035095059407685536e+00
9.440271791068675089e-01
3.135417739292333472e+00
5.906684979696733784e+00
1.405400128400607462e+00
9.969639607539180215e-01
1.136459030882156274e+00
1.928730646752762512e+00
5.057548884173179715e+00
8.071750947872306625e+00
2.296406326158195288e+00
1.039165837140797244e+00
2.509086938394359478e+00
2.441714141722489018e+00
4.041558322499929190e+00
5.228216949607364938e+00
6.614616748126002754e+00
8.166533062484768735e+00
3.926246627399159195e+00
1.006061864213661838e+00
2.137726638990367523e+00
4.569055400102126185e+00
3.695589686376482774e+00
4.909830050636089460e+00
1.282823884420176253e+00
1.886430086333970024e+00
1.739940202621544252e+00
2.172188142468155725e+00
4.391214927821458502e-01
4.637212798877263231e-01
3.829319647721898118e-02
7.212627353084494208e-01
