5.386464574518187751e-16
2.542715488480222774e-01
4.075686455645557982e-01
-1.779626667769423212e-16
3.298929006167132250e-01
3.931994083521790917e-01
5.028063663409511053e-01
6.212999390006486156e-01
6.006551602582606009e-01
5.566194559060950731e-01
6.125510123896512615e-01
6.790102846469541209e-01
7.955944522659531559e-01
1.123793690003148216e+00
9.701992656967705075e-01
7.701629965619233298e-01
7.557749801831487035e-01
8.296138213102993708e-01
9.982313685732859820e-01
1.228219141045997054e+00
1.240565395490791145e+00
1.054476839008596567e+00
9.200280144021542039e-01
8.959433144605234434e-01
1.028966366121627063e+00
1.188723691810661620e+00
1.137555232225316182e+00
1.583798689160182294e+00
1.598448258895034835e+00
1.328789696015968413e+00
1.360687821793115537e+00
1.153251353350944530e+00
1.315065233432375580e+00
2.234371936047916840e+00
2.028604821793427604e+00
1.601814221184047593e+00
1.532479316452618479e+00
2.610953787530526427e+00
2.350066491125098800e+00
2.289115067533840975e+00
1.944983486370490455e+00
