2.921870304405089769e+00
1.082350981475467266e+00
3.609884087733458369e+00
1.418355576096827608e+00
2.670374923099254172e+00
1.116403940175499709e+00
2.893836413747983727e+00
1.558020061412004331e+00
5.286719992636440546e-01
1.120082892088140269e+00
2.654867635164470219e+00
2.685025978185913154e+00
3.142941141520025905e+00
6.215393680746774674e-01
3.373122687123164543e+00
1.257030078825829289e+00
2.667089171787092372e+00
3.270726701307602458e+00
4.850532973714313911e+00
5.339113561008039799e-01
1.588360887994261450e+00
1.830112558481353346e+00
2.294057783699499975e+00
3.005070615091631314e+00
3.848324484893065112e+00
3.955988249486499519e+00
4.950172406832633598e+00
3.848691235310803371e+00
2.469477548327975835e+00
1.809936961636897657e+00
2.475654387067545592e+00
3.135628855975982621e+00
2.495080964104936072e+00
7.792258047721075664e-01
1.257316423087335489e+00
1.786053941350150831e+00
1.452996915113978549e+00
4.137538672112230920e-01
1.770560556823762122e+00
-1.353161285479815568e-01
1.367679159703673042e+00
