1.741915654372331534e+00
1.233096718723592167e+00
7.119920043177525582e-01
3.748890746840201516e+00
4.354341998292737270e-01
4.791641285035028730e+00
2.401069465427343896e+00
1.497134033227558003e+00
9.709190119312514078e-01
2.257925465300950840e+00
2.007109507432069062e+00
2.316142692723990759e+00
3.003337567975808753e+00
9.400503537784477004e-01
1.718305255803706411e+00
1.959590311316973921e+00
2.621782532252516340e+00
3.053907945303673266e+00
4.517018576422182186e+00
1.280008922033537111e+00
1.999086860978123603e+00
3.004632689328633699e+00
2.930522395517366707e+00
3.210326387314812902e+00
3.719482020664743871e+00
3.909703105137996015e+00
4.124343873580494702e+00
1.286394954926955769e+00
2.154202257202912474e+00
5.061901154646727186e+00
3.361985352664380144e+00
4.268103329933072843e+00
2.233184174376245057e+00
8.365083479287880319e-01
1.561777665459245679e+00
2.223170613325167189e+00
2.054446141485694266e+00
5.059546753828394472e-01
8.103222104460617858e-01
3.942895919222368928e-01
1.593812330671143807e+00
