-0.000000000000000000e+00
4.908261503627124878e-01
7.335636792407974616e-01
0.000000000000000000e+00
8.503345339084191767e-01
8.600253659912707738e-01
1.075317521034104384e+00
1.544621352233084943e+00
1.434073622375844570e+00
1.147109477731467209e+00
1.274602718178853955e+00
1.678646880483027237e+00
1.856072524169807503e+00
2.101124891726240396e+00
1.718824067379007836e+00
1.661161621909724273e+00
1.767781395619031581e+00
1.879329473887329849e+00
1.985838613317461032e+00
2.224164243722098533e+00
2.067156368541117839e+00
1.910465645392211531e+00
1.899398469850309912e+00
1.918539322037400296e+00
1.987672920024605938e+00
2.068808258167464498e+00
2.049435796493858319e+00
2.621005123726983577e+00
2.399921528039692831e+00
2.129997860610579163e+00
2.162247037130021532e+00
2.025829851216668143e+00
2.139549017336393355e+00
2.886644778742015749e+00
2.666612262079749218e+00
2.354903291628401618e+00
2.285555781755054472e+00
3.088464484836057622e+00
2.873128329977744588e+00
2.828135963075890214e+00
2.602716983560092068e+00
