-0.000000000000000000e+00
4.832972798642484191e-01
7.672496979531289174e-01
0.000000000000000000e+00
1.201918229123187798e+00
1.147066803395705215e+00
1.066876446708070469e+00
1.271563305345221551e+00
1.857507966945101119e+00
1.767786939817649117e+00
1.510842513942117549e+00
1.482056249548753923e+00
1.752729361143737341e+00
2.191338834206502550e+00
2.095465973181847019e+00
2.067740333476104642e+00
1.895457971739114900e+00
1.883827399413060544e+00
2.221571649346286481e+00
2.365576005336218923e+00
2.451994302055049868e+00
2.307281377837826941e+00
2.217121739466946018e+00
2.079036235225227180e+00
2.287272769440692688e+00
2.530347250301682394e+00
2.457515765988711021e+00
2.884772517004932091e+00
2.975819176349951078e+00
2.661852678281838358e+00
2.746377976084341643e+00
2.463619346019815470e+00
2.702738875075402891e+00
3.540425424049154390e+00
3.352070876756810147e+00
3.007272974243349051e+00
2.942275711674557037e+00
3.861911915165225473e+00
3.626662232334793234e+00
3.574610689775887806e+00
3.276782884054384226e+00
