-1.047157873733695555e-16
3.882178459317760510e-01
6.141229763507393136e-01
-2.415109990518273247e-16
5.581219868289800656e-01
6.570717551544504875e-01
8.537758573802598505e-01
1.233460526871857033e+00
1.092208151987507980e+00
9.297900481635738013e-01
1.060569125898486842e+00
1.360570503166636191e+00
1.664329255300539545e+00
1.863997514147538892e+00
1.569939529282832424e+00
1.375621599964746311e+00
1.439896808485234825e+00
1.686411803144862720e+00
1.991038548350742676e+00
2.187539109670291637e+00
2.281224252230264593e+00
1.882636149809074455e+00
1.707993744864863661e+00
1.761114616604899874e+00
1.997321525376670959e+00
2.339697702170453919e+00
2.256818086457508254e+00
3.101299256045797925e+00
3.040976421729113532e+00
2.622702662279535968e+00
2.699050834766763440e+00
2.191871829222843626e+00
2.619616404180147740e+00
3.563355665179367637e+00
3.346672578350958993e+00
3.022659725968263711e+00
2.944286782564558447e+00
3.842753043302006510e+00
3.619221306997522536e+00
3.554163173132319553e+00
3.262196895971965827e+00
