4.108477881323931198e-16
3.718675768560252282e-01
4.945858831368035169e-01
0.000000000000000000e+00
8.860525686487634722e-01
7.723951688134456095e-01
8.179109598203267995e-01
9.839048902478841896e-01
1.370962136708232304e+00
1.033731180021608909e+00
1.007151070447305674e+00
1.167384994303762413e+00
1.326010017644263073e+00
2.224731633808639142e+00
1.684705458906895270e+00
1.384837424272198358e+00
1.370642778244978155e+00
1.448932186261489452e+00
1.766532270761868029e+00
2.200038712390871343e+00
2.216844826021569403e+00
1.909376007407067366e+00
1.691634777956931623e+00
1.600016519321339370e+00
1.842328000804896559e+00
2.169907132837327168e+00
2.072262166040347964e+00
2.744779231521188745e+00
2.839629325191505682e+00
2.411801358935556916e+00
2.492105165117771470e+00
2.095723207810336941e+00
2.421990471791867439e+00
3.520161681834501621e+00
3.329934056168984746e+00
2.866602158439062187e+00
2.763512208461119890e+00
3.844431047108891164e+00
3.601499256625025236e+00
3.552620058887012711e+00
3.255118804759297824e+00
