1.573464114279364612e+00
2.383553525840018228e+00
4.539258039878940387e+00
1.521132822513277194e+00
8.204462157108413090e-01
7.436829380702993930e-01
1.400919974542356394e+00
5.480926079013239693e+00
5.282570059065091472e-01
3.201670537661676086e+00
1.632265619202436957e+00
3.461944180098725621e+00
4.824400847776475487e+00
1.124222041777651615e+00
1.030776129098718741e+00
1.416525738660153744e+00
2.550037774479690267e+00
4.800696920482833363e+00
6.601916931680004375e+00
1.152271253257387107e+00
1.731192321045338822e+00
2.216961655035288636e+00
3.800867847859588089e+00
4.089602590382571456e+00
5.072512943427661014e+00
4.554615333174364622e+00
5.476151551756584190e+00
1.675414028943423395e+00
1.636192952178011639e+00
5.748042751801625272e+00
2.874051056972673379e+00
4.973936491824773931e+00
2.176549850575673073e+00
1.400556212883383278e+00
1.994444682817626768e+00
2.001139796293043727e+00
9.724679002967726582e-01
4.054072902859884309e-01
2.336158297973624787e-01
-4.770239669172724600e-02
6.063089768759649667e-01
