8.485391375497558598e-16
2.888890181559468640e-01
4.336758470548676137e-01
0.000000000000000000e+00
4.355422420152020302e-01
4.680711000774035457e-01
5.205124161116954085e-01
7.239346849870178513e-01
9.448196101607969632e-01
6.752886957992191297e-01
6.305157419684354059e-01
7.992086633122935657e-01
1.081789540687500217e+00
1.755456154191251672e+00
1.266464889505132252e+00
1.033011511153668183e+00
1.028709016699077550e+00
1.156702216876561939e+00
1.480968222352187391e+00
1.898240789544895391e+00
1.895281215759456073e+00
1.550118518966125736e+00
1.378337014414879880e+00
1.301957775103387061e+00
1.517940352936655746e+00
1.780338682163134401e+00
1.720225776530516892e+00
2.290920047690567785e+00
2.282487188125912780e+00
1.962804392965646016e+00
1.998002029906099208e+00
1.693290542131351772e+00
1.958586910445558438e+00
2.744677543495332994e+00
2.556303948088127331e+00
2.246036109315410645e+00
2.167312314553828667e+00
2.997164646336574645e+00
2.779958693431217487e+00
2.732216851274255731e+00
2.488789124916801487e+00
