1.875409072150612477e+00
1.330816820528923916e+00
7.516681199576309425e-01
2.898572760866690690e+00
1.829584221262676058e+00
2.449413273526977797e+00
3.508304097956644885e+00
1.307221796661267144e+00
3.893299772582961005e-01
2.449047716876810110e+00
1.821337516119135636e+00
2.791643565896288592e+00
3.763226699803059461e+00
5.576775134697331548e-01
2.722381439046937412e+00
1.598592964092907520e+00
2.431061158357759933e+00
4.024339727064883299e+00
6.220235489079649405e+00
6.834127032755666908e-01
2.530601721540911342e+00
1.922092945558335986e+00
2.161333049912421700e+00
3.579358078436945867e+00
4.513357560361078491e+00
5.031136512876272171e+00
6.526862863983651231e+00
1.631054375748101304e+00
3.065317250092050028e+00
2.188365576194516215e+00
3.064274870752288660e+00
3.285999160037234468e+00
3.138921983769630941e+00
1.341085109298209010e+00
1.140139926643300772e+00
1.964347008975770636e+00
1.249930293956827976e+00
4.521731372190250231e-01
1.349063196456668612e+00
2.396714952042914848e-01
4.834314458784766955e-01
