1.758854867645017084e+00
1.227003505438534425e+00
3.749226007323763099e+00
3.201003055209132864e+00
2.049760423272065868e+00
1.252708696121570098e+00
1.125347565548926232e+00
6.336229311054017543e+00
2.217415997218247892e+00
1.342138780076446158e+00
1.035751853937256328e+00
3.024976458250549616e+00
6.264713267932228824e+00
1.092604425244602329e+00
1.661469209076013476e+00
8.356487917273713872e-01
1.838296756994403980e+00
4.961541184478149624e+00
9.093155632317396098e+00
1.720687057763403471e+00
1.976097187856324933e+00
1.139577845981277093e+00
1.890143199136610441e+00
3.424207864771715570e+00
4.877777483655120427e+00
5.599618560734849204e+00
9.657421523611814607e+00
2.220682004403021104e+00
3.475579133073584792e+00
2.116004234034486231e+00
2.613648639346043634e+00
2.992548404382040506e+00
3.706678161271736993e+00
4.578035010791456361e-01
1.523311286368817186e+00
1.827349570543735258e+00
9.176475770047040070e-01
4.462343743749331848e-01
1.334529204719162365e+00
1.999169916569745464e-01
2.672156259458459138e-01
