2.422034132125528760e+00
1.934220115971255094e+00
1.736445968108515814e+00
2.082325966717947008e+00
1.281906040658768786e+00
2.724175214742262430e+00
9.070387270586939277e-01
3.634728156945182143e+00
1.290251471962637897e+00
2.839977291643750235e+00
1.046667437993040961e+00
1.651731933746375169e+00
4.033421202471187961e+00
8.962677251546700141e-01
1.691767801876429722e+00
2.502770394096238249e+00
1.291109872399909708e+00
2.842734864413974716e+00
5.555909007161316637e+00
1.929465117819732844e+00
3.703730548257644806e+00
1.883934746393026938e+00
1.448051584169955719e+00
1.859708519745108202e+00
2.815438382930746108e+00
3.952785746025975655e+00
6.905372636463972036e+00
1.341891035261254528e+00
2.631322671500270438e+00
1.233332858803319665e+00
2.087080791486587650e+00
1.659768975155675230e+00
4.193638522503460919e+00
1.258378686981096006e+00
4.492134138213850769e-01
1.949357970100305204e+00
3.636271127304067097e+00
1.630524337859043271e+00
9.926897241467090849e-01
-1.385178054806860404e-01
3.560293194879545542e+00
