1.695275629225542646e+00
1.395298154757415032e+00
2.029446048119744272e+00
3.176989226785847720e+00
1.876503975947850567e+00
1.882734181819579300e+00
1.878751373214715858e+00
2.834937491212722982e+00
1.707076235033618605e+00
1.579888043948295628e+00
2.296216060105634948e+00
2.977167020393002961e+00
4.747667111029124420e+00
6.610536916129460261e-01
1.821283490422956453e+00
1.887723385794166653e+00
2.992622113763744540e+00
4.505095354355228565e+00
8.105236701294954216e+00
1.969600959239753646e+00
1.289214358517890791e+00
1.472343588778961543e+00
2.743650389621635988e+00
4.323820177148927080e+00
5.716545299432488569e+00
7.256011380677780842e+00
9.012465652693306239e+00
3.011889863479459528e+00
1.720855026818604472e+00
1.890254618353228944e+00
4.774995534364654404e+00
3.770676343289511845e+00
5.453766044889752251e+00
1.569968855835222277e+00
7.205027264495438288e-01
2.652814761381061981e+00
3.386193245025933329e+00
6.185606170669891712e-01
1.529970184120859722e+00
8.432063477215169245e-01
5.466846235186896275e-01
