-3.501021860061467846e-16
5.650855260463453211e-01
8.223136482299655547e-01
0.000000000000000000e+00
8.173869825546685730e-01
8.567292401306445537e-01
1.004645128126974374e+00
1.184297316260745525e+00
1.201027150233654250e+00
1.043430168447901707e+00
1.118171355710442461e+00
1.273279984375244256e+00
1.433347317643510754e+00
1.660798994101081449e+00
1.365691990945619771e+00
1.328459494691116349e+00
1.370065086603114990e+00
1.458295556071889987e+00
1.574096138038552084e+00
1.807269966304301478e+00
1.657147872453306192e+00
1.524410843543695604e+00
1.499572979733006850e+00
1.505328156893181557e+00
1.580084562804570103e+00
1.666330484285426516e+00
1.644525492067924421e+00
2.027406518872544972e+00
1.924201249094260158e+00
1.721037806303053364e+00
1.757367364995215064e+00
1.624822259659244317e+00
1.738832859919061447e+00
2.348310936346549305e+00
2.147809467676402573e+00
1.903445497737785042e+00
1.865276819484319892e+00
2.610809451851450635e+00
2.400242677079037268e+00
2.306959906594243215e+00
2.080112499688408612e+00
