-1.662709825222773911e-16
4.550448907503418794e-01
7.114290279663486594e-01
0.000000000000000000e+00
9.703160993277082369e-01
9.997662643850619979e-01
9.711904019175979785e-01
1.097644192380869299e+00
1.437261561738332194e+00
1.363702113669079674e+00
1.299848705606233779e+00
1.275948730869241654e+00
1.380501304847886468e+00
1.807629987678730288e+00
1.654096424183777447e+00
1.528890261510249760e+00
1.436690817696409272e+00
1.467433980109125846e+00
1.733059157561295471e+00
2.067048975873444050e+00
2.092240600941503104e+00
1.849080432913837724e+00
1.639593574133278997e+00
1.574404324092154139e+00
1.784693841690270899e+00
2.125038495058620747e+00
2.029591541869268934e+00
2.676332537165773129e+00
2.723493905780575819e+00
2.358334101246246650e+00
2.470903162658331986e+00
2.016748390619833131e+00
2.402874485490743783e+00
3.479613746907970206e+00
3.214596053058880187e+00
2.789485934576369619e+00
2.720156667890093694e+00
3.728448548307641719e+00
3.495421697234077030e+00
3.431919840197876326e+00
3.114926056300808987e+00
