-0.000000000000000000e+00
3.761616568495609880e-01
8.831406191516671944e-01
0.000000000000000000e+00
9.554484958089244362e-01
1.089150479581574960e+00
1.278601076288857330e+00
1.735099741473320689e+00
1.635998437306457554e+00
1.637381595589515015e+00
1.831894391055383986e+00
2.021323183795465273e+00
2.362351327882625807e+00
2.257893675602139272e+00
2.169450133598447739e+00
2.217214080383607122e+00
2.306711264550372675e+00
2.466924678848266606e+00
2.849543424614891851e+00
2.955122890517130507e+00
3.180716737618829004e+00
2.829010259453558440e+00
2.670024802518774276e+00
2.627515445636304126e+00
2.897235131202509972e+00
3.257512368532193392e+00
3.157781940141859867e+00
3.924398562241611543e+00
3.974760877454526664e+00
3.512812992052852135e+00
3.624766978971763365e+00
3.129394397818441753e+00
3.546110476761167973e+00
4.645115157519741800e+00
4.425419049353135570e+00
4.033614403270526338e+00
3.951966625028271451e+00
4.895276369754796519e+00
4.677027720523854626e+00
4.622616640351162154e+00
4.356406661187223861e+00
