-2.541939799913829943e-16
4.358860825472190559e-01
6.412717832523457950e-01
0.000000000000000000e+00
7.310228641332762178e-01
7.053433400015478583e-01
8.356067401622330193e-01
1.008855563233230557e+00
1.063863352402276474e+00
8.913374612309025169e-01
9.169701156596039571e-01
1.063748228909610072e+00
1.190452547125463889e+00
1.465312056430769339e+00
1.216010402423441050e+00
1.140044705524484669e+00
1.144734486644864768e+00
1.227160998862366181e+00
1.416430579523724198e+00
1.715975663181275257e+00
1.688793518246801018e+00
1.418927898717298852e+00
1.317677480809858137e+00
1.296698263859199063e+00
1.440619949577544912e+00
1.685057587300918369e+00
1.622826961797701584e+00
2.268472459482475223e+00
2.286209128273375857e+00
1.847163642914400050e+00
1.959780275663287830e+00
1.579460539074549308e+00
1.909489339517226769e+00
3.057101097780352106e+00
2.700210051262464717e+00
2.313245764598735210e+00
2.240031321474967640e+00
3.484426289622859940e+00
3.070613513127930183e+00
2.943771195192387502e+00
2.614107665460134289e+00
