1.663453357833302615e+00
2.412022915850525973e+00
1.401841250111386383e+00
1.851083490812657439e+00
1.342008304498489402e+00
3.354626243665604246e+00
1.232040762232856190e+00
2.250840520713591975e+00
1.146771181580743759e+00
1.766094001061887298e+00
1.653200862573223517e+00
1.557516115651702338e+00
3.199431576021287693e+00
7.259236651331142376e-01
2.607681130037387440e+00
2.263721839740861608e+00
1.659258872259207651e+00
2.341523086823779298e+00
4.505451262879544672e+00
1.241882863933347458e+00
3.204036839323013641e+00
2.294919576070289846e+00
1.469434095833974219e+00
1.910178343884996854e+00
2.592218637107968515e+00
3.563857849241082842e+00
5.298464647191630128e+00
2.005576629846414605e+00
2.438917784914797160e+00
1.599223575062470371e+00
2.073142376903294171e+00
2.074957877941800088e+00
3.496386341134063436e+00
1.656686742579135840e+00
9.201024904099533996e-01
1.526781270337152829e+00
4.510336762599520988e+00
7.590434041038428559e-01
1.125331942940329011e+00
3.173635707995949851e-01
1.360603928660520490e+00
