1.923330968471470677e-16
5.648562241139485351e-01
1.009650696514339918e+00
0.000000000000000000e+00
1.231411959549085111e+00
1.376812696191681784e+00
1.435177218969208468e+00
1.715789469567308823e+00
2.064967752513152455e+00
1.987544897155304913e+00
2.009142280474708553e+00
2.017695332388616425e+00
2.288653485338352223e+00
2.655129064680725293e+00
2.489469298394263674e+00
2.389895482919243808e+00
2.360104884335535225e+00
2.396927471953077315e+00
2.704219108366313407e+00
2.856255539304915825e+00
2.932069218008773515e+00
2.728378919643587253e+00
2.611978739754658996e+00
2.546188329931786232e+00
2.741915308227180326e+00
3.012760015721425155e+00
2.942276589935391318e+00
3.336571789601457727e+00
3.481949102817310848e+00
3.149420642814905857e+00
3.275926517851366793e+00
2.902875699932224496e+00
3.234369662547767810e+00
4.183567920528465045e+00
3.973045298429704442e+00
3.590132110314476765e+00
3.523003601455132028e+00
4.480264138625138060e+00
4.246689072796491438e+00
4.185125601930494987e+00
3.901153981465792508e+00
