1.967143161141288843e+00
1.702698879538468546e+00
3.027446183910043942e+00
1.284690347641455732e+00
2.715820044154016344e+00
1.991251402797658665e+00
2.300751398456864383e+00
1.496551363302283555e+00
9.137826852188613014e-01
6.092813076820929874e-01
3.192658617919729824e+00
2.768387255864730889e+00
2.817989834723825471e+00
4.154364972648020848e-01
2.356057482358806521e+00
1.249858934917647213e+00
4.079075525947651215e+00
3.217171249475092143e+00
3.951264972122218389e+00
6.887761588830576542e-01
2.613498501335594693e+00
2.046801414833815613e+00
3.943974187895758821e+00
3.876287426826082072e+00
3.922101784760248844e+00
3.024156136850053578e+00
3.344950676546777135e+00
1.373486618313649377e+00
4.504487797277250571e+00
2.992768505188795558e+00
1.568100319180244062e+00
4.413464813148489263e+00
1.424776814324014040e+00
1.304783962297675570e+00
2.947197058766137800e-01
5.083637181471067912e-01
9.392686448702081137e-01
1.048822192515166618e+00
1.248620664627955401e+00
7.787114933090707458e-01
1.204353360016814367e+00
