1.007280838750924094e-16
3.004235333850915901e-01
4.988200267196237214e-01
0.000000000000000000e+00
6.972621016475566424e-01
7.508190401834510252e-01
7.609180541529448893e-01
8.844844240116871426e-01
1.361702157518845713e+00
1.297785284892213786e+00
1.066043302978089136e+00
1.030424619798882224e+00
1.210663268540674187e+00
1.516492155436956368e+00
1.456250604529687687e+00
1.441865059138790262e+00
1.247585522344530906e+00
1.286646136612320523e+00
1.579090856967759970e+00
1.595342505245900266e+00
1.683326220981574251e+00
1.574967551605228611e+00
1.463238422447943776e+00
1.413424696339651288e+00
1.627150276001769758e+00
1.906167459943747255e+00
1.825287034261166452e+00
2.332330165304676406e+00
2.376227835626991247e+00
2.071396446564753635e+00
2.163344019344024538e+00
1.817897290660104526e+00
2.111208694345812376e+00
2.772337700400405058e+00
2.625618418619182215e+00
2.399138720105016720e+00
2.347725851762000104e+00
2.961563460123458391e+00
2.801044901963090972e+00
2.771045906143206228e+00
2.582669837023517712e+00
