-0.000000000000000000e+00
4.780738635612474807e-01
6.826725722791263662e-01
0.000000000000000000e+00
8.237941481359067897e-01
8.428203129987422715e-01
9.209175195108975087e-01
1.070505884852321454e+00
1.193300217325692136e+00
1.061729494523608652e+00
1.091327491700794905e+00
1.207252595261353756e+00
1.385944557648338460e+00
1.710541671284732335e+00
1.424958034561196518e+00
1.295607807819922908e+00
1.332195133413704324e+00
1.440223928780056895e+00
1.642679920963578954e+00
1.928753291374166290e+00
1.991267324046879672e+00
1.603649725255137382e+00
1.523402632506313470e+00
1.519859730706671241e+00
1.659353549750799184e+00
1.870212707152396403e+00
1.815327062754380272e+00
2.629485163764867739e+00
2.743851429205946602e+00
2.028621981094202997e+00
2.133617475440767741e+00
1.768036574402972239e+00
2.073971401127349790e+00
3.390531658929195835e+00
3.253841170065395083e+00
2.661300600704416208e+00
2.508292504514312071e+00
3.684258986406391934e+00
3.496233555943953686e+00
3.437841946051817477e+00
3.165373490054838701e+00
