1.612088813637610541e-16
4.720089250855282748e-01
8.811777026333049712e-01
0.000000000000000000e+00
1.160266303131227028e+00
1.310456933931006374e+00
1.293901605059186277e+00
1.422266700587746957e+00
1.534660698634691789e+00
1.557804671732206270e+00
1.580114142784173392e+00
1.588480395817060575e+00
1.708937121205040155e+00
2.189978386809952493e+00
1.886132939207598280e+00
1.720651176540134664e+00
1.718859836684061726e+00
1.774653360477236319e+00
1.987618129666582023e+00
2.228186473634495179e+00
2.321908990289712538e+00
1.992238092979088826e+00
1.873503031301813948e+00
1.855960334682274171e+00
2.021668484164962365e+00
2.279062636531735908e+00
2.205144077628024668e+00
2.780270552270144080e+00
2.972256500841625293e+00
2.513240666655975009e+00
2.587504111608133428e+00
2.188199666823483547e+00
2.511870107428498589e+00
3.445371243281462270e+00
3.322047101065878749e+00
3.012568564564571894e+00
2.898373903086068459e+00
3.680961823532673538e+00
3.517220129763760639e+00
3.477945165600027089e+00
3.279672037372153515e+00
