1.801258741434273114e+00
2.319589356315461259e+00
2.557182051029690317e+00
1.468900614895172207e+00
1.242901249285950582e+00
1.246013785860778489e+00
4.196835672551721075e+00
2.281661246379175889e+00
9.645162213190291434e-01
9.475636699844794952e-01
2.627049439966173239e+00
3.629368487581584812e+00
4.556348612673903453e+00
7.911615338353644722e-01
1.399415532581948396e+00
1.849418098717886316e+00
3.454386780374931742e+00
4.599082997288463481e+00
6.934944794766495058e+00
1.336921152712255090e+00
3.000699816817126386e+00
2.280130216235217500e+00
3.008405503654337121e+00
3.949567573194239678e+00
4.685025754992943270e+00
5.153865923975866181e+00
7.367300410883222739e+00
9.515701709343141745e-01
1.801420116129695437e+00
2.266260943467888200e+00
2.886748313698238810e+00
3.464079663112892948e+00
3.879706328986630481e+00
1.499247264995836382e+00
2.087654985427189303e+00
1.810449611190953156e+00
2.110667674774935332e+00
3.421245307192187224e-01
1.903722071960716189e-01
5.717687845322741436e-02
9.568518232201883578e-01
