-9.208202108120296057e-17
2.305651342967333373e-01
3.340887618653857749e-01
3.516765987177307555e-16
4.929214395318583519e-01
5.481789706306027243e-01
4.705501659182824148e-01
6.444128990258275458e-01
8.287278421465710254e-01
8.027241963214409859e-01
8.018000891088431503e-01
8.097223015080108333e-01
9.400776988560516356e-01
1.122403303279242426e+00
1.001433985874132571e+00
9.632942263209353095e-01
9.398632644958080373e-01
9.947643668892581781e-01
1.183264760394411530e+00
1.275591034786073497e+00
1.399987235766566585e+00
1.203719810301137283e+00
1.082165190128441035e+00
1.065314016796218066e+00
1.208912734510016573e+00
1.455742264172579681e+00
1.385954925945481531e+00
2.036624372005906736e+00
2.166988833528143310e+00
1.719981820856794519e+00
1.780830438091248302e+00
1.364463858018011067e+00
1.693362948462052708e+00
2.649542264569221484e+00
2.510212272369694908e+00
2.216449046883555152e+00
2.113197921241127375e+00
2.935859215194012162e+00
2.735126481067275961e+00
2.689893250912059219e+00
2.466735148827908120e+00
