1.863142420739420491e+00
1.496946644739264753e+00
4.577986204562341399e+00
1.855457451095837706e+00
1.061473654773877229e+00
2.524555885788562826e+00
1.807042950854118812e+00
2.265938500795710464e+00
9.617545838481211806e-01
2.465984565612229229e+00
2.527440728152682503e+00
2.108490759126122160e+00
2.333001610727498232e+00
8.001387179711376696e-01
1.517327285356515620e+00
2.818695449965874733e+00
1.727263258728726658e+00
2.112987763326265256e+00
3.566559939799981205e+00
2.220337207859258477e+00
2.464422349019435909e+00
2.525258747180745278e+00
2.089186361758374133e+00
1.747213550625834388e+00
2.383095036842123537e+00
2.401474296175685197e+00
3.730580290079953620e+00
3.843552608753556310e+00
2.017938021142866578e+00
1.804953059873542154e+00
1.299224741827180285e+00
1.857697313070801659e+00
1.699912154890827365e+00
3.004945497568794366e+00
4.157318299383040983e-01
1.181121751415251442e+00
1.010341830230714111e+00
3.675940315848379991e-01
1.297756690034346683e+00
6.303992806739250332e-01
6.833331740377983632e-01
