-0.000000000000000000e+00
5.062080241159095939e-01
9.890748623011593743e-01
0.000000000000000000e+00
9.021423396331500477e-01
1.039817061598815373e+00
1.195616180085580904e+00
1.370553633122753023e+00
1.437906274164253873e+00
1.347393621263081265e+00
1.354567799834897501e+00
1.408374452792495735e+00
1.497895600743291977e+00
1.766066101161306801e+00
1.570236804560841248e+00
1.482162298570722347e+00
1.464375235748662130e+00
1.512934155147336979e+00
1.634521715336712422e+00
1.861968746636551542e+00
1.893641506794639273e+00
1.640975419564367321e+00
1.551679363792074495e+00
1.550031061542857858e+00
1.650105343778106803e+00
1.851467147592898765e+00
1.795587048498281435e+00
2.675588903543736574e+00
2.687503168646715679e+00
2.128045900900160881e+00
2.155949365575557497e+00
1.772152141324526475e+00
2.072634775609213165e+00
3.270040741670545259e+00
3.078863415525881386e+00
2.669812172037275388e+00
2.555065064210839676e+00
3.599689539213932310e+00
3.344708928191435504e+00
3.279679016160077509e+00
3.009091377205229456e+00
