-0.000000000000000000e+00
4.106373933428468237e-01
5.841105531182871902e-01
0.000000000000000000e+00
8.079254926006786963e-01
8.299623447504717033e-01
8.470793207669914393e-01
9.954731102856929637e-01
1.195828971488020365e+00
1.088955670069833959e+00
1.090116199045617185e+00
1.225453182225426652e+00
1.432847271838906478e+00
1.628974379978993303e+00
1.365439000920587231e+00
1.298089184829793075e+00
1.341970156263356806e+00
1.487620394438888605e+00
1.709891845825541656e+00
1.853662582558686767e+00
1.852404438832313538e+00
1.592823885545379792e+00
1.533343978561288568e+00
1.560620863547721449e+00
1.720389233062177503e+00
1.946845652532098958e+00
1.888898158209836087e+00
2.869383666455582738e+00
2.739627994472554562e+00
2.131999408255730533e+00
2.220630278346275244e+00
1.836952673431897720e+00
2.158800756151109557e+00
3.598432152704952536e+00
3.295173792499725973e+00
2.699262811991764988e+00
2.581792142387399291e+00
3.986998909166311389e+00
3.680675399150141303e+00
3.592859456636785964e+00
3.158727078912813901e+00
