2.192215629763706479e-16
3.438948476551995648e-01
6.056751046129791316e-01
0.000000000000000000e+00
8.739330846573274414e-01
8.685768691312319989e-01
9.156111201010658229e-01
1.113660213449414016e+00
1.409464261586052869e+00
1.250568431976228467e+00
1.216775610437254240e+00
1.271260547865771029e+00
1.501829504363111578e+00
1.885007928581571957e+00
1.649304823581345669e+00
1.543079425805571558e+00
1.508403673884936236e+00
1.591453971332437156e+00
1.913831126076130928e+00
2.119120901981906169e+00
2.188809355257089528e+00
1.911374717643236743e+00
1.800246593558513908e+00
1.740859079289259981e+00
1.969353096530850111e+00
2.247760479613354789e+00
2.162725799760808698e+00
2.840667609962488793e+00
2.828742534283891885e+00
2.430571110987384209e+00
2.517221747918411356e+00
2.160993218738110677e+00
2.452388759124943363e+00
3.245407822504596584e+00
3.113661545946977860e+00
2.799800345998960438e+00
2.732354009873724010e+00
3.481438437152259091e+00
3.316041307191968990e+00
3.279767903093506298e+00
3.040726511970040402e+00
