1.270473611151324401e-16
3.534840448935399615e-01
7.615534054698915867e-01
0.000000000000000000e+00
7.252198147793398331e-01
8.198845818776231420e-01
9.777025137728549975e-01
1.299465398868564936e+00
1.348292040583669138e+00
1.277896841603780809e+00
1.391017383303462474e+00
1.426406707935674367e+00
1.543908761728968626e+00
1.932756415252957494e+00
1.630839138943528166e+00
1.560284871602000356e+00
1.567294668597021712e+00
1.592098840466101173e+00
1.717742844623798559e+00
2.167862392518174808e+00
2.039418251799312465e+00
1.751669144201489559e+00
1.675426205178806471e+00
1.652623988272405198e+00
1.741175537565675224e+00
1.894974602445761214e+00
1.848614768521901874e+00
2.702456453572138706e+00
2.669307909779461863e+00
2.114271347912523691e+00
2.132492222882976129e+00
1.843105083084842555e+00
2.060666108978446598e+00
3.266591624914530811e+00
3.083201577795302128e+00
2.687504683927575577e+00
2.503108033449596981e+00
3.444863401086383004e+00
3.263759101173173249e+00
3.230054164450790299e+00
3.044500960713180326e+00
