-2.673086563339118191e-16
4.005045876805263805e-01
6.675992793814388149e-01
0.000000000000000000e+00
5.503405361475709467e-01
6.372656261331939298e-01
7.146091105690781653e-01
8.135662044579803354e-01
8.599093191276714343e-01
7.940947012012028461e-01
7.828382080368421203e-01
8.380739059143268443e-01
9.524162960971682690e-01
1.470935011561209427e+00
1.099295341356263611e+00
9.173481751879938306e-01
9.032448870759687276e-01
9.742668095498552283e-01
1.158911168639451761e+00
1.669442336025510620e+00
1.649725033758284276e+00
1.243428023335553689e+00
1.072473478908443578e+00
1.040711966146675493e+00
1.190188756103777612e+00
1.446320150732166798e+00
1.369686707240886037e+00
2.389468900861789979e+00
2.382812895986186508e+00
1.752926867731017024e+00
1.805294109587497253e+00
1.363746080867939359e+00
1.702906798302819436e+00
3.246963676184455139e+00
2.942797988937281062e+00
2.429942973707970300e+00
2.303596934206233016e+00
3.559012284100374401e+00
3.277294132871142018e+00
3.187010528774862905e+00
2.848570518861358813e+00
