1.834188422057407175e+00
2.191489393135007457e+00
2.811989580468764238e+00
1.660894767428058971e+00
4.860066359111463452e-01
4.470382317654775228e+00
8.410118612459827059e-01
1.674085944208832055e+00
1.168294889616456667e+00
2.243700249615895093e+00
2.056935134015160926e+00
1.825664825702442595e+00
2.543805026432118588e+00
1.811496299814438604e+00
1.215975449459495650e+00
3.004072048143545004e+00
1.948376924627633899e+00
2.199536883103490048e+00
4.218177191491414568e+00
2.226157587958886630e+00
2.558094153075587407e+00
2.078751437005704972e+00
1.928906541074399295e+00
1.970188044124718818e+00
2.854074586307655537e+00
3.262394429130383688e+00
4.563433213498186092e+00
1.646035778999793475e+00
3.366523039551807095e+00
1.935230326658822442e+00
2.054442662320256296e+00
2.188515372143073900e+00
2.209248274591670835e+00
1.061124453526717026e+00
7.311352311631824641e-01
2.594582012598047438e+00
1.500782835585434682e+00
9.479209702580660979e-01
1.435814162511392933e+00
3.440024125686386713e-01
1.459927001118687784e+00
