-0.000000000000000000e+00
5.154131862046842372e-01
9.057392898567143691e-01
0.000000000000000000e+00
1.131985845092872589e+00
1.202686641261025313e+00
1.436809264018365839e+00
1.856448113034602665e+00
2.022070330659826887e+00
1.757707765540485356e+00
1.747039098981800320e+00
1.992632261280398609e+00
2.168392533116838550e+00
2.404228468281333964e+00
2.170761893503756479e+00
2.071302018224148611e+00
2.082212267555840768e+00
2.193379523514065621e+00
2.340838138303891203e+00
2.523439220299093844e+00
2.514345354194652327e+00
2.315835182584408347e+00
2.235327693858394582e+00
2.243021925860607446e+00
2.349156489326446717e+00
2.495066758579071120e+00
2.456845875510164312e+00
2.956165452397182314e+00
2.881670467338683039e+00
2.634332954086263001e+00
2.660971578395243231e+00
2.436295036672703862e+00
2.618525875825442828e+00
3.352840539984402124e+00
3.147307084789544795e+00
2.873296352918669250e+00
2.812521090161923087e+00
3.659814596747335003e+00
3.436522101271624496e+00
3.368269134046478985e+00
3.077472842534734188e+00
