6.072692029375252589e-17
3.987831817739871387e-01
7.596843821077748915e-01
-7.545694479762688583e-17
5.937318587223795463e-01
6.861835263114464123e-01
9.784649719789654254e-01
1.123959214631144565e+00
1.036377831421003926e+00
9.549738254815772764e-01
1.109577645342258334e+00
1.181989722888117544e+00
1.257321953970860218e+00
1.341508029418598147e+00
1.262511081812217828e+00
1.239593135705886917e+00
1.240512279534127904e+00
1.280666593608479564e+00
1.403072897887486237e+00
1.560528524735549594e+00
1.630624941607629941e+00
1.406635566472212107e+00
1.329741146296305354e+00
1.320385032435396511e+00
1.418727452357182228e+00
1.642288850317570104e+00
1.580727173394349538e+00
2.382229387889631678e+00
2.451015236411312248e+00
1.865177117822822250e+00
1.987780844768984867e+00
1.537050536213030671e+00
1.905549985842524441e+00
3.297677707952600290e+00
3.019361995948222965e+00
2.556156865701739722e+00
2.450417512925927799e+00
3.627360437921113512e+00
3.348675131917516090e+00
3.249416368372566755e+00
2.933939937596552916e+00
