1.805537184440906939e+00
2.532656411157930609e+00
1.173682110510407384e+00
1.634591851887787772e+00
1.705740337384869632e+00
1.232650322966920564e+00
2.423843786529022548e+00
9.532342646354545757e-01
2.995088021379596732e+00
1.379074579074518025e+00
3.544273851236529271e+00
1.833600778679892684e+00
1.962408037872597655e+00
1.119153887046581808e+00
5.606936125046317887e-01
2.611021384656191824e+00
2.396535058523300510e+00
2.213018811545665709e+00
3.337504568975171448e+00
2.633681048513718093e+00
2.331811116672006357e+00
3.180080950440232535e+00
2.711982888590107610e+00
2.102443704355960286e+00
2.608570782199845617e+00
2.941734651922362609e+00
3.499888157259722021e+00
2.955039509896899119e+00
1.718566184655105911e+00
2.045080154013005913e+00
2.163264079910238280e+00
2.457312779914685219e+00
1.814620408367105142e+00
1.887268466326074590e+00
3.562802859762748131e-01
2.936769492458246589e+00
1.849845024982734953e+00
1.462714682043940284e+00
5.963648919706242557e-01
6.082351750145568170e-01
2.296416640109228080e+00
