2.223996506965266740e+00
3.140162375381527315e+00
1.663833519267752470e+00
6.131477858497482725e-01
9.869735096749606695e-01
2.117565830818679551e+00
1.788633585844814577e+00
5.178012950198928266e+00
1.839148537297822461e+00
1.245011191156548236e+00
2.345066405299934598e+00
2.041210716921734392e+00
3.757103118935948505e+00
1.296905415904953784e+00
7.798954980399096515e-01
2.210193641627943073e+00
2.213988441508800253e+00
3.042917106949546646e+00
5.153115054639605397e+00
1.344986398358338331e+00
3.946176671630920119e+00
2.627638601593330403e+00
2.418319069027954349e+00
2.342300127902577245e+00
2.765205092555108379e+00
2.949988973713056684e+00
5.231787123283389462e+00
1.162038848776618893e+00
2.257412139332357182e+00
3.074891053834000409e+00
1.510608738150372110e+00
2.193034698676598726e+00
2.473556251737850431e+00
1.698068735212425961e+00
8.608600815223533820e-01
1.459734412929185376e+00
3.189477670424243794e+00
9.715809247689787265e-01
6.840601267743100511e-01
5.490154033528611421e-01
1.884252298742504994e+00
