2.933587578491577030e+00
1.773758041950959319e+00
6.606668656784868698e-01
1.040073063130882325e+00
3.558713692521606742e+00
8.975605001917018599e-01
2.425650317624944208e+00
1.037144902635465549e+00
2.269629132588530496e+00
1.538254304047913301e+00
2.646445154132541777e+00
1.482118804746048735e+00
1.739950386484604650e+00
1.050837457404463215e+00
1.271034240372996615e+00
2.479570282241977619e+00
1.964557738677580323e+00
1.870348510119479890e+00
2.332559929709367541e+00
1.291775123531543557e+00
3.889223712747627459e+00
3.887921537607610833e+00
2.326622449542761650e+00
1.782443294832349201e+00
1.826929499681555935e+00
1.837842984421667936e+00
2.136908576410919913e+00
1.684903064465220535e+00
2.935158826147343358e+00
2.728519332447610246e+00
1.380957543669480980e+00
2.156444587221395981e+00
1.168760395225566961e+00
1.353557369893730655e+00
5.272178081536881278e-01
1.237908103318332564e+00
1.431630920193534884e+00
9.876886318417428257e-01
1.611925137234265781e+00
1.466660287587697176e-01
2.287617498541996586e+00
