1.492640617657455371e+00
3.286749322078543756e+00
1.430624935353007610e+00
1.123319241296626414e+00
9.450966304919329319e-01
1.694375663706276791e+00
2.043688013840965656e+00
3.359206956979919667e+00
2.181348171658275881e+00
1.079955474958592454e+00
2.262188504852635340e+00
2.161116436696369547e+00
2.112797242724403723e+00
3.097605994883228520e-01
2.054839576166111570e+00
3.771679955359026781e+00
2.014260428745339837e+00
2.373491341700139312e+00
3.659548921792018294e+00
1.318185622166570869e+00
1.862954055427729072e+00
3.359162815831264304e+00
1.834703322161413741e+00
1.375992666512716234e+00
2.356963528969086674e+00
2.570869996632882071e+00
3.835710803012192915e+00
3.431736983550317088e+00
7.619757536181891444e-01
2.552155644316928651e+00
2.310792593977234244e+00
2.376336413819842175e+00
1.783996141563301441e+00
1.184182298460695337e+00
7.511906074273040357e-01
5.227246783521483309e+00
1.764154665561756818e+00
1.319357179196870122e+00
7.705189164197288054e-01
1.860680674974691529e-01
2.916400734651800608e+00
