4.242273628648713162e-16
5.898893566118226239e-01
1.037604695009748168e+00
0.000000000000000000e+00
1.231117250995378276e+00
1.187649862082745367e+00
1.283928745282044703e+00
1.671485323117613886e+00
2.168546977159700795e+00
1.942816089020219961e+00
1.690032540813250161e+00
1.899340943343309496e+00
2.303826235564227609e+00
2.795736981707451552e+00
2.634352497158259254e+00
2.549509189555147604e+00
2.342331783886546503e+00
2.427506245866569046e+00
2.825354403494299671e+00
3.274553509182197342e+00
3.326622621487568487e+00
2.996878145673508076e+00
2.796598985402860560e+00
2.641975670679248989e+00
2.894345145807883046e+00
3.211867460438877941e+00
3.116780971430879177e+00
4.027874626403079361e+00
4.017441737581835426e+00
3.491617914943875522e+00
3.556310465443448088e+00
3.131034705243835425e+00
3.471599339690929487e+00
4.753168532243178923e+00
4.485060166647379276e+00
4.058217897869581314e+00
3.947335287456676500e+00
4.936558478348071155e+00
4.734314905330251122e+00
4.690977588522192931e+00
4.401863039239842124e+00
