3.517544549766760564e+00
9.479486971541893903e-01
1.067705418912032744e+00
1.332288538263729061e+00
4.633670655978730402e+00
6.604939797036889493e-01
2.417947208337088760e+00
3.370282894935880957e+00
9.923525025936147381e-01
8.995858839511619021e-01
2.009625603755066159e+00
2.254790324856313699e+00
2.644926204862921182e+00
2.069475333094238589e+00
1.559034544349164442e+00
4.052575492637652488e+00
1.841605935824959239e+00
2.826678896701698029e+00
4.209282781482083458e+00
1.303127736030203820e+00
1.265364322165026811e+00
3.472279946481170221e+00
2.216715882585896580e+00
2.143976770013032329e+00
2.862956092386867990e+00
2.985223597910808824e+00
4.376327204048918951e+00
3.611548144730756249e+00
1.499804517529423897e+00
3.385405876573185591e+00
2.077619526595058108e+00
2.862742759962925820e+00
2.227810738062027340e+00
2.484431712492102040e+00
8.204464389573521421e-01
2.442837198335825910e+00
1.887713686099658172e+00
6.647387551911472237e-01
5.708896064874903198e-01
5.926718949028423333e-01
6.216290864495450652e-01
