7.350370124907759095e-01
3.487970530953917958e+00
2.701148592503508805e+00
9.628680021935712707e-01
1.118362978758771442e+00
9.200670260046013293e-01
1.530992368536031156e+00
5.326935420279139244e+00
1.160531142564727558e+00
2.670085944042641213e+00
1.033342780718089271e+00
2.199371959795874076e+00
5.642572725283389268e+00
7.494505003657929709e-01
1.789314741008011689e+00
1.683667113242086844e+00
1.343132254079778098e+00
4.049389148811578742e+00
7.018781714915338199e+00
1.023409489507265180e+00
2.981953004622650116e+00
3.273856025356424837e+00
1.741257632168309977e+00
2.526220560606097010e+00
3.448162494042208870e+00
4.404598575800735105e+00
7.884770589814333874e+00
1.953376435000073075e+00
2.474638532066094410e+00
1.557941755980287502e+00
2.182670983986553903e+00
2.251619682925438237e+00
4.805668266219837115e+00
1.192269320003563227e+00
1.295683341558543589e+00
1.379991472542816400e+00
2.973652365885985027e+00
7.780560213813491055e-01
6.639892536308211746e-01
5.133024836613580000e-01
1.152735307850942803e+00
