-3.569877123141337472e-16
5.562159555496101193e-01
7.682066273340588669e-01
0.000000000000000000e+00
9.652749616155054113e-01
1.036266076500117483e+00
9.985341912778813445e-01
1.147090740359711036e+00
1.537137190785028640e+00
1.366067706171746998e+00
1.303382490517200676e+00
1.385545259531494100e+00
1.628894674968959455e+00
2.142024145230823073e+00
1.799811983398239779e+00
1.720467640542632681e+00
1.703549641635637935e+00
1.770998796089280569e+00
2.105236943819616791e+00
2.263625225905744109e+00
2.308161392704323411e+00
2.130299899106490535e+00
2.034298586056530134e+00
1.949515292740888528e+00
2.165100856391924289e+00
2.370857347540269000e+00
2.308141127288066308e+00
2.716869736331633423e+00
2.707569975504828363e+00
2.475739929767802217e+00
2.527562143465483580e+00
2.318316017684410646e+00
2.497265284429441401e+00
3.143004246871769158e+00
2.991200460364020319e+00
2.703964260875062031e+00
2.656978404361654889e+00
3.443804175360332120e+00
3.237964455741880965e+00
3.197636991151002750e+00
2.917628626024451499e+00
