-4.169064743415837514e-16
3.814556836567797871e-01
5.655809155121165333e-01
-2.497763536740378755e-16
6.200766345044216310e-01
7.050966242597358491e-01
7.206907498860272154e-01
8.039340494337251508e-01
1.016288257200300471e+00
9.542079867659071235e-01
9.946829102303088588e-01
9.694682642491293523e-01
1.168868749547267161e+00
1.516685971748045869e+00
1.434403058025951250e+00
1.332933325101423261e+00
1.273381557029065858e+00
1.290608227956656862e+00
1.619973906932220542e+00
1.887528872959464366e+00
2.049479565047135576e+00
1.843017306584070703e+00
1.656660018628639763e+00
1.483703389744457146e+00
1.715522063327908686e+00
1.992097033620422675e+00
1.893161514908515475e+00
2.481135596089329987e+00
2.528345143656938632e+00
2.244258143968369978e+00
2.274991274499956084e+00
1.973419014931505400e+00
2.197468018907950071e+00
3.007206143031409429e+00
2.880697053856800860e+00
2.568735601683531211e+00
2.498037920693240377e+00
3.390625077765853757e+00
3.155281353741185235e+00
3.109612530414785692e+00
2.848645035117981728e+00
