-3.028833613062057374e-16
2.178134905894281992e-01
4.520162127020550535e-01
0.000000000000000000e+00
7.259563097236637619e-01
6.595202821839377672e-01
6.525760326159566471e-01
7.924926923384235655e-01
1.265335165245450311e+00
1.054673682804987411e+00
9.061931517670535063e-01
8.967675967435289053e-01
1.038084619579829670e+00
1.784354270123569508e+00
1.555728052972316755e+00
1.252680693853368110e+00
1.081279014555556195e+00
1.111273265528149645e+00
1.384396085673877952e+00
2.029178523246105037e+00
1.969188390381558351e+00
1.730213007372051415e+00
1.376499647381300040e+00
1.241883118683502429e+00
1.456957707247905853e+00
1.757856727694196319e+00
1.665557938307492769e+00
2.301028608266042497e+00
2.266882000474149450e+00
2.042805898418602606e+00
2.039419655351762284e+00
1.733580733327594103e+00
1.967797965705092356e+00
2.689058969999907234e+00
2.531810216465362195e+00
2.269299942305353923e+00
2.203723871667185641e+00
2.961738366059567973e+00
2.761370016407156402e+00
2.724518609361472166e+00
2.482569099334502649e+00
