2.040368283676305072e+00
1.368172198963203412e+00
3.052527133336313980e+00
1.997616260601205784e+00
1.826423397963805817e+00
1.552047642546937833e+00
4.430688518296482137e+00
2.317493711374284171e+00
1.440368896212304461e+00
1.065824237854157142e+00
1.242582739632629885e+00
4.404646346956440084e+00
7.026815650612316944e+00
1.384087938658244310e+00
1.331700006086688148e+00
8.324638864534713578e-01
3.047560048388748832e+00
6.908381152287558891e+00
1.052343881391004388e+01
1.205827752178951995e+00
8.790694418322680947e-01
1.009058265227862350e+00
2.849918580913614274e+00
6.345471522309645174e+00
8.001081161174351308e+00
9.608451268050851368e+00
9.636591890307061092e+00
1.044574908450503159e+00
8.687462544732250658e-01
4.204942769051851492e+00
7.918089980834915664e+00
5.950295012565807617e+00
4.646126006606458247e+00
1.761983141534974484e+00
1.282331404543164188e+00
4.680401775859494684e+00
2.201406777735355647e+00
9.545019988882568196e-01
5.156606103422052279e-01
3.037472140108638530e-01
9.622592196792953967e-01
