2.077478697670557484e+00
1.092022105460585646e+00
4.398681146798618435e+00
2.342486048520331376e+00
1.453689487844519901e+00
1.902081636698599532e+00
2.683888809485578619e+00
2.462368759635590987e+00
1.488376632510568953e+00
1.210611366932638822e+00
2.434373202121416391e+00
3.129240238873618019e+00
4.386098903393187420e+00
1.350077088294275418e+00
8.172263486037660840e-01
2.126984801460045649e+00
2.957709121169784350e+00
3.924459878320698980e+00
5.894647909472837455e+00
9.363201126139307773e-01
2.699853140181797784e+00
2.831670872120332305e+00
3.143072058175061301e+00
3.605442992626779475e+00
4.116329173537529584e+00
4.335012957815025381e+00
5.603003561275690991e+00
2.059142616595538211e+00
2.911996834600294459e+00
2.560393749088491600e+00
2.446591728691922540e+00
3.473263016518403301e+00
2.533628269020812063e+00
1.556079333644896812e+00
7.489829129623915005e-01
1.840872361033280225e+00
1.485854490237020986e+00
1.363990215260409755e+00
3.058098188635207659e-01
4.991877810966210416e-01
5.652460360737506795e-01
