-3.030826404839789394e-16
4.448129158110359915e-01
6.963824607693835933e-01
0.000000000000000000e+00
7.899344813164798085e-01
8.611081283729028479e-01
9.295216845037451714e-01
1.294922203832087559e+00
1.320307341007615376e+00
1.201631081959026792e+00
1.241652090313939638e+00
1.493919027432785818e+00
1.759285896370808233e+00
1.996868551567887451e+00
1.699238895313798681e+00
1.558241200791649073e+00
1.667988843597897120e+00
1.830243372974116989e+00
2.123062201261068260e+00
2.261570939848145834e+00
2.443570008030059082e+00
2.024190832280431174e+00
1.925481898578714768e+00
1.936771126555832501e+00
2.146517555653860931e+00
2.449860093821468077e+00
2.370134061116845992e+00
3.190196412703747431e+00
3.275504309470803399e+00
2.682944913732610015e+00
2.800712984932327565e+00
2.312443770864478942e+00
2.720924145510297709e+00
3.964989210582394730e+00
3.677559114043843724e+00
3.303256758012691918e+00
3.220230831895928070e+00
4.289325216633798732e+00
3.979197644985251525e+00
3.875963771216778930e+00
3.602939551723111311e+00
