-7.344294901239208557e-16
5.836899432486289951e-01
7.593920967019490709e-01
0.000000000000000000e+00
8.615113228774371468e-01
9.264103692947723845e-01
9.636857365259661190e-01
1.114175083757718898e+00
1.556571821595711835e+00
1.232858545914295556e+00
1.155908919986713634e+00
1.337865907026217993e+00
1.499783527726524346e+00
1.870700610868645253e+00
1.633569068685844172e+00
1.556888344129784940e+00
1.513399006548214132e+00
1.564594142327431658e+00
1.715205303529697245e+00
1.901591148528254172e+00
1.880272432406524086e+00
1.720256425696546687e+00
1.663872457720524611e+00
1.640643764639008628e+00
1.735405232565165656e+00
1.877047719262942227e+00
1.835075279021363359e+00
2.421723697661860797e+00
2.476840770531134606e+00
1.996921191497052606e+00
2.069614951481203224e+00
1.817631736553162902e+00
2.019046621726890756e+00
3.145975914127160156e+00
2.937473794916052316e+00
2.503946810775329102e+00
2.402797633479135442e+00
3.424248268601508549e+00
3.193217129833173740e+00
3.133513379800091592e+00
2.868274197641210499e+00
