-0.000000000000000000e+00
2.926079124954032440e-01
4.658293448946562720e-01
0.000000000000000000e+00
5.188383742313322777e-01
6.088384755217554067e-01
6.661615329732247792e-01
8.218011201141347533e-01
9.328075423039104974e-01
8.370775520581820173e-01
8.811567377979611093e-01
1.000449707379035491e+00
1.208140796865409428e+00
1.586742319248451105e+00
1.157614662528926974e+00
1.024364900006186740e+00
1.078488326011912912e+00
1.242341862773151062e+00
1.493270189833697081e+00
1.872915881458594223e+00
1.825367693842135042e+00
1.342910570381078417e+00
1.248256276590841152e+00
1.300954322045219325e+00
1.490985631814853996e+00
1.794760427666693081e+00
1.725587605186171825e+00
2.564681120487762200e+00
2.505098431452456254e+00
2.019511686041553400e+00
2.129330272325110851e+00
1.634509558400099261e+00
2.069854180017719703e+00
3.215708285296248192e+00
2.875930859195690026e+00
2.501542133168580317e+00
2.418889928640314047e+00
3.512825116144943305e+00
3.190757906193896432e+00
3.098802359812162788e+00
2.791416393179398270e+00
