4.007879081210367289e+00
1.055668754257206521e+00
2.484106493358314793e+00
1.426978390434135990e+00
1.805713750309111187e+00
1.828134753060626672e+00
2.498414817690631118e+00
5.108311076477145107e+00
1.018890338550947350e+00
1.909342138732026628e+00
9.930055406223625702e-01
2.737674070926357839e+00
6.408655317955699537e+00
9.521670350516893144e-01
2.122514240979291866e+00
1.355672747103236819e+00
1.540851338337657861e+00
4.751016419228387022e+00
9.231408549299459310e+00
9.660389682438336179e-01
2.562011440890441527e+00
1.556722207294781501e+00
1.577546537605759136e+00
3.095585037592525790e+00
4.541516217050248549e+00
6.628272244133545321e+00
1.031467879853725655e+01
2.150952971787966739e+00
9.570876291638072964e-01
1.615885380326077314e+00
4.124257835239885317e+00
2.631748233309737728e+00
5.042883783914871465e+00
1.606236881183965792e+00
1.517436680297080009e+00
4.178464859965569822e+00
1.934113414910292983e+00
4.288025598810676353e-01
8.377124763647092465e-01
1.600177387119013361e-01
8.348603367283462529e-01
