-0.000000000000000000e+00
4.769859085302802226e-01
7.022279402472874077e-01
0.000000000000000000e+00
9.266039234656693324e-01
1.031730511838316211e+00
9.578260686301905968e-01
1.075426341425652632e+00
1.583017758180015555e+00
1.481573963390143467e+00
1.385967273103074771e+00
1.304790576549906600e+00
1.430162837737056991e+00
1.887683581213992046e+00
1.689351216525556643e+00
1.566198022323053163e+00
1.494679548015796611e+00
1.525786191471473652e+00
1.840144869939037697e+00
1.997508464545495466e+00
2.035461940408964665e+00
1.737545303826812493e+00
1.630498617773870063e+00
1.631726081388663374e+00
1.874227713402060624e+00
2.253266885138106357e+00
2.161689106319254705e+00
2.764165808095166099e+00
2.767362632147084334e+00
2.485453639763181233e+00
2.581555408292664389e+00
2.096585980174930253e+00
2.531935998801869481e+00
3.307765335963559039e+00
3.028346074311265568e+00
2.783428022059836859e+00
2.738431251409688016e+00
3.510743595897941827e+00
3.244491368271433362e+00
3.194687537495710217e+00
2.969964471706771025e+00
