2.089223403044973004e+00
1.603786242684918317e+00
3.602984248952008972e+00
1.888306961458735334e+00
1.747688764889297364e+00
1.624827204822090199e+00
1.612804114155689916e+00
4.315077795879075140e+00
7.439884051876669568e-01
2.231871828444466299e+00
1.438110368234264635e+00
3.350424363283284634e+00
5.291650296378906049e+00
9.546862467960899323e-01
1.314621360858494903e+00
2.075031375631922970e+00
2.194006345838971583e+00
4.726604942539419874e+00
7.787417085034412878e+00
1.820158931802206448e+00
1.900912528259709910e+00
1.568714231988887819e+00
2.396143914313800583e+00
3.804035011836072844e+00
5.044373297064688622e+00
5.587064039466320686e+00
7.332504270267965474e+00
1.734708529644811703e+00
3.338035008771991663e+00
2.825736411004103665e+00
3.407413669157887348e+00
3.540237797914890461e+00
2.882864296806474602e+00
7.700289564342733817e-01
8.964075693061888117e-01
2.718971817996349571e+00
1.025313631278077509e+00
9.984110562937495992e-01
1.096758357669863182e+00
2.760064450869287311e-01
5.378012307735796638e-01
