-4.073284377159518458e-16
3.553183392233911775e-01
4.696858812084626078e-01
0.000000000000000000e+00
7.377489716054468349e-01
6.905616006877663970e-01
7.381503825466405599e-01
8.989167991526907375e-01
1.278614114119400069e+00
9.567667151977248263e-01
9.036444673827161989e-01
1.027802793041862728e+00
1.226033201371532710e+00
2.129013899163792800e+00
1.712070474171621726e+00
1.270891680068160889e+00
1.218905220699777248e+00
1.346721215708427621e+00
1.812421805060018265e+00
2.288878908860703998e+00
2.520316259944958226e+00
1.903728322231179160e+00
1.621839311810046480e+00
1.536098080822420719e+00
1.909728675284706023e+00
2.424094467703030276e+00
2.276523719376924326e+00
3.083983502669211951e+00
3.220666404718472986e+00
2.803458109036207180e+00
2.898447373154056983e+00
2.291046122076535241e+00
2.808240395423971414e+00
3.890402875108401215e+00
3.659312307897915062e+00
3.270318966382955939e+00
3.199621532288072334e+00
4.373879081557787707e+00
3.989806289178583931e+00
3.919888029951245301e+00
3.600701878649504195e+00
