2.782438318049825110e+00
2.269342698126560531e+00
8.651939862546847992e-01
1.163422735298128119e+00
2.008599727604515994e+00
7.238375086252220036e-01
2.473520308913904842e+00
2.864234714212912092e+00
9.481785270816287525e-01
3.945082890030373157e+00
9.946687958717009836e-01
2.657299392684701278e+00
5.003793360068977236e+00
1.829952306686642105e+00
9.803436946991075374e-01
9.004067463535406768e-01
1.516991792040095044e+00
4.189137396643078937e+00
7.563233758850563149e+00
2.888015391572970270e+00
1.033881641860671552e+00
1.450102198490107241e+00
1.976217516531233231e+00
3.295137729589090902e+00
4.432252074733834313e+00
5.728111556936407389e+00
7.467064668600230881e+00
4.557624572084000292e+00
1.570961808461654341e+00
2.567327389634176615e+00
3.958511401203533175e+00
3.143328109915386026e+00
3.748426418137708271e+00
1.561120416219760498e+00
7.321836709319899938e-01
2.242002614543425310e+00
2.111628731389461056e+00
7.015414888204705157e-01
1.418310688214853732e+00
5.788376084341378958e-01
5.606135862896127753e-01
