1.017402732487678660e-16
2.799478527665379968e-01
6.673195081195422151e-01
2.696276996949763554e-16
6.046891693740747975e-01
6.833118993752548276e-01
9.941501808271833163e-01
1.303575150154472118e+00
1.066841352747533112e+00
9.602333017421317285e-01
1.151607435863774009e+00
1.389689311307859443e+00
1.616225062478094943e+00
1.637753035609590180e+00
1.504567418129555190e+00
1.411857203660231042e+00
1.509970355896643079e+00
1.649359287293445497e+00
1.865660710385050214e+00
2.033937264426630698e+00
2.164707980709855040e+00
1.883533948714220863e+00
1.758395847108723986e+00
1.734408843614129170e+00
1.891956799122795463e+00
2.106906853814339620e+00
2.045805210919496187e+00
2.740592363842107027e+00
2.736147066236989556e+00
2.298287548837892214e+00
2.368227907966913293e+00
2.033663576067181733e+00
2.302151623071124309e+00
3.624879280400930881e+00
3.290808828461512903e+00
2.817972096113560365e+00
2.733256517252939055e+00
3.918668131260868659e+00
3.627045956801822957e+00
3.521449343484740258e+00
3.198726397940137467e+00
