2.903568688501498407e+00
1.143967122210903353e+00
3.323142256585839949e+00
1.596693359591994765e+00
1.589189051005658104e+00
8.025671745785729616e-01
4.076553958583249759e+00
1.916028384172319132e+00
1.394619886230615002e-01
3.214285683817029948e+00
1.967192746908047907e+00
2.887917542813927874e+00
3.892372561223183869e+00
8.430543635327815144e-01
1.541646168011651330e+00
1.650194196314133110e+00
2.372117892227320723e+00
3.814806974098090997e+00
5.381067759215739876e+00
1.340197222599051496e+00
1.624696067420996481e+00
3.036629793092865182e+00
3.202449187607650849e+00
3.466749200524831931e+00
4.209858079967411015e+00
4.250087017783729770e+00
4.727358045305153134e+00
1.503591160767992152e+00
1.918865139209466220e+00
5.092227778071016786e+00
3.245205547739939078e+00
4.454067938581545150e+00
2.093749950146432504e+00
7.984169424850835473e-01
1.719968496090611421e+00
3.196641495880184536e+00
1.134385572611682713e+00
9.325734925474594705e-01
3.252236450852434291e-01
6.910883367929868126e-02
6.227357450023152108e-01
