5.498528304060583682e-01
2.495283258918653768e+00
3.593222074825433765e+00
2.206804783727209340e+00
7.680870413453110279e-01
2.922920755485408417e+00
7.287173606055192820e-01
1.577167791154542531e+00
1.564227796910088175e+00
2.542107219900623605e+00
2.239998225506298457e+00
1.652780945955401259e+00
2.990247784153355681e+00
1.395909886537942235e+00
9.213577152866145870e-01
2.737361678587880043e+00
2.272790775382780293e+00
2.175270990918218850e+00
3.808394064296433346e+00
1.430776140201915014e+00
1.946015693168526406e+00
3.751349189427521491e+00
3.246419861989729760e+00
2.343100736116003002e+00
2.988896421710326212e+00
3.597732241773193174e+00
3.755143365174547831e+00
4.115780893094286519e+00
2.246291921301958538e+00
2.093044318632141909e+00
2.615268092395743427e+00
3.232360731180036417e+00
2.399481358356417626e+00
6.951731066525700387e-01
1.104830708084858282e+00
1.677993177958579052e+00
2.344007458792330301e+00
8.680076240735290494e-01
1.161893725939364019e+00
4.971824015299656230e-01
7.319262148898008080e-01
