2.451519351543546499e+00
2.939958896775153541e+00
1.002821945064543252e+00
9.044689369153539049e-01
1.144847210058142162e+00
1.183741990406694145e+00
2.881385817732511345e+00
3.338794796958532540e+00
1.406066166311133347e+00
1.390156328102464922e+00
2.800144264591578391e+00
4.567686027805143212e+00
5.263423267975040787e+00
1.139694076480714857e+00
1.478404014543506007e+00
1.284999078798343186e+00
2.582131950808244536e+00
5.534666527526113100e+00
1.015998285365222920e+01
1.453903232732241424e+00
1.504777953524775613e+00
1.604009656430345432e+00
2.218431665766650962e+00
4.065015430258093865e+00
5.488905217934215486e+00
7.080430881576860180e+00
1.194353064128690001e+01
1.448025390638761456e+00
3.675588971646761571e+00
1.750766582632445001e+00
3.510418773309694540e+00
3.074029025860570030e+00
5.596299061956929499e+00
9.879060341712833093e-01
8.780668214391319504e-01
2.302510630544423620e+00
2.179599146178006652e+00
9.723744230338828842e-01
7.159120575810026255e-01
1.001037000083071060e+00
5.500984008565658057e-01
