-0.000000000000000000e+00
3.740988332888511292e-01
6.883882757858151846e-01
0.000000000000000000e+00
6.404275119235461888e-01
7.556085504919342055e-01
8.303135491065248841e-01
9.995809961649528841e-01
1.360715234482529512e+00
1.122871500802562483e+00
1.030955803924384462e+00
1.120423570029727145e+00
1.366919481374935463e+00
1.834364259637870198e+00
1.583295977181391478e+00
1.446446122211085594e+00
1.340189541837167653e+00
1.442766389533557625e+00
1.776938631934190216e+00
2.016366897674576553e+00
2.081770691326529032e+00
1.814564650542191293e+00
1.649368239339620734e+00
1.585025765046886637e+00
1.822298610247093276e+00
2.131135076531240902e+00
2.048973883089910242e+00
2.660145543967526560e+00
2.641545686739998455e+00
2.330884470602021530e+00
2.403953941697118069e+00
2.030975336145655508e+00
2.353278653364507811e+00
3.210933911169558286e+00
2.960085083759312230e+00
2.647720122977613499e+00
2.588726308599416992e+00
3.569985269556618768e+00
3.277907501310809213e+00
3.220435131332196832e+00
2.879716670245973109e+00
