1.710717130615046822e+00
2.763752452260318293e+00
1.061485828499838080e+00
1.532558299955250058e+00
3.607002390763210387e-01
4.245996488900556365e+00
1.834813054579115921e+00
3.097172953464840450e+00
1.373918248543855691e+00
1.368910451001623896e+00
1.633665024422663148e+00
3.847416891964447139e+00
6.027669848571031608e+00
7.580895416088625494e-01
1.755712466735678490e+00
1.380309521745841872e+00
2.843975965696073249e+00
5.474356401699112418e+00
1.068695373338675658e+01
1.773867177574446119e+00
2.219035620877158443e+00
1.200426117235315004e+00
1.871207098021290482e+00
4.564525555308446947e+00
5.893733746904945114e+00
8.471810961171909682e+00
1.293030381012589380e+01
1.208588688393900545e+00
2.023297904735705810e+00
1.170461897033157728e+00
4.649226728805063935e+00
2.872968626895278543e+00
7.699226745587352205e+00
1.439999495327716872e+00
8.173284403680557419e-01
3.369890821852396634e+00
3.940306424395923379e+00
1.050627842109114862e+00
1.123265005053263543e+00
6.181513799093211192e-01
8.742896060680348524e-01
