1.628523027162917350e-16
4.690332212583988025e-01
1.058552072622494844e+00
0.000000000000000000e+00
1.036999868955793325e+00
1.189949110630317497e+00
1.446473255308526662e+00
1.755646198805331792e+00
1.897895542588876827e+00
1.768423627816998911e+00
1.820329741464219664e+00
1.880413665771322185e+00
1.975119040386244196e+00
2.354708621096183840e+00
2.081013378817779813e+00
1.982226969496476698e+00
1.973249161990651812e+00
2.002714757690450487e+00
2.084839161395457552e+00
2.485630183742625565e+00
2.309995163428976817e+00
2.098168521586961877e+00
2.046303341740926207e+00
2.038409083158822632e+00
2.093566865253798426e+00
2.196711436820772523e+00
2.166959677887968283e+00
3.040783055647295896e+00
3.015607390853304093e+00
2.320480033202221737e+00
2.366930250296425786e+00
2.148541473662854973e+00
2.316639849597833312e+00
3.684859388348035392e+00
3.483475208843325621e+00
2.889066130292825108e+00
2.727672835108024163e+00
4.101873483302723500e+00
3.823608573258095333e+00
3.739453319612116022e+00
3.363630706143924787e+00
