2.739008781162373118e+00
1.730621164586064742e+00
1.159653171560220297e+00
1.202958031487145085e+00
2.879156673595528293e+00
7.250571547765478631e-01
4.061616881712181382e+00
3.699951977885335364e+00
2.430170695808604009e+00
9.999094202551582766e-01
1.782135848716628335e+00
4.364344733517901531e+00
7.068074233542023244e+00
1.151653419660379818e+00
6.335914866337318818e-01
8.597584583106229195e-01
2.059968641233929976e+00
6.003511318690838650e+00
1.215175869820117960e+01
3.085066235409509083e+00
1.623660629186229221e+00
1.198908079257301695e+00
1.990135086692065736e+00
3.951241405882112812e+00
5.601123284609892394e+00
8.197137039259638769e+00
1.503497600556639746e+01
1.281187310507050370e+00
1.800632882446486560e+00
1.646756412890337362e+00
4.184270572783186815e+00
2.891501037436233101e+00
7.734302148073765260e+00
1.518231033922733619e+00
1.054063269514166956e+00
3.238472396103533768e+00
4.146095939446324152e+00
7.837510444579154356e-01
1.263547824863794133e+00
1.936144547572598781e-02
1.190209026940178605e+00
