2.167160707398890995e+00
1.836188491120598787e+00
4.496452083554407508e+00
1.379983997129052398e+00
1.560312208049417393e+00
1.001095727114470701e+00
2.443168788455206908e+00
4.502756940951087472e+00
1.814752424725826208e+00
1.162984001697470404e+00
1.553882314130501596e+00
3.173228485969186163e+00
4.482059956076099638e+00
1.021366046576041686e+00
6.375497891224297664e-01
2.268979897050586114e+00
2.879594823634775480e+00
4.315391665015006595e+00
5.448267547714428893e+00
1.966383673668539833e+00
1.559051101121657679e+00
3.011074272667329854e+00
3.292032497546398151e+00
3.424284435378945890e+00
4.041044888803591029e+00
3.537405550141885513e+00
4.198952138444922433e+00
1.268897077438334575e+00
9.983063646578907990e-01
6.187835940189206241e+00
2.511220983123239492e+00
4.392590091253548934e+00
1.626278223359740815e+00
1.093894804928225328e+00
1.288500961438502346e+00
4.710170110516336273e+00
9.607692081788883343e-01
1.470014108078538273e+00
1.866017354250996685e-01
8.242480535322173063e-01
9.698518326018223945e-01
