-0.000000000000000000e+00
5.423184595331895785e-01
8.311939173239288881e-01
0.000000000000000000e+00
8.453696557378312937e-01
9.143202973138556677e-01
1.021058683485041474e+00
1.208675503368640713e+00
1.221430872882524499e+00
1.134485179537926935e+00
1.165941083334683048e+00
1.275857200108740708e+00
1.405073574545246062e+00
1.717512786369433275e+00
1.440172356295790657e+00
1.325065137409359162e+00
1.352722188869238451e+00
1.431738699445559204e+00
1.583243659588858154e+00
1.799860417904446175e+00
1.865480817403071701e+00
1.550834469289555484e+00
1.479044393295992021e+00
1.483348050071202628e+00
1.597869556338252117e+00
1.792953324775325541e+00
1.739982525396423396e+00
2.524947093856899638e+00
2.681297507143204140e+00
2.014480376979156162e+00
2.069915155895001746e+00
1.708068098231066978e+00
1.995227525881005715e+00
3.351879066606478830e+00
3.164204686615775586e+00
2.671614939609525230e+00
2.479705240991380677e+00
3.656455047366504285e+00
3.437589431652500860e+00
3.389514030896538799e+00
3.086710049205866557e+00
