2.662138098545776987e+00
7.836711998567932325e-01
3.119295561278164541e+00
2.331598933854660771e+00
2.180095954705084882e+00
2.145426129358188660e+00
2.805087768618566013e+00
1.963944243895345387e+00
2.066279250347891061e+00
1.247922666822185223e+00
1.331715282511353626e+00
2.312158987365049878e+00
3.640771895726693241e+00
8.680751002970931163e-01
1.582178176309608109e+00
1.753956248251600014e+00
2.535486321533239717e+00
3.363347396257472255e+00
4.454706554848606892e+00
2.311622041787122050e+00
8.313272775316798979e-01
3.286794160153353683e+00
2.871428489052330946e+00
3.009876859705770791e+00
3.623436310970611807e+00
3.527197310942440822e+00
3.909392924918257517e+00
1.927183383891370783e+00
3.680111751085453520e+00
2.923750891273589225e+00
2.241387942566528846e+00
4.183447273480424222e+00
1.869537350969219025e+00
6.782469754379994997e-01
1.903840420538480682e+00
1.393463192729717637e+00
9.796447042669803595e-01
3.219523249922690011e-01
4.947131276554830870e-01
1.268924416319722470e-01
5.484285101857618860e-01
