-0.000000000000000000e+00
4.304417237724231238e-01
7.960141337329438294e-01
0.000000000000000000e+00
8.270856083003463866e-01
9.709897091464094743e-01
1.120381871275863306e+00
1.591708169586687038e+00
1.517858026989995501e+00
1.427332991633027959e+00
1.577019386088554631e+00
1.718813883817736254e+00
1.927668495724373265e+00
2.056647389685152039e+00
1.821743096904370640e+00
1.794061409016925124e+00
1.867708091168319706e+00
1.963236939265673442e+00
2.130354645106441236e+00
2.236309340265430823e+00
2.292506574934042529e+00
2.080050076494558642e+00
2.022906463755155038e+00
2.030236158622074960e+00
2.146842168189958766e+00
2.277087444471375566e+00
2.240078397108970609e+00
2.557199217445807360e+00
2.503657652203978845e+00
2.380132758656679393e+00
2.399384004245254332e+00
2.235940378027688524e+00
2.368822891203259839e+00
2.759101157022644024e+00
2.625219451509956947e+00
2.500668883061115011e+00
2.477092175186703660e+00
3.130259171366637005e+00
2.894695604214084561e+00
2.840327765916273783e+00
2.592170421816865300e+00
