1.534448479775848639e+00
1.775200145675218222e+00
2.008770646118839043e+00
2.272490896438060570e+00
2.556416008263011630e+00
1.347285824957148437e+00
2.232421130854009395e+00
1.850471723461196483e+00
8.003261872043135883e-01
2.012631354869370615e+00
2.115266247707440872e+00
2.541395180393612563e+00
3.095122700524666648e+00
1.169352835534520629e+00
1.856429248184846337e+00
1.894462529357886948e+00
2.706052432485948511e+00
3.355173358042765841e+00
4.421760982465871237e+00
1.200067041604350404e+00
2.074137050241036562e+00
2.799272372106408557e+00
3.325591659770467778e+00
3.490427708838895970e+00
4.021305093382792073e+00
3.982725575693988329e+00
3.922431241627196918e+00
2.357161542692831624e+00
1.429107623143466954e+00
3.943172648347233800e+00
3.079321026887377410e+00
4.632468517869663849e+00
2.153795919549053028e+00
9.877558220612354667e-01
2.186713978501574562e+00
1.695641382570119315e+00
1.289936491053274459e+00
4.217710642382648256e-01
3.783037118035771362e-01
-2.487455978711722027e-01
1.162506189723248484e+00
