-0.000000000000000000e+00
4.412194809577145715e-01
8.321123022676629732e-01
0.000000000000000000e+00
8.457523335110274099e-01
8.908241284496294377e-01
1.021498497699386609e+00
1.193304335391808468e+00
1.407678549614826746e+00
1.271881159130972438e+00
1.190408828889152115e+00
1.264691549554006977e+00
1.420752596278432200e+00
1.862289232649710913e+00
1.636928773082598321e+00
1.507403991073147598e+00
1.398348030807616160e+00
1.456892315205627453e+00
1.629896593119833259e+00
1.965622973303207122e+00
1.929721278667167583e+00
1.741006652786510456e+00
1.596061658267218686e+00
1.539137976151747633e+00
1.661000940169988338e+00
1.814719163517297007e+00
1.765120512695478538e+00
2.234695198798471338e+00
2.265621122273871801e+00
1.959500566879106120e+00
1.987767559641043125e+00
1.779230290945087667e+00
1.938029873131651870e+00
2.757752663714799990e+00
2.626461741543993700e+00
2.259126446075574890e+00
2.172828150353196541e+00
3.093050512376646743e+00
2.849105813060212267e+00
2.806937023163022182e+00
2.580888539930671577e+00
