2.782742192190364928e-16
4.264423386149642226e-01
8.078459730840006348e-01
0.000000000000000000e+00
8.351923114091399647e-01
9.508733507022658626e-01
1.160521269870868899e+00
1.417047767203976516e+00
1.447382277625069991e+00
1.308497330930705083e+00
1.411808634970444176e+00
1.569599216578590362e+00
1.758370747441527993e+00
2.039229145026458134e+00
1.734751688435840489e+00
1.635788693580442210e+00
1.684850797461258987e+00
1.804315201486210940e+00
1.994826548695945778e+00
2.293651024173293695e+00
2.221088574118045944e+00
1.935480527690853103e+00
1.864041158826745592e+00
1.874078846955285593e+00
2.008870584218201749e+00
2.181022905163377157e+00
2.135478551412949066e+00
2.647321861434222434e+00
2.614694531338249472e+00
2.303306738336311277e+00
2.361663701570499097e+00
2.106532810688926727e+00
2.322669754421788912e+00
3.214518486179492651e+00
2.965573408915039622e+00
2.607634260733727061e+00
2.542029343075768999e+00
3.606436160777464206e+00
3.292763174653001723e+00
3.221167984698589670e+00
2.886538094105162600e+00
