1.092286543370192042e+00
3.464716434891946584e+00
1.887985528552285297e+00
1.022915160421967062e+00
1.214746978820813617e+00
1.376297168343182831e+00
1.592499328253032642e+00
3.010701396828473708e+00
1.693728942773014445e+00
1.656497342513844284e+00
2.286423749618329282e+00
2.960211938476427829e+00
4.340129184271626528e+00
1.110221213127592366e+00
1.615840348330651377e+00
1.363528929778489385e+00
3.069700720401424832e+00
4.223438381009673392e+00
6.716141205432155203e+00
1.137895071286398219e+00
1.419469929101264905e+00
2.088035179299463806e+00
3.480049445233101668e+00
4.345448563817523535e+00
5.536076633834291272e+00
6.529609964758607887e+00
6.529412945198348694e+00
2.844193039185867633e+00
8.535696571185512616e-01
3.212548485864196390e+00
5.457488210196133060e+00
5.222707854268112015e+00
3.897289465550745291e+00
1.548308044915959192e+00
1.348238911576314036e+00
2.496298951393588261e+00
2.862680289320429505e+00
6.328569105339536538e-01
3.890445141006403373e-01
1.658533027107675251e+00
5.867471729270821168e-01
