-3.567877396462525224e-16
5.270777338873542384e-01
8.922240525509713693e-01
0.000000000000000000e+00
9.209261558376716783e-01
9.916357685252719101e-01
1.082338533125398072e+00
1.176182379861916205e+00
1.210691380283326790e+00
1.154908946932622360e+00
1.168215551857409107e+00
1.225704598753231789e+00
1.303472488840137222e+00
1.539099112798793412e+00
1.329483294629656864e+00
1.244439276005788519e+00
1.259502878244776136e+00
1.318867079451551128e+00
1.435717798842780946e+00
1.879769767094935151e+00
1.718566715931672872e+00
1.412150939229233071e+00
1.342016598387460791e+00
1.349892897138051939e+00
1.444325228829101526e+00
1.630026264192989238e+00
1.579591442142327828e+00
2.544417599941434904e+00
2.448532591403422831e+00
1.838992500226237725e+00
1.906213222284149911e+00
1.541846340097452250e+00
1.833708838438007360e+00
3.145282798815092207e+00
2.908403935486030267e+00
2.418316908481037864e+00
2.290871269861768589e+00
3.419273320298286123e+00
3.186507417220099114e+00
3.122639099844600974e+00
2.812103239430021162e+00
