1.315109542843582391e+00
3.011736165674173460e+00
2.218187723401561229e+00
1.324289524048149813e+00
1.337378388095525894e+00
1.161504970549500859e+00
1.207719355178001663e+00
3.357264371094483835e+00
1.021519293897936276e+00
2.534424502226198417e+00
2.510437321021198542e+00
2.915899398083495964e+00
3.707676505974120573e+00
1.067313234779290854e+00
1.257106432994272049e+00
2.402076283729158046e+00
2.968545298799711851e+00
3.910855785502723947e+00
6.555822587081527431e+00
1.627241110241076649e+00
2.172471650330311643e+00
1.935878983942502352e+00
3.181692646531481650e+00
3.541154325201282926e+00
4.749095279916604184e+00
5.145988606186188363e+00
7.498099152588117100e+00
1.815488460583804642e+00
3.029691175702921235e+00
2.163509832942720479e+00
2.726669934810914686e+00
3.583372705159883598e+00
4.243702100140908762e+00
1.124789995243654417e+00
6.795455502750394894e-01
1.537266469825532056e+00
2.697691401213596851e+00
6.312421491152175879e-01
2.039038083566994786e+00
2.225696582399408208e-01
1.486919975512872583e+00
