1.243277136026340857e-16
3.738251603759326636e-01
6.892802186668638420e-01
0.000000000000000000e+00
1.104563721301707879e+00
1.135056509068219865e+00
1.163300517438477621e+00
1.531344656532215076e+00
1.928190424390525681e+00
1.793298413210596687e+00
1.791693275542284081e+00
1.743703482957587259e+00
1.904625976861864967e+00
2.291006321938622303e+00
2.132400318186978172e+00
2.017579728567351349e+00
1.971996500203240021e+00
1.978746166226164505e+00
2.191179070132434958e+00
2.408653455901287987e+00
2.500538366568018755e+00
2.192442784976476489e+00
2.098754796969697356e+00
2.071292783086340350e+00
2.215243853798263718e+00
2.481223656321832838e+00
2.412355295625252971e+00
3.041238642978657758e+00
3.247996915054221834e+00
2.667680943645947877e+00
2.810258229056520118e+00
2.353126125024218585e+00
2.741135263854728610e+00
4.099459242395758984e+00
3.772765704981365875e+00
3.300531162038410571e+00
3.203169670440236594e+00
4.624783030272841877e+00
4.178949808538228616e+00
4.053722273916040564e+00
3.679123164152603209e+00
