1.183220112206026409e+00
1.936947630632001927e+00
5.454550531072361430e+00
1.397924264445989939e+00
1.820744063585985062e+00
8.108119853834753199e-01
2.169882974183396929e+00
2.462833272369654214e+00
1.251343316096078073e+00
6.200287923647550548e-01
3.864797682916642163e+00
3.540001954226649872e+00
3.731693771529729364e+00
7.241106519514669548e-01
1.767627610204105082e+00
2.064951063348956506e+00
3.377723677769050248e+00
4.012609032868277303e+00
6.602581901647150531e+00
9.981942444592200037e-01
1.900640912845903641e+00
1.861029791357625252e+00
3.356321984474566644e+00
3.811131924771353763e+00
5.189238054680793688e+00
5.593267146557518998e+00
6.974243963871371577e+00
1.192247173051830034e+00
1.181373552721276976e+00
3.294787107104923951e+00
4.034410247470037625e+00
4.307361106658418315e+00
3.525874610818436228e+00
2.744224618197694809e+00
1.330800483513224108e+00
3.551488482423135640e+00
2.399531211073070658e+00
1.846248662867136792e-01
2.383026133853951012e-01
5.736695807078061593e-01
6.438635985257982197e-01
