2.877742261205217140e-16
3.887100584827818950e-01
6.922618114278018542e-01
0.000000000000000000e+00
6.681776856937267084e-01
7.363352486935019758e-01
8.538006167810875402e-01
1.106273229900261779e+00
1.083192780279961243e+00
1.029581232141358660e+00
1.101100437326256731e+00
1.241149580715710909e+00
1.462850002909644509e+00
1.694525758890347955e+00
1.418839176556690562e+00
1.359367112126473875e+00
1.410033066416125136e+00
1.514559204113092639e+00
1.743632330666581298e+00
2.150732238189128509e+00
2.097266928872218994e+00
1.749162667808594529e+00
1.636492389849768525e+00
1.609578077635895443e+00
1.769037172763468835e+00
1.995015972653781722e+00
1.931436712797335087e+00
2.802868483034818947e+00
2.757724481846425046e+00
2.202161269529935517e+00
2.263793321240823442e+00
1.909029860381057597e+00
2.192696788380083639e+00
3.468971290706766908e+00
3.242404182330448137e+00
2.714468854058535108e+00
2.581786508828580295e+00
3.634047542954233823e+00
3.465519180012105238e+00
3.439899426036824970e+00
3.122953360835434289e+00
