0.000000000000000000e+00
8.379053363000641408e-01
1.197064426385288094e+00
0.000000000000000000e+00
1.396570690003451798e+00
1.444626436256326363e+00
1.495275152546861053e+00
1.661041474108318150e+00
2.090508146454272520e+00
1.844414559485166638e+00
1.739711310270143141e+00
1.820044258160144146e+00
2.158577213425116437e+00
2.780311806196886337e+00
2.421731971841825981e+00
2.144591884632416345e+00
2.023858687005082313e+00
2.246986066529461645e+00
2.723465673888211036e+00
3.022914589670097740e+00
3.165234270462514932e+00
2.763866151942421912e+00
2.460229557268174716e+00
2.421585263510599884e+00
2.773403477792274696e+00
3.183212055727263845e+00
3.078952103231916038e+00
3.599441427723315989e+00
3.684229841219287316e+00
3.401564451538055422e+00
3.486046483917309313e+00
3.053364638267935582e+00
3.434946518207172783e+00
4.233136826197517522e+00
4.003177082305209744e+00
3.712974346406570536e+00
3.659648660520041119e+00
4.495919478486965382e+00
4.235281526348968484e+00
4.188706450562795780e+00
3.943343955007848844e+00
