1.637272437617093290e+00
1.719933359578676102e+00
2.626911476153282354e+00
2.180865637034222981e+00
2.526019410500437434e+00
1.539623995429952430e+00
8.841971664770856831e-01
1.926116444090167468e+00
1.218079218488922200e+00
2.340651841991783666e+00
2.593390347000696039e+00
2.475689865401400791e+00
3.299620009405271670e+00
1.066381649984756264e+00
1.126441202325580093e+00
3.339617975983698805e+00
3.745693954543424908e+00
3.396520948552427033e+00
6.051690320120521882e+00
1.567060940484402254e+00
2.022077021322991719e+00
2.257585584104996101e+00
4.297708837538994686e+00
4.305064603325678974e+00
5.704757520003826521e+00
6.628104227801179249e+00
6.616726490910100900e+00
1.819182053817403055e+00
1.090857229293992425e+00
2.284039820106114060e+00
5.146772719643424310e+00
4.821554856864154637e+00
4.498653337538816466e+00
1.077766173280495510e+00
1.665424339148731558e+00
2.613008788617185107e+00
3.617192928307367161e+00
4.717280880815308830e-01
7.363283011829381275e-01
1.408474158349828642e-01
2.594919936997837517e+00
