2.647262901759710907e+00
1.409272474846658296e+00
3.506783323017617526e+00
1.315638772334212003e+00
1.772179196838217008e+00
2.565443471731882141e+00
2.052820400524264954e+00
2.273210834728204510e+00
8.006772284859193789e-01
1.233712506594998537e+00
3.837067414527988163e+00
2.082094983765733431e+00
3.001619057425204851e+00
7.476680551983405643e-01
1.721745296446734130e+00
2.345610332423533784e+00
2.501584825423376568e+00
2.773389997019570341e+00
4.295580863162829388e+00
1.528800854862407910e+00
1.710802430960087550e+00
2.325752779495156464e+00
2.806495082268273045e+00
2.710712081764548476e+00
3.288713068702767472e+00
2.884610068444311892e+00
3.935620002794230743e+00
1.313158329683976389e+00
4.102115209343583757e+00
4.345124185846502840e+00
1.857538116385255789e+00
3.223405757008341421e+00
1.612784797813934246e+00
7.097993152488152324e-01
6.564515966085854304e-01
2.164479989006557581e+00
1.277369328917384195e+00
7.639708860796230461e-01
1.792799487573102590e+00
5.450082721045043099e-01
7.146446684808247518e-01
