0.000000000000000000e+00
5.670603235563069777e-01
8.780607002598318500e-01
0.000000000000000000e+00
7.596790235435996186e-01
8.949346596573327650e-01
1.079669626387863346e+00
1.280487665735112524e+00
1.247797823231677095e+00
1.194155063278024453e+00
1.330957600235695537e+00
1.451878343625696788e+00
1.595133864219793862e+00
1.801391548431793943e+00
1.635627698926030549e+00
1.572357202882168847e+00
1.582238273971968034e+00
1.642168696665484040e+00
1.772981256331236377e+00
1.954471101913480835e+00
1.922789965152104319e+00
1.778013285659982623e+00
1.715084561684852682e+00
1.702018496457438967e+00
1.789108817786320138e+00
1.895139417012045913e+00
1.863538755283525861e+00
2.253071639849881791e+00
2.218979439087474415e+00
1.986347706434021587e+00
2.013024346476927295e+00
1.859417058914678567e+00
1.981526961077958893e+00
2.700242917717677216e+00
2.534868360663441678e+00
2.196826219291214244e+00
2.139947865670740246e+00
3.013489011216528901e+00
2.771022563632593361e+00
2.724159400950199927e+00
2.469521737956974494e+00
