5.332582912159702400e-16
3.838079807119573195e-01
6.135654854961168914e-01
0.000000000000000000e+00
6.054381085362980919e-01
6.656879034640860171e-01
7.671662091852166077e-01
9.494906633655960659e-01
1.002884502512876530e+00
9.328041009931843375e-01
9.164839762521497235e-01
1.010847705720294920e+00
1.133431600649374538e+00
1.280756997250847240e+00
1.156829353450499420e+00
1.096249181097293413e+00
1.072656574885626490e+00
1.146642663485864189e+00
1.280505382154050631e+00
1.426032345126177381e+00
1.462228000364181657e+00
1.281336982648601408e+00
1.183072031155645742e+00
1.186426524552134820e+00
1.289585060831814900e+00
1.472792895741577901e+00
1.420986130732368125e+00
1.994308602940498165e+00
1.976342565627898340e+00
1.677929635554756604e+00
1.726533667166609831e+00
1.396236614002153820e+00
1.647776893222507200e+00
2.401881592184119452e+00
2.213507424437215043e+00
1.983466925231232914e+00
1.926919597505482695e+00
2.620545827593503407e+00
2.428271665477573116e+00
2.379374455208043582e+00
2.160343700223502417e+00
