2.905698017260067267e+00
1.280471246354366599e+00
3.153322117122883128e+00
1.837715020908812447e+00
1.644968134794235981e+00
1.624046630341308362e+00
2.138611239322126600e+00
4.234033944506960800e+00
1.283853375502216121e+00
2.211890449828648464e+00
1.441688582484182746e+00
3.075805594577542212e+00
5.347600422641503037e+00
9.783766378422732446e-01
1.277295927329581859e+00
1.346623441941070087e+00
1.950234984242444680e+00
4.496345204075265833e+00
6.991375527358200337e+00
3.844031444394818142e-01
4.678655016540425926e+00
2.139840070564774877e+00
2.388357552708403109e+00
3.667938872903982350e+00
4.167358159208762736e+00
4.753355478076292329e+00
6.660046327613716954e+00
1.273451077672424825e+00
1.957349733724130125e+00
2.000676354576887750e+00
2.669909833804691601e+00
3.146955464555787785e+00
3.054110207722311010e+00
1.533005072889076503e+00
1.614602203555783211e+00
1.475352006206585020e+00
1.329596692716115802e+00
6.811335828330077335e-01
5.695957348381258667e-01
1.052369096563190304e-01
4.649069000164738341e-01
