-2.699992434119145660e-16
3.751038957585161038e-01
5.402048570166555486e-01
0.000000000000000000e+00
5.974599248770875448e-01
6.929703232473193308e-01
7.119536893318858528e-01
8.364825690227291055e-01
1.141342572599690630e+00
1.054828585421722087e+00
9.557217765830108291e-01
9.580679184396206916e-01
1.070664949308043568e+00
1.388897650148757767e+00
1.252066268034442542e+00
1.166217974891245790e+00
1.061012265815664657e+00
1.112635708533923351e+00
1.296699600009046938e+00
1.487870723933365724e+00
1.541091506584051141e+00
1.336139837231087535e+00
1.187810582893541911e+00
1.174157985584980635e+00
1.315841422051033494e+00
1.570092404646476814e+00
1.501657312457123306e+00
2.251070731816420700e+00
2.308890024567717969e+00
1.837774907683906056e+00
1.895948158155955854e+00
1.464499156342267794e+00
1.817261752454748303e+00
3.024403072204805198e+00
2.791978822546441918e+00
2.343234668976768020e+00
2.238868495162845029e+00
3.332213776975032626e+00
3.075418273676107539e+00
3.019902425138103919e+00
2.716453593432178959e+00
