-0.000000000000000000e+00
5.386314208221523181e-01
7.424478139787658026e-01
0.000000000000000000e+00
8.696145030937505460e-01
8.904099241249906482e-01
1.053688470713247893e+00
1.351434743939572858e+00
1.515753032067467698e+00
1.185494012770009764e+00
1.247114369053858418e+00
1.493211303673966706e+00
1.657382934911480366e+00
2.027247200883180778e+00
1.671690317795432978e+00
1.574403849429526048e+00
1.604386460618161925e+00
1.697547846822917261e+00
1.849578633614385792e+00
2.146839974207925827e+00
2.047597850683718246e+00
1.806570986105203058e+00
1.752070136557445368e+00
1.756417436142896804e+00
1.863335382257650163e+00
2.043651449869839709e+00
1.993217694982712063e+00
2.878723770018484895e+00
2.911988560980756535e+00
2.203223362884532577e+00
2.308056132290067453e+00
1.956783395674628334e+00
2.236660680306826965e+00
3.876330797963446706e+00
3.612995066124725430e+00
2.933793639491054872e+00
2.762671347404912048e+00
4.193867846757319384e+00
3.932828700141336675e+00
3.869089625273631317e+00
3.507784446048145099e+00
