-0.000000000000000000e+00
5.405625631843108403e-01
9.665225841293167974e-01
0.000000000000000000e+00
1.159947578249173938e+00
1.218760505226418100e+00
1.431160167658909632e+00
1.641870044434800668e+00
1.705719071043057866e+00
1.567205811803535687e+00
1.616702351837236540e+00
1.732365737247133497e+00
1.870490022487792059e+00
2.333513030877966354e+00
1.992646080365509720e+00
1.818344211295831458e+00
1.818148236529634199e+00
1.900388248080546072e+00
2.050694460168439814e+00
2.361845251610464214e+00
2.322136811311902527e+00
2.072873372234849576e+00
1.975962601496139337e+00
1.959892824748722395e+00
2.073184276890384758e+00
2.221814121826127586e+00
2.175757097707479826e+00
2.679008635123429016e+00
2.684009679693379002e+00
2.389446879482226116e+00
2.402143732969926226e+00
2.181249124981622156e+00
2.348309467977179210e+00
3.215271633046596911e+00
3.057054768112921206e+00
2.680175099117092952e+00
2.584786936996138262e+00
3.639411253411768410e+00
3.377632035418623779e+00
3.326908312654242028e+00
3.006734261283137588e+00
