1.480057712438256790e+00
3.157487787562378134e+00
2.478465897672637031e+00
9.448311823201633874e-01
1.037983540197735310e+00
1.048346599972141746e+00
2.547577749692217619e+00
3.304353583778937065e+00
1.977706005365183817e+00
1.429257600794705541e+00
2.141837895401764502e+00
3.345512445360073972e+00
3.806744093257288242e+00
9.176795524466032639e-01
7.483361809303199497e-01
1.945286296784347835e+00
3.121973318029285682e+00
4.066103519599473692e+00
5.310470743454651199e+00
1.498684627737831176e+00
1.974540189440564308e+00
3.515507672426033015e+00
3.556093301248581806e+00
3.566341180169168901e+00
4.094508564252338445e+00
3.774234726822041530e+00
4.877179165210725031e+00
2.670750639179554131e+00
1.756482145506704784e+00
3.361332663196474613e+00
2.044519259848063708e+00
3.778880154280183756e+00
2.224488604776353462e+00
3.172276065855308413e+00
8.512958794532324847e-01
1.077007613681312037e+00
1.041566438110567150e+00
5.328149465829630227e-01
7.457652721958749620e-01
3.921073678534397339e-02
3.726479475030202160e-01
