1.359350766661046970e-16
2.081352573827057462e-01
3.611641909175605791e-01
1.960321977117699083e-16
4.013092342455428230e-01
4.392191724626680616e-01
5.284741935125500945e-01
7.389557726915607638e-01
9.806107115546554009e-01
8.145595637248246312e-01
7.818754436857046075e-01
8.100946463353398963e-01
9.277939146415337124e-01
1.485482655031253429e+00
1.232220272734480204e+00
1.006330344833010315e+00
9.293862493620793641e-01
9.653139731966879911e-01
1.172001119950372372e+00
1.690034205460660077e+00
1.742953262148617677e+00
1.310250974607301888e+00
1.094494866652458320e+00
1.041625560654309890e+00
1.215885460501075821e+00
1.565559687859795934e+00
1.461808020754149284e+00
2.500677389804987438e+00
2.669469403566777199e+00
2.026637382712971114e+00
2.068888605355529986e+00
1.459951992657126496e+00
1.929527705590807329e+00
3.546282773872035943e+00
3.341288238059306082e+00
2.745796065117875884e+00
2.568700022098934888e+00
3.870322721209756178e+00
3.625791934716296794e+00
3.585974342765244849e+00
3.274780020974816352e+00
