-4.530431554914890245e-16
4.568189544203888897e-01
8.884483074567244287e-01
0.000000000000000000e+00
1.064246914564131119e+00
1.133836409782152277e+00
1.170223767076883359e+00
1.360197494289457465e+00
1.850528709894129875e+00
1.683175195981218897e+00
1.559348475498069320e+00
1.546250907945874831e+00
1.785726187584681268e+00
2.339615817838258227e+00
2.031116610198758110e+00
1.905036217000042109e+00
1.836493923253576854e+00
1.878028812886310073e+00
2.153352687503637508e+00
2.486522120236996258e+00
2.423304352989936294e+00
2.160973479569255229e+00
2.056841505564231731e+00
2.014178095606527830e+00
2.196953043717460918e+00
2.408008558341255601e+00
2.345298216505212086e+00
2.918724903130856863e+00
2.832195019030244065e+00
2.558914731062563508e+00
2.605260172366867799e+00
2.344481424895142663e+00
2.561537604156054027e+00
3.296326611715578725e+00
3.092789954376252481e+00
2.822298677853948501e+00
2.766020853013424929e+00
3.609780881550915144e+00
3.338650507677413337e+00
3.288062293403409608e+00
3.042751216378984047e+00
