1.628040797372837911e+00
2.168702612029591137e+00
1.896186332321470713e+00
1.948663360090070684e+00
2.045112694113465857e+00
1.458370650766078080e+00
1.617737219134679716e+00
3.966406710489114307e+00
3.027803912897695238e+00
1.263343109459757141e+00
1.380048995160001013e+00
2.148960751805195191e+00
4.993389157820280921e+00
4.840356951387399520e-01
2.735064913401498377e+00
1.149679679609758587e+00
1.514122736300975047e+00
3.625426146560950080e+00
7.584670953492041789e+00
1.333108676134751036e+00
2.550758879056636452e+00
1.833798690533648301e+00
1.351140254299578070e+00
2.495431843207229772e+00
3.841849011873755604e+00
5.847971449583970305e+00
9.523180733846924539e+00
1.948548821615835536e+00
1.246256422639055117e+00
1.492282435622068970e+00
3.358869051931812066e+00
2.510736319857056476e+00
6.444876352496407002e+00
2.117658896862084639e+00
5.717440383761750455e-01
2.349816593916069341e+00
6.728100433892056920e+00
1.346247805350108129e+00
9.048615811194558045e-01
4.972865362520124122e-01
1.719350241407830771e+00
