2.774892572897392995e+00
1.171471101800473980e+00
2.282004954002337715e+00
1.786850834514091435e+00
1.412747365996291249e+00
1.299160746348253959e+00
6.544414128560814170e+00
3.580390306445576876e+00
1.190223557551116862e+00
1.749069896000086333e+00
8.013877173018196798e-01
2.528214803380868236e+00
9.179843613658489332e+00
7.816006081261606120e-01
1.458204410356147340e+00
1.450636830954407985e+00
1.656064477223658127e+00
4.883556015635549308e+00
1.226905123312053725e+01
2.104755110488577330e+00
2.360555050690420487e+00
1.600341261296996720e+00
1.395459177147378771e+00
2.546320609886926878e+00
4.307527126876582457e+00
7.119194375319828794e+00
1.746864224904302887e+01
9.038733935534821740e-01
1.878906312849670357e+00
1.190478560063888969e+00
3.169146233879461594e+00
1.963086353877362855e+00
1.060603117804657636e+01
1.342311154833137454e+00
1.931302184015104562e+00
2.024710711330539148e+00
5.359126229657054985e+00
4.269503604681338382e-01
4.852688233682291852e-01
2.512072555460103662e-01
6.879434462503721814e-01
