2.581065604640767397e+00
2.044785763229723941e+00
1.605652672307882334e+00
1.768963880957379553e+00
3.282275654443848056e-01
3.583953831075517904e+00
2.109567901814735524e+00
4.194628155152142490e+00
1.839375629619577790e+00
2.096096556110023990e+00
1.357312202853943273e+00
2.064957209561008256e+00
4.037644823240485792e+00
8.831137869472243107e-01
1.512108465460514362e+00
1.642168892726273421e+00
1.680833107064512610e+00
3.241298589645147388e+00
6.025799356765256576e+00
2.616337224722042887e+00
2.592864576706181978e+00
1.757650152066259075e+00
1.715533515401835629e+00
2.288496999464845860e+00
3.184057839698068548e+00
3.779142419970102029e+00
6.828662559744898886e+00
3.140643275291534753e+00
1.156195305527636608e+00
1.675034619955974247e+00
1.953579177156955060e+00
2.055545482284014902e+00
3.391842328001422491e+00
4.423382654032998573e+00
5.783404892405535902e-01
1.129421741522765865e+00
1.669352546771019741e+00
1.481715731346406606e-01
6.116033589809866111e-01
3.586931260554079848e-01
5.569502748312932239e-01
