-2.550654268094656330e-16
3.760005980684171245e-01
6.262831439822312829e-01
0.000000000000000000e+00
5.856634034048517901e-01
6.734143830704195643e-01
7.021139294320329904e-01
8.010147513100683847e-01
1.001535127921762580e+00
9.236065193663925976e-01
8.429582774013352209e-01
8.579507151552688837e-01
1.027738025567567215e+00
1.380682464830539358e+00
1.146599201671890444e+00
1.062087565710766457e+00
1.009963421385741134e+00
1.075477567215567642e+00
1.270926844135157996e+00
1.523156658762093274e+00
1.450149443523535808e+00
1.267939670911351069e+00
1.198152447039393831e+00
1.165809301366731221e+00
1.292837831479615618e+00
1.430148138826050852e+00
1.394350664028142894e+00
1.799331995118433225e+00
1.741133145723064324e+00
1.513215367083391660e+00
1.549648813322805019e+00
1.379446964468000747e+00
1.527228640183487141e+00
2.193663672520323793e+00
1.978847500935106085e+00
1.710100678026489573e+00
1.660447758349749892e+00
2.473534185552300091e+00
2.238647577096410934e+00
2.187314477279556968e+00
1.904858529234141562e+00
