-0.000000000000000000e+00
3.769371281264646267e-01
6.113043682749945695e-01
0.000000000000000000e+00
8.920693568589284084e-01
9.959191658371656652e-01
8.715843055808051298e-01
1.090967595149616720e+00
1.415996926958978275e+00
1.360724177655814771e+00
1.319465962932829139e+00
1.378563845711906266e+00
1.732266645130049465e+00
2.196713699949497389e+00
1.847592016585934527e+00
1.597217506773982887e+00
1.614198137936992072e+00
1.838531158442022306e+00
2.312253025208038881e+00
2.573033380543002124e+00
2.971084796823329821e+00
2.457061919487615764e+00
2.073440852550880287e+00
2.017097713704520956e+00
2.375143014165028710e+00
2.810018864848587761e+00
2.692504798324830695e+00
3.396950939107528100e+00
3.382962101482910544e+00
3.173332793544268338e+00
3.174293485398246073e+00
2.715840912293437270e+00
3.098744128227279404e+00
3.680735956185273938e+00
3.564923973995381967e+00
3.389966844405890800e+00
3.345264214062611430e+00
3.997684328882748162e+00
3.782935180068455860e+00
3.734962380366706025e+00
3.536622424137976672e+00
