1.413349272379041954e+00
2.508127821380670142e+00
1.217717065314854130e+00
2.054425376470984332e+00
1.832569390639186668e+00
1.836953706012282694e+00
1.098259339754678043e+00
1.271255858067068534e+00
1.074111732983264123e+00
2.697809419625367244e+00
2.304624275030098701e+00
1.647569134118971768e+00
1.959925060292494248e+00
3.064754659464248854e-01
2.968518489478802369e+00
2.127163791917776159e+00
1.748902944357543898e+00
2.117426489233892983e+00
3.402504233655078814e+00
1.468864793657683743e+00
2.606870525318689236e+00
2.387688615931934599e+00
1.986454618285108609e+00
2.117452618702943656e+00
2.864821520557541579e+00
3.076620599224769936e+00
3.530052040098653698e+00
1.720731139178380609e+00
2.462325260478623878e+00
2.554770175235109964e+00
2.452526436089902173e+00
2.749659241505374219e+00
1.948048391999101403e+00
9.519004929017452765e-01
1.685244056031365290e+00
2.507168678470586887e+00
1.367327350189482482e+00
6.258566657034125846e-01
7.069415143933223122e-01
1.942248360131431095e-01
9.259273465889144017e-01
