3.526164173749155584e+00
1.029530676223367358e+00
3.177875910990619168e+00
2.101559522224657250e+00
7.375597562801267104e-01
2.678269024389938302e+00
2.140993335946051346e+00
7.824947899108436467e+00
1.146031100011458026e+00
1.749361746205050139e+00
1.288553566339233347e+00
2.980082870413461649e+00
7.254349630887851674e+00
1.654557245115547470e+00
6.817201330215999500e-01
1.339517416944932870e+00
2.596646228762612640e+00
5.800796188943674991e+00
9.417285820813738439e+00
1.110296575997608892e+00
5.271113555645293713e-01
2.608073962401041612e+00
3.423264724700001427e+00
4.581119179680904097e+00
5.990026421816059710e+00
6.279351381861440373e+00
8.652830884289778979e+00
1.376743800492557623e+00
3.086285669578247681e+00
4.964689055996142741e+00
3.538979992312955680e+00
5.443071931630098170e+00
3.786082520753481173e+00
5.818029926158864162e-01
2.076802874704888335e+00
2.043747098194255152e+00
1.337771007157193548e+00
5.451625525994087118e-01
1.973755697450641222e-01
4.151944010308698807e-02
3.250982699444086577e-01
