0.000000000000000000e+00
6.994044113260005080e-01
9.051457715030943874e-01
0.000000000000000000e+00
1.014643730094572982e+00
1.040624412707655155e+00
1.054319010001814716e+00
1.160459022745745417e+00
1.430356929220259588e+00
1.281311549103720804e+00
1.222292706662837958e+00
1.258016155718691298e+00
1.454732266226731241e+00
2.130317192701812967e+00
1.714154602335515420e+00
1.519052258437554093e+00
1.475507884877047982e+00
1.545638213027949792e+00
1.854745896709904640e+00
2.305356137866798605e+00
2.285476161124460059e+00
1.986697669104487307e+00
1.803694170170159872e+00
1.700029027681040139e+00
1.923888331371182314e+00
2.196422249208920263e+00
2.110603823351738573e+00
2.859110985387503412e+00
2.861037160074867636e+00
2.435498720741532619e+00
2.470579189229809014e+00
2.145622905943302960e+00
2.400623081899057709e+00
3.664668896754444294e+00
3.444818560620794390e+00
2.833346030431154183e+00
2.717484149023829065e+00
4.262642091373971098e+00
3.862657577231940476e+00
3.800396609015555871e+00
3.358388172132829030e+00
