2.520005462544315566e+00
1.082258070620926604e+00
3.590416448198627375e+00
2.397547290006485365e+00
9.890087015647908153e-01
1.939412593483111458e+00
2.495653498901557299e+00
5.266510225716253935e+00
8.154729126196199607e-01
3.127199691005975168e+00
7.151679521256159022e-01
2.348052697807041511e+00
8.161921754378504090e+00
1.855760824055084690e+00
1.408078259340189264e+00
9.306399482119822597e-01
1.033716406853593783e+00
4.775628766641532685e+00
1.138968791008018577e+01
1.135880593361567437e+00
2.837296286111228749e+00
1.343051380412223050e+00
1.376136678501982180e+00
2.850463090920453357e+00
4.435013474652960141e+00
7.496869227764962673e+00
1.477613088938242747e+01
2.284727656218917602e+00
1.359570595140188853e+00
1.024777251046417037e+00
3.599766138261339954e+00
2.128350393422829168e+00
9.280001192741060834e+00
2.192022668468738278e+00
5.002874079489073589e-01
2.106643611296760366e+00
5.975707325042578510e+00
1.384165720492970042e+00
6.874829125978003663e-01
9.572444630587171321e-01
8.869537208860333033e-01
