1.512758668234409409e+00
2.536838975220710335e+00
2.738786199566126456e+00
1.475308393197547252e+00
1.929380101934101699e+00
1.620883090158149242e+00
1.486990529588997356e+00
3.704978076067804604e+00
2.015879188384400056e+00
9.787374813935655338e-01
1.614959980167271381e+00
2.864732387773484934e+00
4.919919971759346922e+00
1.507302690916977550e+00
9.279086169429098252e-01
2.031274643146578907e+00
3.609018748852975467e+00
4.123942267219141478e+00
5.867261029663713323e+00
1.241274586227183674e+00
7.837458322031345404e-01
3.669135498941936913e+00
4.713578317208888535e+00
4.178434849867206147e+00
5.196219902200047258e+00
5.642129091725701429e+00
5.139725950019496281e+00
3.358011008250829210e+00
1.036072560027825995e+00
3.615802113893233471e+00
4.420728039732339631e+00
5.917335430588638978e+00
3.354180942978865154e+00
1.307960315437171284e+00
2.184307896799179360e+00
1.594543748535975691e+00
1.990263537817370976e+00
1.063214265530605662e-01
5.326957268617490415e-01
-8.302151968111981528e-02
5.670979623764762501e-01
