1.947089495007576110e+00
5.755176953127648654e-01
8.598779497486422230e+00
1.930026432885555199e+00
1.362604739557720546e+00
1.603433122840205227e+00
1.741484099484488901e+00
3.902604262066347030e+00
1.049127139263945185e+00
1.202240847364697052e+00
1.661083728412513505e+00
4.220044810984807881e+00
7.126800680146431866e+00
7.178019340282072447e-01
1.830393229578950454e+00
1.335504740950310465e+00
2.338227474975552056e+00
5.280475952408168361e+00
1.014641943699976245e+01
1.223874682230403188e+00
2.489596503092616597e+00
1.359844958752517208e+00
2.242616291498795267e+00
3.820801885317452573e+00
5.242520656799797507e+00
7.095231071870100159e+00
1.186044178389902548e+01
1.621029441605266186e+00
2.055678881219038079e+00
1.360273011421335498e+00
3.454954904615074707e+00
2.916386714930113921e+00
6.405620197043988995e+00
2.258105346417048853e+00
5.183986107557886358e-01
1.684692287710471748e+00
3.163614319654471707e+00
6.522480236009141619e-01
1.521203048029987404e+00
3.401976168264222999e-02
2.352147086926331454e+00
