-1.018161766276955268e-16
3.079177657906734811e-01
5.524329718185381211e-01
0.000000000000000000e+00
6.470319322968769438e-01
7.409298783324357318e-01
8.369224286121527134e-01
1.140451943320327510e+00
1.091254437843901748e+00
1.057343346690803543e+00
1.104580389518790673e+00
1.211543384052275352e+00
1.400502003179582511e+00
1.599371133728818561e+00
1.329565879623152425e+00
1.266730574934734621e+00
1.300779317013160741e+00
1.424212741306039032e+00
1.646429692561494962e+00
1.999917531919656488e+00
1.966577686719389595e+00
1.590666899892050345e+00
1.475276292547081480e+00
1.487712150186500937e+00
1.661300793356063732e+00
1.953618409141798740e+00
1.878114707344799239e+00
2.745844750933910117e+00
2.780941593438834847e+00
2.235435844597912780e+00
2.319421772117955083e+00
1.827400363337495337e+00
2.233421727234380150e+00
3.337099587961604996e+00
3.168146102553701215e+00
2.806180475212284975e+00
2.670176327527869375e+00
3.599711158172469894e+00
3.398685140591666265e+00
3.360158854996830424e+00
3.115194179377679617e+00
