2.134567545086380136e+00
1.851284884522414798e+00
3.093182478173135408e+00
1.445134466924964833e+00
2.255393067014100694e+00
1.628730017068511282e+00
1.954822114614675588e+00
2.601882340755538259e+00
1.895850075426775971e+00
6.551609726696955294e-01
2.935260073444278195e+00
3.393075385575509806e+00
4.291306062708024172e+00
1.193409715340117083e+00
8.966056670446073129e-01
1.838940453880339554e+00
3.892521368952063021e+00
4.199965724414192358e+00
6.398820324491160783e+00
1.175456899026908530e+00
1.612350304449228000e+00
2.592314097796139638e+00
3.968581619996340848e+00
4.540495860704101716e+00
5.218469959351549115e+00
5.355764207732703674e+00
5.846705464291686027e+00
5.080407810961022896e-01
4.553613134831505427e+00
3.464424293121102671e+00
3.429969039537364761e+00
5.125032710196700592e+00
2.747420972125457439e+00
7.974506318835997698e-01
8.716748475455557976e-01
1.659552383360274330e+00
1.719934236587440379e+00
8.553271384629057561e-01
4.323979333451963836e-01
1.785704455108002353e+00
2.617205722489233111e-01
