-0.000000000000000000e+00
3.600195095472265572e-01
6.451141691770961861e-01
0.000000000000000000e+00
8.914865059389335267e-01
9.703592005407682963e-01
9.574833287366791845e-01
1.154048564226251683e+00
1.644789125104003880e+00
1.566376136272245922e+00
1.624887663310812469e+00
1.501773226326411637e+00
1.729307217650610129e+00
2.249358444928493572e+00
2.166819802407368378e+00
2.169344715047856198e+00
2.043133259108575572e+00
1.952227537552189585e+00
2.363021856270842491e+00
2.662300107501763158e+00
2.773147691143579063e+00
2.558581084322970156e+00
2.427276986632035616e+00
2.215016504408715114e+00
2.474174157953798581e+00
2.815269375678095543e+00
2.708137930124786763e+00
3.353724753517594692e+00
3.462032410072853672e+00
3.028989343034409476e+00
3.150022185340383807e+00
2.742132631243824115e+00
3.090495653346518434e+00
4.288618581762992932e+00
4.064376617606034081e+00
3.560726665888178211e+00
3.474061358137634503e+00
4.692560636141458019e+00
4.385601109682483845e+00
4.334248602063086153e+00
3.994279699489726276e+00
