-0.000000000000000000e+00
3.710316218676020794e-01
6.529350777417396445e-01
0.000000000000000000e+00
6.549711164644671513e-01
7.218207162325170900e-01
8.074332752618399445e-01
9.617498379819429122e-01
1.311966791767575247e+00
1.151310077931840592e+00
1.044127905641819121e+00
1.061717237215966003e+00
1.267454133110601733e+00
1.916327468790833155e+00
1.544623699129371364e+00
1.350064226104854992e+00
1.266535735996130230e+00
1.323487508389807887e+00
1.570747847171109601e+00
2.004324706997683059e+00
1.962993084496417628e+00
1.614666953411808548e+00
1.474769958468555409e+00
1.431656195245351482e+00
1.605028987664138818e+00
1.845552031040426089e+00
1.780999655009819937e+00
2.319954572321215824e+00
2.317312848186774854e+00
2.058860580389617390e+00
2.086626595160788966e+00
1.768735244905555559e+00
2.038280976020747204e+00
2.627113925819378526e+00
2.505240196886659554e+00
2.317746258694547201e+00
2.260285214851101010e+00
2.869650314351505749e+00
2.684815526687011289e+00
2.645353978317075860e+00
2.473304537609256837e+00
