2.103794081067637656e+00
1.988893496400942595e+00
4.509169303116557614e+00
1.231021333659812367e+00
4.687968580281691167e-01
3.157676588183107480e+00
1.732483119827582962e+00
2.692529115680026397e+00
7.714404546689986875e-01
1.843756564975268297e+00
2.562152200258817292e+00
2.739876968763993226e+00
3.631343861615027535e+00
1.168720199084266387e+00
1.331870241502273178e+00
2.223702320728321524e+00
2.686859620831941520e+00
3.420152468010250857e+00
5.530795591524920951e+00
1.938970049164632226e+00
1.519703400265923765e+00
2.418984810244499073e+00
2.951656703940324977e+00
3.197948256266776923e+00
4.173705115569247504e+00
4.158498620188921358e+00
5.610133865757474858e+00
2.802780225967303362e+00
1.515150509014372426e+00
3.182344522927428088e+00
2.637312439189761548e+00
3.642260147777661050e+00
2.837227652536746358e+00
2.504687464008567677e+00
9.499867076807445576e-01
1.677877939876670998e+00
1.565053912771275035e+00
6.479804017305812458e-01
8.305389838874295272e-01
2.267669405349531098e-01
1.040774383085548704e+00
