1.383726790597348932e+00
1.306504298018706267e+00
2.369111815370144036e+00
3.258723265565067972e+00
1.003600835344014675e+00
4.192497040387570983e+00
2.035589125363573615e+00
2.830779771561170666e+00
1.109123113848516473e+00
9.679058809932350460e-01
1.871459332738170778e+00
3.791362564935853996e+00
3.132897359503326484e+00
9.420272497599713191e-01
1.412294966676516772e+00
2.859795256306754574e+00
4.073958292231393052e+00
3.974220908841513911e+00
5.849929941287459023e+00
1.292981493501159651e+00
2.022604554971962010e+00
2.513493444234514040e+00
3.287431855181195406e+00
3.988653712655306105e+00
4.744277435499578921e+00
4.589307632826050032e+00
5.858559620063622297e+00
2.280441815463535526e+00
2.374854280854839406e+00
2.441508908739808525e+00
2.562938935002569973e+00
3.825943024177509866e+00
2.539220898060731813e+00
1.390639351615930996e+00
5.973273868400542641e-01
2.260887281177873298e+00
1.135482791466989161e+00
1.825698207919829619e+00
4.929562878269702630e-01
1.629852653910327789e-03
2.103270619281295328e+00
