-3.398075530533412957e-16
5.094784901659475951e-01
8.781474732513551151e-01
0.000000000000000000e+00
9.893237578931194376e-01
1.016413935727465967e+00
1.087457510018862594e+00
1.246577203138257373e+00
1.700236015592668348e+00
1.521198800581252897e+00
1.337452091227197215e+00
1.359354598050373619e+00
1.692836753009071993e+00
2.283887472072766212e+00
2.114349453893400899e+00
1.994446850589731701e+00
1.714844700670863809e+00
1.811263108875834416e+00
2.223383146215415440e+00
2.583506176669462029e+00
2.634998932779378578e+00
2.421376641365598825e+00
2.238501142739936167e+00
2.045851611631551048e+00
2.313140502183299585e+00
2.568453210194439507e+00
2.484089018577135821e+00
2.931520983960535176e+00
2.992967161379636032e+00
2.723654547987642172e+00
2.779186358981405203e+00
2.530343972566510224e+00
2.735051872069564016e+00
3.508658554003952101e+00
3.393307265446949827e+00
3.035311073982697394e+00
2.967865108282444986e+00
3.821001133126124660e+00
3.635551366644914406e+00
3.592393641019396178e+00
3.331819841098947244e+00
