1.135985942072115225e-16
3.634289905637665408e-01
6.831834963341707478e-01
0.000000000000000000e+00
1.096569069884344882e+00
1.046914397827365173e+00
1.262879017984717356e+00
1.553524914627150144e+00
1.393024347250122696e+00
1.325554700131846175e+00
1.434033999660262237e+00
1.603575028289233373e+00
1.694094873843814630e+00
1.770833028857177416e+00
1.550793365485050757e+00
1.572189494723677416e+00
1.639829728407607323e+00
1.698333094280900735e+00
1.752552254940342502e+00
2.176752239006531475e+00
1.928143679805560007e+00
1.739346651350109907e+00
1.710264138998947692e+00
1.716088471277244842e+00
1.753814504512824390e+00
1.811726993140470920e+00
1.796162589172615620e+00
2.445668616065389767e+00
2.382360972050299619e+00
1.890388601283899961e+00
1.905737186144653483e+00
1.783916052665652119e+00
1.875827793805334265e+00
3.114564954093950178e+00
2.877239080768642765e+00
2.274923917981598986e+00
2.131853096339952458e+00
3.583080122457140249e+00
3.246353135014937941e+00
3.169865963578169410e+00
2.772548759013606645e+00
