-0.000000000000000000e+00
3.805206262303526543e-01
7.020881937229657144e-01
0.000000000000000000e+00
7.699824809328170705e-01
7.921006332648580228e-01
9.643016903177514809e-01
1.187435415794073634e+00
1.383361914719388741e+00
1.216139785424804387e+00
1.188111007173542344e+00
1.276861895054144824e+00
1.381113519187825878e+00
1.726576222611622136e+00
1.513558323338001443e+00
1.401319513341297673e+00
1.364934130999845285e+00
1.410732988390700715e+00
1.535753855087247599e+00
1.887044693437143650e+00
1.790247579472840300e+00
1.565146481183174787e+00
1.475816171444586988e+00
1.459024539081630323e+00
1.548684932480443033e+00
1.714465592416148487e+00
1.669643853802793343e+00
2.412070361205020053e+00
2.421608412806170563e+00
1.859704284762625726e+00
1.939996344579687726e+00
1.638311458980746149e+00
1.885657216763183319e+00
3.232132716661947125e+00
2.945988690166905233e+00
2.379516928185671620e+00
2.262726024343054920e+00
3.661690837783763808e+00
3.297456079535832529e+00
3.210916028744615236e+00
2.833191969994855786e+00
