7.271650868536260193e-01
4.040459690828130057e+00
9.019525170454414376e-01
9.663478408180817825e-01
7.557076598044052407e-01
1.220055996909029217e+00
1.917038665191523217e+00
2.586050246752716220e+00
1.648276907736742736e+00
2.343659604323745427e+00
2.561832427302565662e+00
3.077498679124945458e+00
3.883504751023794554e+00
6.377206110203196276e-01
1.492177248422178915e+00
1.418824481346236732e+00
2.002090808650868414e+00
3.949725999482033068e+00
6.722847434390212484e+00
8.327929796635120674e-01
4.709567573079246117e+00
1.418162236728871983e+00
2.131827118585607028e+00
3.133732356986418832e+00
3.752741779135755351e+00
4.739500576364258144e+00
7.493778373125431713e+00
1.398108937444097144e+00
2.583590678749419833e+00
1.168763472732195163e+00
2.491981467836859920e+00
2.254288785063646827e+00
3.697549947272606108e+00
1.281323642799330198e+00
1.094763210998486835e+00
1.655638558348559553e+00
1.898419632963402881e+00
1.013638924648652351e+00
8.536552300901930623e-01
1.774314522977425423e-01
1.141581112200419579e+00
