1.620540169882599857e+00
2.139383024368898933e+00
2.250813295543305781e+00
2.009410150008518858e+00
1.081137345703679919e+00
9.416887489614189644e-01
4.232385464955334520e+00
2.630399532871093182e+00
1.668697340393466622e+00
1.802937779983317945e+00
2.622644577117731135e+00
3.296315130594103859e+00
4.153329328016934774e+00
8.451386308496170452e-01
3.985116256577000415e-01
1.880398301657740134e+00
3.262610261198520156e+00
4.234289167567992784e+00
5.616848176487637900e+00
1.186393567163016138e+00
2.959966526550640520e+00
3.448018886497640434e+00
3.696394118998011180e+00
3.902660878369748065e+00
4.182452191148940734e+00
4.092278765662983098e+00
5.113091744051528664e+00
1.994713280879024664e+00
1.703407033265635473e+00
3.701887682070956753e+00
2.408752706923885878e+00
3.897071225688637952e+00
2.275449824062264703e+00
1.984131943995878000e+00
9.031591916652534913e-01
1.913777713906214428e+00
1.554451378003000261e+00
9.464577109038908587e-01
5.864298245884521643e-01
4.418169150550881885e-01
9.321789923081923446e-01
