3.909473132736245628e-16
5.981204841743702483e-01
9.137387774859870859e-01
0.000000000000000000e+00
1.169810338391330085e+00
1.134993622472458386e+00
1.197639007753657392e+00
1.321089945903938911e+00
1.785282846024792702e+00
1.561146167067740453e+00
1.481791850800661114e+00
1.518567429979715389e+00
1.863193680526851415e+00
2.449713729415729624e+00
2.174791216418221040e+00
1.971020667845846619e+00
1.833817123647042413e+00
1.979762983319080183e+00
2.362580434828594367e+00
2.717402608024040767e+00
2.646363996120914219e+00
2.408879467977797617e+00
2.271146350039737527e+00
2.172081701883386895e+00
2.413588208098824239e+00
2.684638666621121939e+00
2.612863230598358566e+00
3.078558619007969899e+00
3.108263755603104972e+00
2.789630333209918600e+00
2.923844125140948602e+00
2.579226561889582214e+00
2.896538360857322747e+00
3.864710491790549707e+00
3.546428254891154541e+00
3.225578657182912590e+00
3.174372965522956669e+00
4.060343792783211114e+00
3.780773040644373140e+00
3.703030290736808894e+00
3.486210210347393090e+00
