3.017011838916878297e+00
1.497630807355092353e+00
1.177063845737259529e+00
1.852202524968898478e+00
9.589088788306536770e-01
5.249569699523914501e+00
1.651236276957154692e+00
2.276543701209639003e+00
2.243843923207230251e+00
1.052356722663051247e+00
1.421535386406918455e+00
1.743967889499461243e+00
2.683251932250565908e+00
1.499982630515744209e+00
1.126939345662617775e+00
2.525592388799632992e+00
2.384218621416097861e+00
2.283690560826255211e+00
3.631157958283618203e+00
1.933985078220233023e+00
2.965120356860746487e+00
3.017226972601108059e+00
2.148199851362110557e+00
2.044274500617204726e+00
2.457841528331424552e+00
2.586713189132803681e+00
3.538996019005927529e+00
2.653377429824026024e+00
1.815742355544360809e+00
2.440892907798498435e+00
1.634623548844136076e+00
2.292128142654199063e+00
1.739149437755810323e+00
2.723912783678628990e+00
4.361227684484493272e-01
1.845265863787390437e+00
1.363322609975777810e+00
1.722749782225196091e-01
1.829291582688542750e+00
9.126384601597943291e-01
9.323526219337472387e-01
