-2.341722710477171827e-16
4.050236674325879416e-01
5.696546235970025851e-01
0.000000000000000000e+00
7.470360248737126785e-01
7.512945711232579260e-01
9.223860556568752589e-01
1.207328009538102487e+00
1.426976757163088250e+00
1.016014724519483936e+00
1.075142373091902970e+00
1.309379677433475164e+00
1.527120779359181224e+00
2.013234957074738318e+00
1.617466526673377647e+00
1.374355129215258930e+00
1.396350817936237609e+00
1.560556968306809678e+00
1.794133723173328976e+00
2.179482001562899729e+00
2.116341526368435755e+00
1.768567272718196026e+00
1.627648164591578350e+00
1.635116273740473192e+00
1.813974174110311921e+00
2.068878851974058630e+00
1.999488583656874319e+00
2.800256628100641798e+00
2.766540430893979163e+00
2.282645276958250591e+00
2.362030596391610615e+00
1.969086389762994660e+00
2.291451023021719546e+00
3.676785396740793743e+00
3.356074352968092978e+00
2.778930398825185666e+00
2.678186263442950299e+00
4.018115039937433686e+00
3.669617835174078024e+00
3.610801728419740453e+00
3.268474376920346369e+00
