-0.000000000000000000e+00
3.642238168922984354e-01
6.982278686121712319e-01
0.000000000000000000e+00
6.899911413453224673e-01
7.475117578513382766e-01
8.597407856928879211e-01
1.007101690842572950e+00
1.230041835494967373e+00
1.128478667616531483e+00
1.072901682121720324e+00
1.094377108046650227e+00
1.352310739346948676e+00
1.735630467034863234e+00
1.614267926459937330e+00
1.488250433593341748e+00
1.346927400745991044e+00
1.423007676332894489e+00
1.825285833514163736e+00
2.086298102330794713e+00
2.307889767863292363e+00
1.943397537594321989e+00
1.688829948093399924e+00
1.591182917031806587e+00
1.894072911102689938e+00
2.324324452704311206e+00
2.204421751266239848e+00
2.860781828146105266e+00
2.937950502799763441e+00
2.627706251622297984e+00
2.718418734975397655e+00
2.206904502966285264e+00
2.638256309988098458e+00
3.541235156158362152e+00
3.277814292826425557e+00
2.988827173704029061e+00
2.943004726978331487e+00
3.937588521293544197e+00
3.619271314586417709e+00
3.543237253498136230e+00
3.212729474133455998e+00
