-0.000000000000000000e+00
4.733571149422032831e-01
8.786846566815217363e-01
0.000000000000000000e+00
8.671670114316392119e-01
9.373265153286114426e-01
1.132283429056496704e+00
1.328933722942420959e+00
1.471214210574984360e+00
1.310523463871065220e+00
1.333596703065435429e+00
1.406282709131670305e+00
1.521486673855057425e+00
1.804800527681285294e+00
1.660478255830798666e+00
1.562722715611067681e+00
1.514048012549942035e+00
1.559964218134105574e+00
1.734172957005336357e+00
1.969955636926371323e+00
2.082065552407676545e+00
1.793272419183095323e+00
1.659123578803529675e+00
1.627783913409192040e+00
1.766206503356231972e+00
2.016049412613652780e+00
1.944976058981889633e+00
2.787344912902459004e+00
2.800418299713536285e+00
2.318884146314210248e+00
2.345643495223480812e+00
1.937267815522877745e+00
2.262312820412236469e+00
3.385615806879177292e+00
3.210023473211072620e+00
2.797583853911443263e+00
2.702280853719759346e+00
3.706324605858644095e+00
3.489045512250624981e+00
3.420866402543608409e+00
3.127675159898731128e+00
