1.181061628481801851e+00
1.980953819000830229e+00
3.637587197806669614e+00
2.457208920551343656e+00
1.151248703392765638e+00
1.495067827498216317e+00
1.610588595117313115e+00
2.156127129076518933e+00
2.279647618331339221e+00
2.416187174441394969e+00
1.942611145079128576e+00
2.538838276168774666e+00
3.866757459693975996e+00
1.248585700729165859e+00
5.323369888699601704e-01
1.974777447044778533e+00
2.329894709116782092e+00
3.331978261315529100e+00
5.161520016284302237e+00
2.180043659287282498e+00
2.262841270448958220e+00
3.098846848013419475e+00
3.169784384452825510e+00
3.170112531308315607e+00
3.931241397196532095e+00
4.660460067782532079e+00
4.839649576433389555e+00
1.949788251921918958e+00
1.715594094048940477e+00
3.190959364844908830e+00
3.593587411124696818e+00
3.974511005250761286e+00
2.803949724166433288e+00
1.390707325507068104e+00
4.713260620884616170e-01
2.559179391774485168e+00
2.951071958159362296e+00
7.940524420894284896e-01
2.043129236555432104e+00
7.832299804465033821e-01
1.790624737691455914e+00
