1.883130867919696305e+00
2.868943919492577432e+00
1.076522136078488012e+00
1.639477742041482555e+00
1.050847266153091875e+00
1.510235717413163092e+00
1.793359823980417600e+00
2.841508615358009138e+00
8.454173684940297084e-01
3.097744060010781730e+00
1.933355001620073566e+00
1.806894575302849804e+00
2.974242327140559805e+00
1.964126355418593706e+00
1.637798614934192321e+00
1.693375466415967034e+00
1.619169424517850064e+00
2.616157744790894135e+00
3.895312461684340199e+00
1.053290634115392477e+00
2.172911258049733618e+00
3.071569430211393836e+00
2.191568687816690009e+00
2.214341364114656763e+00
2.588196362733899747e+00
2.550649392120023062e+00
3.395605315087550036e+00
2.318487789279791489e+00
2.864563412997642722e+00
4.190821926307144452e+00
1.553583447592174371e+00
2.666528044817814802e+00
1.528706208262695876e+00
2.611642658316856380e+00
7.395662687108042199e-01
1.414178641581100848e+00
1.203728932456652689e+00
5.065550602983259765e-01
6.394478126979832311e-01
3.749290225736896520e-01
5.228514198388030110e-01
