2.083157950183685436e+00
1.910634047970153793e+00
1.851382972240052993e+00
1.078224137295525686e+00
3.288015537337013239e+00
1.256570717233611800e+00
2.326202308597931978e+00
2.781846538237301658e+00
1.023987431938736092e+00
1.499625382733372536e+00
1.560020996780778324e+00
2.351714403301451206e+00
3.432062627736446991e+00
1.133514275222641032e+00
2.079807670608672776e+00
2.095474533559387620e+00
1.914783669333712357e+00
3.060781858499068253e+00
4.909112147894548528e+00
3.706338652037974302e-01
5.057334396833345735e+00
2.133680085595229148e+00
1.912814174744920548e+00
2.368982054328285791e+00
2.835728891209281510e+00
3.357844943231777624e+00
5.356244517177559672e+00
1.199293783761761656e+00
1.517543843048973384e+00
1.747208930565009810e+00
1.991288078497176040e+00
2.093855768655779936e+00
3.152618932917476524e+00
1.234676387962560851e+00
1.520024845455560936e+00
1.687367917840250087e+00
2.427617668517076943e+00
9.060079240815374080e-01
4.191575508990326715e-01
3.364142546233623299e-01
2.809682399608568026e+00
