3.541510176720814584e+00
1.934484268454248035e+00
2.346509712955777260e+00
9.773699881515680588e-01
1.370838514361447658e+00
1.450178436147374628e+00
2.704930442106816546e+00
5.966068659092486293e+00
1.337214454487900550e+00
9.495770568468756556e-01
1.954337251041209589e+00
4.320030736567588292e+00
6.800429745151729044e+00
1.101665418277664399e+00
1.006078643405153628e+00
1.380944316127568072e+00
3.462053967582022995e+00
6.355531004689756180e+00
1.122888228577330949e+01
1.496827466603116497e+00
1.012245756309358757e+00
1.881034800495956949e+00
3.244058492539718230e+00
5.141561166943913186e+00
7.041849454053151547e+00
8.737379995077855455e+00
1.298067410560008916e+01
9.063384424606942824e-01
1.561900960261231042e+00
2.788338460923468709e+00
5.255997243359487925e+00
4.774756044831991453e+00
7.479556384676754988e+00
1.054355922725251471e+00
2.604244893811379136e+00
3.028606539477063819e+00
3.426932074296296094e+00
2.095773419783789615e-01
2.122558644305264433e-02
-2.071096673899610607e-01
7.782582857083106820e-01
