2.019786851008264605e+00
2.890741859604605057e+00
2.801840108453264477e+00
1.141310774373091919e+00
5.826199396615723280e-01
2.230197415999378929e+00
9.510839861922337768e-01
2.713424908433172522e+00
9.439262112030795127e-01
3.401780809542459316e+00
1.412697951935943275e+00
1.626605008865420476e+00
3.094970393959274535e+00
1.279113431296673209e+00
1.370762394234618764e+00
2.975096230371074402e+00
1.411906671294615112e+00
2.457378516468570417e+00
3.433604419860739387e+00
1.226271564093659228e+00
2.266019631962059133e+00
5.011191509532493704e+00
2.138460316375903503e+00
1.715593323090590427e+00
2.310953420029963290e+00
2.422941748210922785e+00
3.072280399050610011e+00
1.854391787372144274e+00
2.566627046745490581e+00
3.488974923249413607e+00
1.751798642931542860e+00
2.572965829101608204e+00
1.599959520998550655e+00
7.200256595640517343e-01
2.266192750536236922e+00
1.774648050288663459e+00
9.296192907304237085e-01
4.859340862462327992e-01
2.150669000453904744e-01
-9.895534498985396332e-02
3.965166508942073453e-01
