-0.000000000000000000e+00
2.723412128937628407e-01
4.759857436988036983e-01
0.000000000000000000e+00
5.505406472612961455e-01
5.778881207135461162e-01
6.777552602607899157e-01
8.640223502640977937e-01
1.090098720446419645e+00
9.091599183041918497e-01
9.724076856168709648e-01
1.013615011339892513e+00
1.221420808588536522e+00
1.842041013139328776e+00
1.444133508782347919e+00
1.378483140240349458e+00
1.316986890391167897e+00
1.331789877361515773e+00
1.603484397788274229e+00
2.093284652448430094e+00
1.904815608603688259e+00
1.676844265475322393e+00
1.591387585074708122e+00
1.492089312882684649e+00
1.662628422594461641e+00
1.876567470535838833e+00
1.810988726158144102e+00
2.362156808333111258e+00
2.363038725460077316e+00
1.999449797376670723e+00
2.092351822611533407e+00
1.810967012322855174e+00
2.053842904377425338e+00
3.029827529376799333e+00
2.776332510556032140e+00
2.405972450562439136e+00
2.342309703034901158e+00
3.410940030623184960e+00
3.079449322830313474e+00
3.006708582446979250e+00
2.711727814080103105e+00
