3.132159811137282812e+00
1.725956919670935230e+00
1.162902645580436989e+00
1.437412468578675995e+00
8.284711768894839068e-01
4.276446766111417830e+00
2.108940703724018650e+00
4.793049408153959412e+00
1.306093974934896762e+00
1.252661004137343825e+00
1.953146812700174761e+00
2.343910821902949859e+00
4.250422964794752012e+00
7.409339274000742437e-01
1.666414579045208733e+00
1.699269470649807712e+00
2.335050383781621441e+00
3.571288651172550566e+00
5.823844608267732426e+00
1.262338018810659657e+00
3.680139838401004226e+00
2.251113255818713910e+00
2.267006466553469490e+00
2.928943840916923058e+00
3.397441852255828287e+00
3.515348616940869420e+00
5.943791951487057190e+00
1.588473564986055075e+00
2.132072308518357051e+00
2.597133713189850646e+00
1.658877313916285789e+00
2.665915831706554773e+00
2.854798941806135026e+00
2.621892213486078926e+00
4.862367301201860892e-01
1.086928530632079948e+00
1.924900796234422007e+00
1.132017659856973557e+00
4.697917863832281604e-01
5.448495822805197175e-01
1.455233301475759689e+00
