-0.000000000000000000e+00
5.993082549872165155e-01
9.709235442105547120e-01
0.000000000000000000e+00
9.450958676508850465e-01
1.003442864971052950e+00
1.086727515316090464e+00
1.245847286282338651e+00
1.571134845960865389e+00
1.403488784546207180e+00
1.252561299540016604e+00
1.304206168626935058e+00
1.518759913902760550e+00
1.958198734193998147e+00
1.843467565432236110e+00
1.696558689969204226e+00
1.490292822199207334e+00
1.570072261701515925e+00
1.847396539721527953e+00
2.152997889230338302e+00
2.267088060886641721e+00
2.063463789802177040e+00
1.813354754257663570e+00
1.699514151806286844e+00
1.900382946801914885e+00
2.167192283710214884e+00
2.091489860826929892e+00
2.613469153295266079e+00
2.644370834251613456e+00
2.424522555409736935e+00
2.427488348933834139e+00
2.120284457166089265e+00
2.371472848338706640e+00
3.000863762070283158e+00
2.872683197382616349e+00
2.670106759850569667e+00
2.620935209560093071e+00
3.324909726437562885e+00
3.103686151980813435e+00
3.045958650372123877e+00
2.838949460915435985e+00
