2.235886312070992865e+00
1.954865796811401379e+00
1.154137114551192944e+00
2.219507358577164968e+00
2.016900154170682136e+00
1.884643480728740883e+00
1.699166690047793082e+00
3.132346507793593471e+00
9.053459784086875795e-01
2.093618453913498989e+00
2.079890415633440792e+00
2.224761095672605826e+00
3.491865622251520751e+00
1.439356224103395476e+00
1.516137392627457503e+00
2.478982635878647756e+00
2.142667512170421951e+00
3.137446777073332971e+00
4.965597996367792533e+00
1.534894874817704480e+00
1.559496265649126912e+00
3.207448555875568097e+00
2.466722388406919819e+00
2.733152195367063442e+00
3.374185508488892982e+00
3.664281347003477407e+00
4.855328533344480668e+00
2.710872278692843196e+00
3.413516295823479929e+00
3.026590311162982605e+00
2.206438672803343604e+00
3.291125454189733901e+00
2.590610223509853149e+00
1.229407966715567513e+00
5.933029403881798780e-01
1.024490276165871405e+00
2.122219763690970318e+00
1.268136339756318121e+00
8.608226313271445385e-01
8.525804879319932583e-01
5.654672023738280817e-01
