2.221996675721813667e-16
4.085721873443783903e-01
6.929315779210554194e-01
-2.449050289206869557e-15
4.323778021371239566e-01
5.632161185459063635e-01
7.075439491541846149e-01
7.873713544009445231e-01
7.089036237642778460e-01
6.634863937691961588e-01
7.294007684847035877e-01
7.855528125618581603e-01
8.421341804867163994e-01
1.305342256988480720e+00
9.591570387693650890e-01
8.031906241260302615e-01
8.006817812977526927e-01
8.438154387648452159e-01
9.296711160077509861e-01
1.356448684176823738e+00
1.191661354332593570e+00
9.542285445487446172e-01
8.688286799339032251e-01
8.661244832991871201e-01
9.372927800508065177e-01
1.085294911470555457e+00
1.045119226698830062e+00
1.693119632322696022e+00
1.607430665994273200e+00
1.253328482128118759e+00
1.297323915680322681e+00
1.020961717105405064e+00
1.238509929977057000e+00
2.110089399741620575e+00
1.895006217214154187e+00
1.599856121477797766e+00
1.518553687333699331e+00
2.263088066374258744e+00
2.096160229985267520e+00
2.044892969368733660e+00
1.827639086515026712e+00
