-0.000000000000000000e+00
5.055515380761331778e-01
7.946549368794812995e-01
0.000000000000000000e+00
8.153208713719314327e-01
8.747370088085361095e-01
9.810267893335320455e-01
1.135048736543462944e+00
1.379415291053777359e+00
1.174697501262212951e+00
1.171558969699067365e+00
1.305653313121468040e+00
1.521080503359024227e+00
1.711470218400231946e+00
1.575823727121245188e+00
1.437989099540551985e+00
1.453857883594512179e+00
1.567718555571547823e+00
1.748022399504515878e+00
1.927319490488176523e+00
1.950501653945671432e+00
1.695757363204948742e+00
1.633783133562478840e+00
1.640233389777642881e+00
1.760739125727946108e+00
1.914409836819361832e+00
1.872136243051644833e+00
2.579898762058046913e+00
2.496208582611523674e+00
2.048724940511360337e+00
2.098773900018826577e+00
1.845959874411627011e+00
2.051690595378115045e+00
3.071036022190369419e+00
2.878598210129747592e+00
2.427809854883301366e+00
2.327514950945059002e+00
3.430516544449309091e+00
3.168940214497471430e+00
3.112644785626663690e+00
2.789778286592323298e+00
