1.534909721064981358e+00
2.423631983652130728e+00
1.686439845987391051e+00
1.507723359522749496e+00
2.223756110875156899e+00
1.425113519978799870e+00
1.862888950411796030e+00
2.905211338737038407e+00
2.241259925466017489e+00
1.050332511428082816e+00
2.377663166659999217e+00
3.373897199649972922e+00
3.936259544791748777e+00
1.571058452791653348e+00
1.402220280391264007e+00
1.952601606680187896e+00
3.561277606964140308e+00
4.538266570499976282e+00
7.206574925918088681e+00
9.834130482403029561e-01
1.681510402972086426e+00
2.001914999090604663e+00
3.384580675562983032e+00
4.460773127392162252e+00
5.668841954939241923e+00
5.988657414082367403e+00
7.591556837018044845e+00
9.628298992664922062e-01
4.022673323310208993e+00
2.767778609887790786e+00
3.577203760042414249e+00
4.333945878494343873e+00
3.640736973669628451e+00
6.135134119301244304e-01
1.097457498804987885e+00
2.055704156018678841e+00
1.447420465502347042e+00
7.498623018687452513e-01
7.906626001881176258e-01
1.265719633906989827e+00
2.698315983960977715e-01
