1.373506856129698805e+00
2.345204638879116565e+00
1.466549777775085550e+00
1.180707096800052369e+00
3.367775120388079912e+00
2.245982429288714055e+00
9.106338525337237533e-01
2.209776785503099639e+00
7.654981959042607143e-01
1.323236118312013376e+00
1.738412399065173863e+00
1.940389790274179127e+00
3.041631427794701192e+00
4.642420669034678093e-01
2.843328219808638480e+00
3.355441897964730913e+00
2.131903775871453188e+00
2.828926218935072345e+00
5.150903828462035428e+00
1.502729648460649159e+00
2.724361084086823315e+00
1.822040053912366675e+00
1.940959948783599343e+00
2.580997767112478414e+00
3.634820394453382786e+00
4.214634336643377388e+00
6.136948817029896475e+00
2.083769499420608629e+00
2.345216160907892089e+00
1.544391304600445602e+00
2.362265376580801046e+00
2.563828053331197232e+00
3.790329612729291142e+00
2.419714257153535275e+00
5.712557989869065933e-01
1.469171381035679014e+00
2.392619489991403281e+00
6.642308302412879284e-01
1.488926530442010510e+00
2.546040405660015549e-01
1.034387900339245547e+00
