2.771191642721519077e+00
1.304415944795244142e+00
1.921310813322729238e+00
1.596073298445986222e+00
2.875011594422971495e+00
1.979633324709665576e+00
2.129526192541737917e+00
3.536837255189725138e+00
1.951846039329342641e+00
8.721648651219797710e-01
2.098988884790878640e+00
2.826285557212546262e+00
4.425604830278069279e+00
8.307064136423830680e-01
1.048798609416705441e+00
2.401985303839633268e+00
3.025095753190309100e+00
4.133783986784727027e+00
6.829545061536474115e+00
2.263324010958980725e+00
2.307115216015279469e+00
2.955140600609110546e+00
2.974065044121878998e+00
3.655810146849570952e+00
4.639006184811649725e+00
5.349141889506170422e+00
8.067019606920514008e+00
1.405437687708298133e+00
1.520303642965873836e+00
1.939170927060382077e+00
2.953488807971380581e+00
3.420651502787786402e+00
5.514517043634577398e+00
1.466176702200829185e+00
2.016923260546864327e+00
1.698348366283810362e+00
2.984254900449404335e+00
1.600665847426876176e-01
6.818162323569919581e-01
-1.015010381553673180e-01
1.366679604736148690e+00
