-0.000000000000000000e+00
6.109527035177751975e-01
8.734702821676305629e-01
0.000000000000000000e+00
9.655751826120994030e-01
1.015975132920078572e+00
1.084063886873090077e+00
1.335122492398428395e+00
1.428308740167282931e+00
1.318810915337501388e+00
1.282707983892839465e+00
1.506271043105080309e+00
1.811462072125891831e+00
1.844995012069748475e+00
1.646685236690741183e+00
1.614865444563624131e+00
1.679470110559168283e+00
1.848497480768745760e+00
2.042923686030928998e+00
2.098088730217023468e+00
2.166788665035045192e+00
1.946526498644279624e+00
1.909979962861140912e+00
1.924788881496288573e+00
2.047301761459439096e+00
2.174596560634808107e+00
2.144189408922270612e+00
2.537133822836367347e+00
2.546490628058748928e+00
2.255287658390737082e+00
2.301388713119573826e+00
2.112008650328366155e+00
2.272338211014464537e+00
2.949978687863655136e+00
2.790324939506284796e+00
2.524417258516943097e+00
2.446077855272772883e+00
3.121109765473239150e+00
2.967728881881150471e+00
2.930991088862388239e+00
2.738168360384108269e+00
