1.015273046156139669e+00
3.193695387409500874e+00
1.663816596180795804e+00
1.226591455058615665e+00
1.346423465788790352e+00
2.225240777917043555e+00
1.375775666268386432e+00
1.625842761064302699e+00
3.546898392336171213e+00
7.864175409880904688e-01
2.834673236558456821e+00
2.247256395294428888e+00
2.802201506318924729e+00
5.657652864086823996e-01
4.650614996782287403e-01
2.814329481639597397e+00
3.207401637889491841e+00
2.942774140001767513e+00
5.050389675821941537e+00
3.138361612059032080e+00
2.138103577491442309e+00
2.803040653624136347e+00
3.227414782006665650e+00
3.138067147416478075e+00
4.129958076390987998e+00
4.938408303216636597e+00
5.599660252489687018e+00
1.253706057147325970e+00
1.704846945244255618e+00
2.377653628736177804e+00
3.496305773924664795e+00
3.568169218997921721e+00
3.610540481613355723e+00
1.925682404010030879e+00
3.203002184421955834e-01
2.713854876706824015e+00
3.948154360606057622e+00
1.154944839295372727e+00
1.187534489206046873e+00
1.242406737365786551e+00
2.192717364176734574e+00
