-0.000000000000000000e+00
4.649114299230704961e-01
8.534725502523721197e-01
0.000000000000000000e+00
7.930866993638064910e-01
9.498263438583269824e-01
1.190139286763359339e+00
1.611516718285263439e+00
1.645740180666411812e+00
1.503487523129439118e+00
1.585341553017173943e+00
1.732920200303093239e+00
1.880518974969609625e+00
2.087547495751370441e+00
1.875452484613502779e+00
1.840830003259435799e+00
1.848039440897575547e+00
1.904946118557689916e+00
2.006479033260023748e+00
2.174652388528065750e+00
2.123212322553401421e+00
1.997908105243946686e+00
1.956238174093624327e+00
1.949990066486092077e+00
2.018403233036586641e+00
2.111622309764535022e+00
2.082719183654450745e+00
2.519934733196262044e+00
2.492223587365962612e+00
2.219872361454777732e+00
2.240324393199453201e+00
2.079779800945447565e+00
2.199839182472149712e+00
3.075098613015886162e+00
2.911043255303973787e+00
2.508943637175015784e+00
2.423492722304585900e+00
3.365211679079859852e+00
3.183852454716169067e+00
3.143633677753565170e+00
2.841596466905605300e+00
