-0.000000000000000000e+00
4.337917704235643712e-01
8.915949126223179366e-01
0.000000000000000000e+00
7.377805314218596200e-01
8.222555352906086856e-01
1.032991876297103762e+00
1.158359039183137318e+00
1.078861489404641105e+00
1.046015665436258013e+00
1.119201418733478226e+00
1.197073263889864236e+00
1.277016510201569144e+00
1.404600630394998051e+00
1.274224027715659791e+00
1.234758293892779024e+00
1.248946591572474674e+00
1.306541754282101397e+00
1.446572100240986591e+00
1.724452064182662170e+00
1.734234850488275859e+00
1.476446663361662637e+00
1.370996436807540686e+00
1.356101368864314871e+00
1.473354991085630727e+00
1.674567525651895039e+00
1.617332259302525221e+00
2.391577320521122818e+00
2.330589205373897688e+00
1.896039251524348046e+00
1.931394524127990397e+00
1.609861970454933955e+00
1.868073705418903607e+00
2.931918037527220466e+00
2.744426490979746003e+00
2.300620157511842123e+00
2.198160451618788258e+00
3.237780776720473153e+00
3.012887045925221496e+00
2.960151048296342680e+00
2.660502200995811251e+00
