-0.000000000000000000e+00
4.994445602188132827e-01
7.613718656601961010e-01
0.000000000000000000e+00
1.085710949088750432e+00
1.089289671969123408e+00
9.695425843840402846e-01
1.224611639767437365e+00
1.674989183320890085e+00
1.483044916951016701e+00
1.371710029728231861e+00
1.473657031098246861e+00
1.711235679315650682e+00
2.110290466180194446e+00
1.907071485630349006e+00
1.712177169602119298e+00
1.710742808015894401e+00
1.797069361698275358e+00
2.033076699081673766e+00
2.351928955390792719e+00
2.404534678844588047e+00
2.132204779413210627e+00
1.975076994463414559e+00
1.914303317207676658e+00
2.072714591498503012e+00
2.257892296512514552e+00
2.199508072099685130e+00
2.866979837877860149e+00
2.795378668822924961e+00
2.468829874118295908e+00
2.466431632255282391e+00
2.220557391410420855e+00
2.403826481475332510e+00
3.267806900954734584e+00
3.099880393760409802e+00
2.764723999381190733e+00
2.671312377216639167e+00
3.626828431106836170e+00
3.380763549477347141e+00
3.325902085019168286e+00
3.040417376148320194e+00
