1.050018029222701932e+00
3.475440863247020840e+00
1.451759804947541088e+00
1.127736639018430687e+00
1.465946538488730466e+00
9.630160507083799226e-01
1.349744339606111732e+00
7.369872462333940666e-01
1.100946893362060974e+00
2.095662375858770243e+00
4.787171898236603163e+00
1.869975448184354683e+00
1.058850965929094334e+00
1.232227482419817832e+00
8.760119342717939128e-01
3.889344079640125962e+00
3.053478592009502002e+00
1.798246696620953156e+00
2.129636788559305050e+00
1.834552869224276073e+00
2.315340232951320854e+00
2.643800382520191672e+00
3.767861080195722856e+00
2.200581373445237077e+00
2.699818504352593962e+00
1.882940566495555634e+00
1.953960223584813027e+00
2.570242813769629819e+00
2.206514035586514932e+00
4.040404912465189291e+00
1.516950181570168699e+00
3.395868114355786282e+00
8.711350361249563523e-01
1.094178141049384267e+00
1.650619119557687808e+00
1.595208597520086480e+00
6.725152318472540358e-01
2.710591755907411637e-01
8.973817395168440791e-01
7.957338192505369889e-02
1.286854716067507454e+00
