2.121384296347936081e-16
6.042695537916498161e-01
1.183810161404309502e+00
0.000000000000000000e+00
1.546970167683202391e+00
1.587075723278717598e+00
1.626281353851037004e+00
1.839095099605397188e+00
2.133934572546082542e+00
2.015297600866725158e+00
1.968783153761365590e+00
2.004020522639654800e+00
2.137706792115058541e+00
2.684263955847028260e+00
2.403413853132366107e+00
2.194449721874750292e+00
2.144825432951066091e+00
2.195494239263964253e+00
2.387411220511210352e+00
2.879040888043347124e+00
2.811105125806288019e+00
2.498732315562850470e+00
2.321535428106861865e+00
2.276080676635451994e+00
2.418143946971430758e+00
2.654489487653155955e+00
2.589097474486327322e+00
3.278602007316187450e+00
3.271054697582242987e+00
2.902923324601314192e+00
2.940791444990455084e+00
2.577217133435214969e+00
2.877410453760816722e+00
3.967931180365261046e+00
3.681449616325047192e+00
3.311022034874109732e+00
3.236357106041048315e+00
4.362664235909501365e+00
3.991976419708660906e+00
3.901708572929681651e+00
3.618089749706496772e+00
