3.668154817444277072e+00
9.245762112088505846e-01
1.085813447946450960e+00
2.175580059102079744e+00
4.857620731865517349e-01
5.980690972255600535e+00
2.002166370028969578e+00
2.162594690207629622e+00
4.374979747687794962e-01
7.893085991085767583e-01
3.563167839293217565e+00
2.163103322167681419e+00
2.942048742672318529e+00
4.953008191992182008e-01
2.878390414612750803e+00
2.498484722571286287e+00
2.790058624629439432e+00
2.941234601091904821e+00
5.298218035821308902e+00
8.188562850245784119e-01
2.291472832940670390e+00
2.290855693218931233e+00
2.068249467153131071e+00
2.608842789715585031e+00
3.438064533298098802e+00
3.963064185991374000e+00
6.450861901836844936e+00
2.491236170396222249e+00
2.859254888933650207e+00
1.518932694325904498e+00
2.104448150956593544e+00
2.412463728841700128e+00
3.698491707483270829e+00
1.020102331555338360e+00
1.659066322307598984e+00
1.438295342103096397e+00
2.695140328740929014e+00
6.180128619660129052e-01
3.926096366467043963e-01
9.139907636629074350e-02
6.893550598432819365e-01
