2.650662538351318709e+00
1.773720234254102968e+00
1.811244872098832559e+00
1.817836200874102470e+00
1.763793027638268729e+00
2.063018899906412962e+00
1.858755900001269445e+00
2.291747640969858946e+00
1.825988829684916492e+00
8.147051168063357274e-01
4.529295472219469154e+00
2.497292326751590963e+00
2.909765932383686859e+00
7.864241598787671261e-01
1.085623243897478662e+00
2.517396392927840676e+00
3.351616732034801149e+00
3.193320908427543348e+00
5.026231202900303785e+00
1.271594886437090288e+00
2.432953599805406153e+00
3.172193166078029591e+00
3.514727698636147313e+00
3.250329050670853981e+00
3.900040734888397420e+00
4.317316296300206524e+00
5.429332898431074916e+00
1.116744708554556764e+00
1.441923213388059066e+00
3.208898900029055756e+00
3.334634207037435516e+00
3.744498069793189554e+00
3.095640025248152849e+00
5.033215389751082292e-01
2.994309766258800742e+00
2.992090818657596074e+00
2.826296020556357202e+00
1.223996644298216002e-01
-9.923112218558111097e-02
-2.885937978047902197e-01
7.403410679636449609e-01
