-0.000000000000000000e+00
3.481693273106109543e-01
4.891358738947116924e-01
0.000000000000000000e+00
5.838619028936585797e-01
5.598536393758235530e-01
6.146782583029587466e-01
7.773666254792822583e-01
1.186386842337706637e+00
7.564477825056451499e-01
6.901952741750384535e-01
8.513784951124563349e-01
1.020845173322212140e+00
1.614729275084929805e+00
1.306628697981237819e+00
1.176605354774419521e+00
1.005324333110040103e+00
1.088791514603419275e+00
1.335282990141109183e+00
1.731673443274719393e+00
1.720439817560609486e+00
1.496708703325756673e+00
1.312790519086780350e+00
1.212545679837977008e+00
1.386466120573375260e+00
1.583856292443469593e+00
1.521664385557710775e+00
2.071483496898762766e+00
2.074354667087512372e+00
1.749441134857793179e+00
1.775280385986954590e+00
1.547346956128445639e+00
1.726351765932450322e+00
2.629145348967508955e+00
2.443501496624353120e+00
2.053675681158360966e+00
1.965826913462101588e+00
3.031411360122849619e+00
2.750040867941104139e+00
2.688275945105970788e+00
2.370562850466474636e+00
