2.160597759919420380e+00
2.098169285072458923e+00
1.903965772955123814e+00
1.538424463595680081e+00
1.814330884535497734e+00
1.791151721446553990e+00
2.803285188826049712e+00
5.005136870637623581e+00
1.772293460177394309e+00
1.100750535906388716e+00
1.824261912209752090e+00
3.873337667487794178e+00
6.637899257697063682e+00
1.255210292699276753e+00
6.963318781928131695e-01
1.582553891862595652e+00
3.233360611471690849e+00
5.914365875438367226e+00
1.093549840274780571e+01
1.988823297967626358e+00
5.466439885379011931e-01
1.563718340510651839e+00
3.102206437348942192e+00
4.887636230099398738e+00
6.822101587767527064e+00
8.525052874169785966e+00
1.242242084029339289e+01
2.129915216107797882e+00
1.485833027120225580e+00
3.172939128097742589e+00
5.081447943293547986e+00
4.683951826135066554e+00
7.231965922775634326e+00
1.233507179205586501e+00
9.522637417545426475e-01
2.857909594940434506e+00
5.265706439163642116e+00
7.230674896366124926e-01
9.485810387623145878e-01
9.200185887659931838e-01
2.062867495341355717e+00
