-0.000000000000000000e+00
4.177027285039178195e-01
6.782170010810452121e-01
0.000000000000000000e+00
9.296983497338093816e-01
9.299206600329875672e-01
9.677718202288962956e-01
1.161164130465688338e+00
1.383993165805005310e+00
1.247792764329778592e+00
1.187834334799370062e+00
1.284684104596407916e+00
1.424022433156266310e+00
1.661036517405146684e+00
1.491525203601949956e+00
1.429952781922595006e+00
1.394380917393955199e+00
1.469466162420151489e+00
1.653692625176717002e+00
1.757301313565395651e+00
1.799562962203523186e+00
1.634935359562080581e+00
1.549310868028491051e+00
1.537762467007045109e+00
1.670413449572635489e+00
1.875942019849684339e+00
1.825827485561779762e+00
2.337366033418212030e+00
2.368340254600496131e+00
2.019978599106486694e+00
2.093949594281352855e+00
1.785707553690384142e+00
2.049989262266926016e+00
2.847328225449252681e+00
2.647695671636620673e+00
2.378501113129434241e+00
2.300048992762678601e+00
3.034787456723751831e+00
2.841740196419114017e+00
2.795780445289784311e+00
2.595102552294789255e+00
