2.374104924069955214e+00
1.961448213428687914e+00
2.104572435733402802e+00
1.961246693105195282e+00
1.364782339210383499e+00
1.694299180042057928e+00
1.328133013411071595e+00
3.107254686326190729e+00
5.781806428042833845e-01
4.027422962024430397e+00
1.101049033881817518e+00
1.970627990189733447e+00
3.681511858992362995e+00
1.962753429196741450e+00
1.327870954154038774e+00
1.729253828479577759e+00
1.281954332305112576e+00
3.079572205594988343e+00
4.812962302658803537e+00
1.378920801827874243e+00
2.966697418981254053e+00
2.819414933882578023e+00
2.084004907312219768e+00
2.397547161800170024e+00
3.146451545464582722e+00
3.493020739499999916e+00
4.305741165779291890e+00
1.294129438109623997e+00
2.257775022300778200e+00
3.813483938233690473e+00
2.606442656386473988e+00
2.808979437804775436e+00
1.906483540351123995e+00
9.603695737895672213e-01
1.821271668482792538e+00
2.634044096188413953e+00
7.471003960746314121e-01
8.511208740183349164e-01
3.071218879476808050e-01
3.940899478447378312e-01
2.409983512409153705e-01
