1.080055164780626686e+00
2.691942599773168521e+00
3.536306384777372802e+00
1.487397193324637934e+00
1.182195243472847546e+00
2.067586298485655227e+00
1.419283979371116278e+00
4.252252256916860595e+00
3.397415422770408977e+00
7.656906366422545629e-01
8.954814426198554056e-01
2.755735978762455129e+00
5.894453892461172018e+00
7.026142785814420977e-01
1.310320973061876781e+00
1.145101647626082242e+00
2.305924362870968913e+00
4.525529839445052716e+00
7.255115430947979505e+00
1.626912624881898584e+00
2.194107103146451188e+00
2.530185865345176310e+00
2.310566917626725392e+00
3.526375421795464149e+00
4.443698174110776833e+00
5.478606032757499911e+00
6.669845774082595824e+00
1.714347513778394561e+00
1.426049462073354146e+00
2.741036722412499405e+00
3.911341422374670529e+00
3.669383270649199780e+00
3.168815692566760323e+00
1.257215786867331264e+00
7.102303689693337807e-01
5.045667984462498978e+00
1.708089644679637864e+00
1.631962534437775947e+00
8.081110156437441017e-01
3.875619249708040503e-01
1.016256907705861856e+00
