2.784574309753385268e+00
2.213823275067578145e+00
1.762775481630022956e+00
1.463395127623377423e+00
1.106206467762115064e+00
2.318138710660864632e+00
1.835343105804411623e+00
3.615828374345804175e+00
1.432161020750330582e+00
1.542132763230798842e+00
2.109019559925235487e+00
2.339401878498660547e+00
3.440949425176772269e+00
7.307885170373021877e-01
2.106261371079728217e+00
1.983263553440726357e+00
2.144645471053379993e+00
3.105360842070034266e+00
5.150828337671213397e+00
2.080023677993636966e+00
1.992176501463225780e+00
2.053266847134608497e+00
1.946431702446375089e+00
2.328562867536492220e+00
3.100679697339671748e+00
3.487366922276751602e+00
5.662381868639482896e+00
4.053230164660250878e+00
1.994279378017651760e+00
1.353006364397082217e+00
1.841243520072126660e+00
2.202603557015754721e+00
2.981382993364176670e+00
1.543985887925758416e+00
1.604496850977257472e+00
1.182494018967189753e+00
1.482316661646454481e+00
5.314174179142311383e-01
4.352954937449830530e-01
3.433986739478027128e-01
4.246391778215473645e-01
