3.131839626258377548e-17
2.129538110806387385e-01
3.688025220687671801e-01
-2.474239479999296182e-16
3.960202163246903662e-01
4.271350947199391568e-01
4.740241316137567829e-01
6.125809440687494112e-01
7.070774033505518030e-01
6.585771783885224773e-01
6.212518216032130169e-01
6.550967010789529033e-01
7.791224262380960219e-01
1.211875787813411209e+00
9.464735954588268108e-01
7.791174841881531865e-01
7.400298693107070225e-01
8.120212296247790729e-01
1.064904952694231799e+00
1.640702673558720459e+00
1.690763138067929550e+00
1.266036312695339561e+00
9.522906040267703487e-01
8.960438382842137450e-01
1.110004876477618474e+00
1.507679163940068623e+00
1.396752573810615017e+00
2.258840933058998690e+00
2.347657969416095280e+00
1.911651830994527179e+00
1.980653999224684325e+00
1.382941249625947888e+00
1.864907423559997834e+00
2.691443661600845250e+00
2.573581007151293232e+00
2.380676395385763033e+00
2.296669948819422213e+00
2.802185473995843612e+00
2.695952409519344339e+00
2.669787841933091155e+00
2.542157971863648225e+00
