-0.000000000000000000e+00
4.453102653113643061e-01
8.745567927638929762e-01
0.000000000000000000e+00
7.911545937663068129e-01
9.330727417978101901e-01
1.018091828691531919e+00
1.154314821629542687e+00
1.454421035349764635e+00
1.385675002462154026e+00
1.278751942537767583e+00
1.229182783403169221e+00
1.326523590010974640e+00
1.701684815744516799e+00
1.576390028641201813e+00
1.503508138559451313e+00
1.393709081947891004e+00
1.380603320940421819e+00
1.555975753879219381e+00
1.771817877129505447e+00
1.789561255445352606e+00
1.624062094512671139e+00
1.520060583953208422e+00
1.465273992348890886e+00
1.593292646666100376e+00
1.803244112657771847e+00
1.740995324819634149e+00
2.228489649072787238e+00
2.287076962085967669e+00
1.977980071288937269e+00
2.040786435412866417e+00
1.737288526905324204e+00
1.978664603431694147e+00
2.600825224074420738e+00
2.480425567026699252e+00
2.292047505795029583e+00
2.226109062591477006e+00
2.725055074574245229e+00
2.612878277382025605e+00
2.587527537357189544e+00
2.443105281535062900e+00
