2.531254008710637216e+00
1.698695582099699619e+00
1.185375405577565600e+00
2.133967866853618389e+00
1.122542268898411022e+00
3.438050952689631234e+00
2.328089577569223856e+00
1.791161649593588256e+00
1.325124861076194094e+00
1.589820623804006017e+00
2.799161460995299056e+00
3.369603203853404949e+00
4.445293035895171663e+00
1.131364168628580913e+00
1.449115832043191388e+00
1.198466576670285999e+00
4.230661241853401755e+00
5.048898048007614214e+00
7.516303864550891056e+00
6.648234012213299904e-01
1.567242754782614433e+00
1.658344735795626246e+00
4.031211760552900536e+00
6.018125775829243018e+00
6.767535144911313694e+00
7.253707206100890481e+00
6.982232217557199583e+00
8.727358216662609580e-01
3.718237863358150985e+00
3.829248230637424033e+00
5.284479645585426155e+00
5.753316936384727853e+00
3.427660038872375914e+00
6.919446147054169050e-01
3.047904848594445437e-01
2.600197937665258419e+00
1.684578765257072508e+00
5.028364504277899050e-01
3.348061985251113093e+00
3.004567457304027078e-01
8.882351849768594931e-01
