-0.000000000000000000e+00
4.333951018874581118e-01
7.786400888204716431e-01
0.000000000000000000e+00
8.698307169739020184e-01
9.017828466548516442e-01
1.029385109238675433e+00
1.361842922371301778e+00
1.643466990513389181e+00
1.441345363962746928e+00
1.408672034989269406e+00
1.564712538112267959e+00
1.767580705134081498e+00
2.328943913923583686e+00
2.003920496625751113e+00
1.776754466938782473e+00
1.741247411168702408e+00
1.833654509511278841e+00
2.057386760357472255e+00
2.597605764951634644e+00
2.454640806893092719e+00
2.155818019856761580e+00
1.967476026801626254e+00
1.928345702065938916e+00
2.085771580616314402e+00
2.306918615710889853e+00
2.246179457507643473e+00
2.955142335687709565e+00
2.906124862341657789e+00
2.509174305456777443e+00
2.548680398866098873e+00
2.233773254911463724e+00
2.493124175043941015e+00
3.521504527935340523e+00
3.295018876573831523e+00
2.871367908777524125e+00
2.785809402202546803e+00
3.866144191630103588e+00
3.600703658887324909e+00
3.519772724075509007e+00
3.194749587769642130e+00
