1.871401322633571063e+00
3.298984604686009625e+00
1.948052788403054736e+00
5.710382920599710310e-01
1.066673889098614936e+00
7.701154281072351004e-01
3.083676518233683161e+00
5.693191845553563724e+00
1.078211823378233181e+00
5.679047501299586687e-01
3.217294316423539247e+00
8.401118757218517530e+00
5.032301627192392601e+00
6.989399386729693298e-01
1.247020000711556831e+00
9.306264638625851848e-01
4.579706271368722881e+00
8.242395764321745588e+00
1.403354763609682720e+01
5.471241547569739572e-01
2.264051004822324575e+00
1.297974328872095295e+00
3.715581413951425382e+00
5.897649550707468435e+00
7.517986622582540690e+00
8.683420745416212227e+00
1.723395005088325505e+01
8.127573082491983403e-01
3.467573207662799195e+00
2.101776989791471539e+00
3.595746748713218199e+00
4.389736878646918861e+00
6.974321676165319950e+00
5.138145583181819021e-01
2.138132397143744257e+00
1.333073295302755756e+00
1.221161889300430570e+00
2.207989257868004651e-01
4.640578411026456962e-01
3.997497161295942014e-01
2.972808849406337606e-01
