7.104809969787829133e-17
2.496538912514298381e-01
3.425989283705622723e-01
0.000000000000000000e+00
8.791853550059186562e-01
8.302814961682646322e-01
9.035960126177261520e-01
1.272729034217346289e+00
1.383734233761186871e+00
1.196857774136735664e+00
1.252254949752619417e+00
1.471392209889337055e+00
1.658284585896732111e+00
2.124783269534309849e+00
1.662936034137900032e+00
1.539106581679376085e+00
1.609892738390563238e+00
1.714408175523797651e+00
1.921219579255863952e+00
2.190352942696456306e+00
2.202338200053490791e+00
1.877626812115499311e+00
1.786529717887936686e+00
1.789987148878168011e+00
1.938548630649623128e+00
2.185343140761452752e+00
2.123800604042460183e+00
2.760924547323261091e+00
2.877044394127023175e+00
2.385477854019647737e+00
2.482174077359527775e+00
2.073264894411297909e+00
2.418631230335172688e+00
3.531902716805197073e+00
3.329766551281145404e+00
2.901237707890688799e+00
2.788352702637428848e+00
3.917938283866807758e+00
3.642374422921510480e+00
3.581331059084306823e+00
3.246717489666082646e+00
