1.638045871066203807e+00
1.572530972291249718e+00
5.657007864343142955e+00
1.898263049938953895e+00
9.906553615800117729e-01
1.890840954691929143e+00
1.576156953112449299e+00
2.896609359005859474e+00
1.150576623469485860e+00
1.535312512727111667e+00
2.429381738210537822e+00
3.455372201940502208e+00
4.144983224683469913e+00
1.837566705949282397e+00
8.293463196267362170e-01
2.689901228973941016e+00
2.798642603898082282e+00
3.839507607679514933e+00
5.947458979617619157e+00
1.842876783276674368e+00
1.401186744309757648e+00
2.480284764550185983e+00
2.965200500638576653e+00
3.398680795674410948e+00
4.568216058797995416e+00
4.178542344760143301e+00
5.883136033015324173e+00
6.053807355959678338e-01
5.255842952652689526e+00
2.933943668819610551e+00
2.114696455444159628e+00
3.802992947272348268e+00
2.445888566339998960e+00
8.525957026614257028e-01
4.855915795292818915e-01
1.148415463427777228e+00
9.619384559273668200e-01
1.518570004286837749e+00
1.124405984907606459e+00
3.723705058137478652e-01
3.895116464338250761e-01
