1.907778704188816787e+00
1.213076490290085019e+00
1.316496395846466605e+00
2.973138464119438495e+00
2.705572520148596727e+00
2.253375455133341809e+00
1.451433371165064434e+00
3.097238361392053996e+00
1.510187599893224375e+00
1.755488091089022928e+00
1.339139382178175186e+00
1.928683283762528955e+00
4.272812950978380542e+00
7.369179800994909435e-01
2.388133524311355060e+00
2.426867762447429744e+00
1.871829151411962711e+00
3.317530192649968068e+00
6.050929630342238852e+00
1.311851057795103026e+00
3.109687414206611322e+00
2.645638491337850340e+00
2.125293079922337292e+00
2.783809849481025722e+00
3.854586892834109157e+00
4.910468577300146187e+00
6.962494598535362123e+00
1.027960717537133029e+00
1.701618250666892873e+00
2.514666125668334917e+00
2.735345561512212420e+00
3.200185758736384223e+00
4.732966741993542392e+00
3.290837216698236922e+00
4.212334948037660953e-01
1.488097727723215691e+00
3.858312696260410402e+00
5.307365562287376104e-01
8.395406575819192030e-01
1.117989438627265519e+00
8.840365618342169718e-01
