1.770606791086753340e+00
2.837086769706552936e+00
3.442809174308803843e+00
8.210933028444358239e-01
8.959799035739691719e-01
1.376526533500512794e+00
1.988254532962437482e+00
3.997785378622908059e+00
4.402567798697397117e-01
1.574735857800426686e+00
2.731171371747061816e+00
3.392957087821500739e+00
3.626854447266254500e+00
1.575952004986877375e+00
1.137136645124400047e+00
3.412340301576055612e+00
3.066772785486136854e+00
4.019916029812153013e+00
5.387869261976486968e+00
6.743519570423948117e-01
1.250081545298842745e+00
3.404486604008937878e+00
3.567694939843769397e+00
3.414346548763815381e+00
4.510684002841059304e+00
3.924296268992689019e+00
4.976767565644657942e+00
1.099764903119438086e+00
3.547355004069575379e+00
5.156946262813825399e+00
2.361268725387089429e+00
4.719709485049949471e+00
2.241288949041233547e+00
1.160768577329278628e+00
4.633898095951045071e-01
2.088155899037988483e+00
1.293384405615026100e+00
8.511956455429353641e-01
1.961738368813026767e+00
5.789731001323836779e-01
8.012281481543440664e-01
