2.784934458188343953e+00
2.049749222529253956e+00
1.562504331743414188e+00
1.431411731588496883e+00
1.065423283752629180e+00
2.824821317166835932e+00
2.269696944155159990e+00
3.053598820505474265e+00
7.345952862360151103e-01
1.719228962236580394e+00
2.431126701329191064e+00
2.482695903241957325e+00
3.603795534902654918e+00
6.062807446111571075e-01
2.413156570912864840e+00
1.559037820647224626e+00
2.431764107381600315e+00
3.468427976829496107e+00
5.491171306420413067e+00
1.239963604994463342e+00
1.367879998412080633e+00
1.890096700348253167e+00
2.447082709632056208e+00
3.132847826861426377e+00
4.012416324910839549e+00
4.017116826126069462e+00
5.234427286562926440e+00
3.503621794173408244e+00
1.880001180374186509e+00
3.957011936862425028e+00
2.708916479934509347e+00
3.606726498802632186e+00
2.562067168160421016e+00
1.662491135733352943e+00
3.280044646846496104e-01
1.755097214833337027e+00
2.297625840592370405e+00
9.229113449441955774e-01
1.265309948293840581e+00
9.814019054414576670e-01
1.803508484957474733e+00
