4.159556638192762365e-16
5.637754277724196239e-01
1.021520417833212457e+00
0.000000000000000000e+00
8.495643379962932729e-01
1.011148794570707166e+00
1.300368291716180291e+00
1.649355462548832030e+00
1.493364988952859518e+00
1.359284286507769890e+00
1.565921211283628933e+00
1.840498925550741349e+00
2.080881331753532404e+00
2.214362553212287921e+00
1.919849205976933204e+00
1.864076109538907344e+00
1.966478341293389054e+00
2.119665479223388438e+00
2.302305857450391624e+00
2.473938842141165217e+00
2.399025932345552725e+00
2.197108486969758800e+00
2.161842312926502530e+00
2.184816039610983918e+00
2.306915642491807361e+00
2.443750261520036382e+00
2.411663730279396400e+00
3.039475992260809445e+00
2.745356551244906740e+00
2.525672690229331163e+00
2.572381018606641589e+00
2.377917862475297017e+00
2.548049989310984920e+00
3.327206269126883331e+00
2.955350969175586595e+00
2.730223442002707834e+00
2.689493339801160232e+00
3.513224892330807148e+00
3.239647834394753900e+00
3.140701773666180419e+00
2.889079265756091974e+00
