1.348543527688517763e-16
3.984637961824651908e-01
8.283181453497493463e-01
0.000000000000000000e+00
9.911431246883297685e-01
1.166799811184671576e+00
1.133874034184794599e+00
1.320869884239036285e+00
2.290124760394906200e+00
2.033946889241343037e+00
1.765991667036745261e+00
1.528536949158662006e+00
1.715602801123442767e+00
2.900178568594860895e+00
2.638616395135321202e+00
2.345784072004533094e+00
2.039051361959095310e+00
1.907737927048065885e+00
2.444811074051811861e+00
3.101529542014132446e+00
3.202553659514888462e+00
2.851693497962104029e+00
2.444654686197467619e+00
2.188072624348111894e+00
2.588980604145601827e+00
3.151913337071854393e+00
2.993892372900658572e+00
3.653118165367496673e+00
3.664111419225163591e+00
3.477594370967164839e+00
3.546106517471038888e+00
3.064076147308112397e+00
3.490107347972606355e+00
4.153575160038854186e+00
3.885055735133268850e+00
3.689236853460425625e+00
3.661116627844962945e+00
4.534681870018688166e+00
4.232919130031993937e+00
4.149612367451236850e+00
3.824249020632777718e+00
