-1.701905493948156290e-16
4.962059267574250865e-01
1.243083743604732838e+00
0.000000000000000000e+00
1.434631867837243613e+00
1.447450180108938111e+00
1.791134893743201006e+00
2.261600774891847632e+00
2.381709284833488205e+00
2.195204663450240901e+00
2.174916663216838852e+00
2.450060456550209764e+00
2.744740925164169010e+00
3.031191099061837146e+00
2.832256770075729513e+00
2.674997490270399680e+00
2.674564596049258558e+00
2.805720325946354787e+00
3.051308855253662689e+00
3.364272479989146802e+00
3.336240807549109011e+00
3.050657351163168496e+00
2.943637947767831609e+00
2.915632191458969125e+00
3.076710459714413926e+00
3.267564511363952651e+00
3.215708520257100300e+00
3.868044326666113530e+00
3.802312030672235110e+00
3.410695120585310658e+00
3.465918993864672171e+00
3.196535409807089056e+00
3.421260150313562676e+00
4.195950892247441999e+00
4.039783137888002251e+00
3.762403702691087481e+00
3.676980574679594493e+00
4.377977415886252111e+00
4.214867283850439073e+00
4.176985179330235276e+00
3.984712215472358210e+00
