-0.000000000000000000e+00
2.845578709810437368e-01
4.820871457116451819e-01
0.000000000000000000e+00
4.307520259853805933e-01
4.928075602358085727e-01
5.894991583464244123e-01
7.209145355525788945e-01
9.541811742258932139e-01
7.711870344243446640e-01
7.137315593966927496e-01
7.689054633393400673e-01
8.796225260287057202e-01
1.504361966077917279e+00
1.204534920098722761e+00
9.369038011656916076e-01
8.470624640920321191e-01
9.100234327586848027e-01
1.100593469211163633e+00
1.617511979264684374e+00
1.570537522559652066e+00
1.243499328870101950e+00
1.017649816845368260e+00
9.801550173960451584e-01
1.139759535225286058e+00
1.388518169447610529e+00
1.310433624001256181e+00
2.151371951651777081e+00
2.103599736179023072e+00
1.681729608373976781e+00
1.697202909473192189e+00
1.334730610604839107e+00
1.606703950388345126e+00
2.715458552833894146e+00
2.511617205250469276e+00
2.082430924691670793e+00
1.981342176959566048e+00
3.061667511489948534e+00
2.800599549769128060e+00
2.747885454513346204e+00
2.438430278407830443e+00
