2.887023062345211333e+00
1.415466918260493756e+00
2.560938029556896645e+00
1.382963625229387539e+00
2.335906514569586978e+00
6.024165006064987615e-01
4.089272863960988325e+00
3.622833404485824804e+00
1.902366965661552722e+00
1.328691318160160506e+00
1.524461700534758268e+00
2.929828287019993205e+00
5.064877949534206003e+00
1.385793094875773290e+00
1.025096835850117571e+00
1.270618802392853075e+00
2.550881971417672922e+00
4.361604971452549329e+00
6.629397561447079035e+00
1.059950630311347730e+00
1.221977969905138295e+00
3.189696683085821327e+00
2.961929218905626549e+00
3.610609437053062809e+00
4.344807998664704130e+00
4.575931152605470231e+00
6.303102919439413476e+00
3.325025443393322622e+00
1.610481834335474760e+00
3.834200612375705308e+00
3.135093696262873930e+00
3.885601386219166287e+00
3.175942194636453220e+00
7.011512795826924105e-01
9.087277263154469598e-01
2.076971430011060882e+00
2.435424433613444073e+00
1.058148487470899290e+00
8.402846478148237042e-01
2.202591111715507810e-01
3.676421662102046017e+00
