1.880666024018638138e+00
1.324624954005496624e+00
1.692096104517980315e+00
2.673298855470675583e+00
2.371133746185566604e+00
2.491709424750906621e+00
2.171242978767339515e+00
1.493480421215449772e+00
2.173816896158139222e+00
9.487279918687583358e-01
2.304420843309694433e+00
2.288585139017428993e+00
2.985285277331341636e+00
1.557821801307717857e+00
1.229526040761541150e+00
2.473995683357716135e+00
2.938059041233883839e+00
3.105431109782056609e+00
4.965283474973178457e+00
1.761292125658141750e+00
2.820758273709728758e+00
2.595906650587051612e+00
2.710670958435243527e+00
3.029352548786259369e+00
3.802316816745953343e+00
4.291163642330568351e+00
5.550995083047395084e+00
1.319844598163189442e+00
1.989339491964885021e+00
2.070019233082077026e+00
2.674121964699306186e+00
2.985402905421418396e+00
3.162718653105855093e+00
1.245962933214800561e+00
1.627982078236407171e+00
2.450778426415557210e+00
1.991208188898489606e+00
1.995145066577692916e-01
1.403423396302371895e+00
-1.127895560570371832e-02
1.594773373792044424e+00
