1.718894308849636010e+00
2.337852215571492920e+00
2.453444538263170216e+00
1.967117681111525185e+00
9.979826932608542034e-01
1.254204355512455127e+00
2.513377175742572689e+00
2.006260495789983445e+00
1.697088897527388118e+00
1.875605565268775532e+00
3.599352210209143088e+00
2.593851061438316119e+00
2.844943524247086408e+00
1.047954761842960991e+00
6.964366549261065131e-01
2.145435473932804094e+00
2.714869203362616279e+00
3.004338065002430280e+00
4.319301279149281747e+00
2.092040235727069764e+00
1.859039204657409128e+00
2.894255331852372493e+00
3.271518180542025256e+00
2.926638303919653072e+00
3.389101756631086815e+00
3.089582046662657788e+00
4.035214094322480349e+00
2.743103969081561733e+00
2.685151130130872144e+00
3.494605638436878436e+00
1.852399703691616439e+00
3.289889762720583199e+00
1.816245485582513863e+00
1.420243867439391572e+00
9.666483802647900525e-01
1.289470992074891686e+00
1.294531428480562463e+00
6.439527864818453962e-01
8.334976625738040878e-01
8.419662121795941090e-01
9.199224364176614710e-01
