3.653287291643693501e-16
5.805295526691969243e-01
8.000382442969546926e-01
0.000000000000000000e+00
8.674146866444706339e-01
8.744775785714805627e-01
9.628885548267817063e-01
1.176091909546254310e+00
1.597602076637469892e+00
1.148444949012479954e+00
1.088241045174478838e+00
1.279074243309910930e+00
1.521523262334803395e+00
2.428827746521674324e+00
2.042760574379130833e+00
1.645260513803622926e+00
1.480274329240024889e+00
1.594494376921587131e+00
1.955203775150583079e+00
2.600711487288820400e+00
2.654518005487145782e+00
2.246582860625336853e+00
1.863850384383331615e+00
1.744991006152753377e+00
2.017664574886943285e+00
2.439955293108813539e+00
2.323136350249274340e+00
3.149738522931718521e+00
3.179291964886946431e+00
2.829298899294175662e+00
2.867405831368036839e+00
2.332440071780856883e+00
2.762182752267633656e+00
3.807209175125021883e+00
3.534544658810704565e+00
3.192683217383548655e+00
3.118437121719852101e+00
4.201318451479283844e+00
3.860190631019999596e+00
3.794936052696122442e+00
3.463089266517325626e+00
