2.113616326595581795e-17
1.736070796427574836e-01
3.252258257181878665e-01
-1.891234811465392099e-16
3.563484487792988320e-01
4.141958792480376905e-01
5.020095664836824456e-01
9.604229934229643328e-01
1.070602613073657894e+00
9.008336617358284615e-01
8.417716156542758288e-01
1.023196971243504505e+00
1.215731486289773011e+00
1.496590188033079638e+00
1.265959702471140647e+00
1.197559168935866003e+00
1.166015591511529337e+00
1.246938963085442609e+00
1.400873605213599493e+00
1.591402084323546351e+00
1.539579987078854906e+00
1.427903020183104665e+00
1.350350441453938455e+00
1.319550168840124771e+00
1.423993944116900501e+00
1.532330785151180486e+00
1.499322834999160303e+00
1.849537540012408332e+00
1.792896035183439096e+00
1.610972799830528324e+00
1.635084722793120449e+00
1.506719281871652605e+00
1.609419628606622465e+00
2.357765421377648440e+00
2.178023587869341249e+00
1.785385580911933889e+00
1.736898624849900097e+00
2.667515333506639053e+00
2.418572815461393244e+00
2.369236335095748380e+00
2.113139952091166673e+00
