2.360804564166484543e+00
1.012192774763204683e+00
1.815528881512685322e+00
2.907046988461472914e+00
1.203439421640179807e+00
1.151590807910134240e+00
4.307065376701664228e+00
2.538364898542521342e+00
5.191525714350073845e-02
4.567334239783005678e+00
6.689691192365617711e-01
2.718912412883126795e+00
5.397539840271951661e+00
2.346628338846360184e-01
2.281325107728369161e+00
1.172883811071270710e+00
1.467518214775410224e+00
4.421173843272342197e+00
8.127334719760934689e+00
1.483663773087724014e+00
2.340933569207777509e+00
2.309673768961221008e+00
1.905366586820417929e+00
3.145282715372905269e+00
4.612048786777375398e+00
6.182974918456665137e+00
9.381258553083981155e+00
2.331456768001136215e+00
1.538493031585402626e+00
2.039008138898317668e+00
3.866801255870414344e+00
2.999470633923173590e+00
5.567529335701677518e+00
1.310532106727664514e+00
9.404722019793094745e-01
2.430415348212174198e+00
2.954155768040878094e+00
1.699595199176954230e+00
3.031301137162003001e-01
5.252042872238649185e-01
8.904048812362305165e-01
