2.731698176251436738e+00
2.152024508671488423e+00
1.775122606354445187e+00
1.141045234937345221e+00
6.608352019234509100e-01
2.961582566335065003e+00
2.722284766108218346e+00
3.852884832570931284e+00
6.907682550563278845e-01
2.385873125318379806e+00
1.890715803785377513e+00
1.805035023008014328e+00
3.907167291638515838e+00
8.408251090585707743e-01
1.123535532186407115e+00
2.658490841030236140e+00
2.035658170974755432e+00
3.014448264205859207e+00
5.092255339396593250e+00
1.527007793767481747e+00
2.728540064774322094e+00
4.212314977688329520e+00
2.270116207023536781e+00
2.222494368113142382e+00
2.826277895648865446e+00
3.416643037754910406e+00
5.767812196779240175e+00
2.886883551087642719e+00
2.095321798546760927e+00
1.965351708286967813e+00
1.801342091905890230e+00
2.343633712609733077e+00
3.647200619394371568e+00
1.339412201892802301e+00
5.910873588023051184e-01
1.175190687924632549e+00
3.490848308354036256e+00
1.349806474538082446e+00
9.619160058774058886e-01
3.586916681721945555e-01
1.926259541258887653e+00
