8.399284366773917321e-16
5.966966584474915347e-01
9.467564664673140395e-01
0.000000000000000000e+00
9.619398620963151014e-01
1.093201030773648386e+00
1.180815904918109727e+00
1.381629039860883257e+00
1.660967325019054641e+00
1.577146809166749541e+00
1.460321807741999489e+00
1.505140712077689624e+00
1.638619478927206830e+00
1.844779482801748305e+00
1.746085284675530813e+00
1.707814525574065989e+00
1.638954083727455879e+00
1.677805877248937705e+00
1.809906926870110455e+00
1.913494273926796163e+00
1.944350878577899122e+00
1.814784017669804461e+00
1.748422722404576302e+00
1.735808306705007631e+00
1.825663770042315059e+00
1.967328842648234488e+00
1.925317010592036748e+00
2.543977205117719631e+00
2.596472979533566594e+00
2.108102144730988670e+00
2.167474737457914635e+00
1.907451706465359109e+00
2.108141147745413502e+00
3.205519679150610202e+00
3.011851256721850500e+00
2.586017578580681153e+00
2.458741802360477458e+00
3.519612251857845209e+00
3.296937457971669261e+00
3.244476677289279909e+00
2.931495523374215484e+00
