2.548700396631753406e+00
2.399546641683673709e+00
2.472468497229506124e+00
1.434536123390681928e+00
1.304923273940260753e+00
1.476221957045448230e+00
1.263134967539505382e+00
5.552267945149201189e+00
1.024326371953694359e+00
1.881133316191902605e+00
1.512463411921824985e+00
3.247233233039836797e+00
6.633477500578194075e+00
8.886625518877547814e-01
2.044625409920214576e+00
9.688885533269013806e-01
2.391895734928252359e+00
5.362768556208274084e+00
9.468997761306900074e+00
1.294044638448375695e+00
6.702096498135786673e-01
9.986663867874547851e-01
2.336859550721354761e+00
4.521774725546402252e+00
6.145885527466442788e+00
6.884710478129072442e+00
8.678360019792682678e+00
1.050286612091104521e+00
3.270292509265606551e+00
4.864157240048087694e+00
4.898917775343202052e+00
4.535322515198289217e+00
3.997777181756190679e+00
7.348336576302283429e-01
2.671891345963269826e-01
3.578467885237439194e+00
2.479322933156536735e+00
8.991747858411240912e-01
2.396726596016805821e+00
5.097842965448914354e-01
1.399711274249500814e+00
