-0.000000000000000000e+00
3.515858409152928243e-01
6.284746139665993159e-01
0.000000000000000000e+00
7.553078296967111749e-01
7.301262291585297604e-01
8.694458808855293208e-01
1.034724290157805759e+00
1.144264039064271765e+00
1.018774352294558705e+00
1.015970993699458091e+00
1.111916365219629110e+00
1.274776780040296043e+00
1.643508053663064628e+00
1.489209512507175814e+00
1.301691712865483241e+00
1.271318581952951776e+00
1.334236355399113227e+00
1.598571621046525060e+00
1.919381278961171056e+00
2.040784795264104279e+00
1.680059913896203794e+00
1.504848487128321866e+00
1.443910344504914178e+00
1.640419380103721236e+00
1.935969666904533648e+00
1.865153406466194319e+00
2.393534257383876263e+00
2.446039837903161818e+00
2.163364904840827663e+00
2.194235671102944707e+00
1.843142463689658062e+00
2.147528617577164400e+00
2.954670063138410185e+00
2.782003286360350103e+00
2.421369672841208409e+00
2.353725694000815771e+00
3.358686387536927942e+00
3.113414223781034273e+00
3.070897618157658826e+00
2.657008331619757691e+00
