1.456926950411548516e+00
3.029899080300001213e+00
3.710312017260076534e+00
9.452768395679951308e-01
5.659640356306246955e-01
1.407374797353414753e+00
1.514899842165466470e+00
3.077205932855866077e+00
7.243051424909257019e-01
1.551610605975270341e+00
3.745812233066030839e+00
4.437960874992082694e+00
4.354342415170317615e+00
7.705675734707386759e-01
1.494035265125875700e+00
1.555508480872463961e+00
4.074359725119295561e+00
5.545034854800862334e+00
9.369935334669577287e+00
1.580280451633369498e+00
1.734198529399714417e+00
1.218824723219429584e+00
3.161265639979169872e+00
5.401444023659249360e+00
6.996925466234774404e+00
8.177644781150203102e+00
1.009492822155992720e+01
1.190519910524948211e+00
1.228657366179861432e+00
2.380134124200917078e+00
5.386121234055027074e+00
4.349420397338847444e+00
4.929195454296057655e+00
1.182653170399238451e+00
1.342848169312053308e+00
4.422731410080452896e+00
2.319998091798011419e+00
1.381385153454721459e+00
5.058862977929776683e-01
1.779251070203774487e-01
1.004778099999765084e+00
