1.594401306863015177e+00
1.225603879724577405e+00
5.295623229358525919e+00
1.993722744051286133e+00
2.538800155934175518e+00
8.469406505632814941e-01
2.022209698086836926e+00
3.824443017044627080e+00
6.925286670420852664e-01
1.153720421623694037e+00
1.711587523678122391e+00
3.567019870878604948e+00
5.467999325893154960e+00
1.167369656814290835e+00
2.170827713966150707e+00
1.525972426287910855e+00
2.546516979215580623e+00
4.692806187438433696e+00
8.218901527088457115e+00
8.361045123370492993e-01
1.358525594686043059e+00
1.601183185707828693e+00
2.497629541559963862e+00
3.778390979122039361e+00
5.245078090691880135e+00
6.196532863434386584e+00
8.706511645232183128e+00
2.339917675219888693e+00
2.298154156749693922e+00
2.577371118541289530e+00
3.851145632060747115e+00
3.790586063822070084e+00
4.640438721809550415e+00
8.483256713793203563e-01
1.043817152860511577e+00
2.369509031306768154e+00
3.336331523694965995e+00
5.834992364497704198e-01
1.468436472595383124e+00
3.212860747158892138e-01
2.094766393972853802e+00
