3.280905346495770036e+00
8.663917492765348394e-01
6.687364283035713841e-01
1.673462925330275741e+00
3.070330410370822438e+00
2.345873677526575385e+00
4.306471533555590092e+00
1.315540638057810963e+00
2.076153740030720396e+00
6.873045160018312894e-01
1.956720120494233051e+00
2.932510557023806363e+00
3.607590859941873340e+00
1.643512669782081881e+00
1.288296005073975792e+00
1.404054279948455441e+00
2.826137358077128958e+00
3.832262780851940054e+00
5.411326244752565628e+00
1.507541400461758441e+00
1.794231723109144472e+00
2.647841633594309130e+00
2.747487267569408420e+00
3.517312180247776698e+00
4.088476963846973788e+00
4.094690877487401792e+00
5.103120771171916203e+00
1.987633519722751041e+00
2.251262128250764771e+00
3.593703193935038342e+00
2.795735179356206412e+00
3.642162589661173122e+00
2.220315990867276046e+00
1.042335008768427995e+00
1.765869875110101406e+00
2.273701338181405518e+00
1.119414035473274005e+00
4.391099217095326135e-01
5.226511527485486752e-01
5.327373822350371935e-01
6.083057430714554625e-01
