2.182402126628161021e+00
1.745157451123889869e+00
2.389181623990667358e+00
2.191608940782687309e+00
1.510319013397515286e+00
1.819696573000610496e+00
1.810612577976749904e+00
2.412745893803772024e+00
1.157613825095711979e+00
2.048332376144556211e+00
2.293824747296760336e+00
2.403275603706852337e+00
3.410235479893451771e+00
7.490133762067584522e-01
2.156823152759655748e+00
2.262862510363094604e+00
2.067737013875158514e+00
3.069728632677441116e+00
4.922422947950459537e+00
9.051213567408332716e-01
3.579936897637634452e+00
2.058643836141331285e+00
2.050997925447632486e+00
2.517419730130001643e+00
3.244267222392703154e+00
3.549267804651462743e+00
5.224672329654675096e+00
3.816753560974615600e-01
4.233144579432022603e+00
1.818444914850908090e+00
1.801753703446324018e+00
2.300785726119279229e+00
2.553753101519220525e+00
1.939858293693546898e+00
2.860933839512401211e-01
1.315764455466758687e+00
1.464650348840614180e+00
1.260781381052284766e+00
7.468780758654395280e-01
4.566235388770262249e-01
1.526957527080265775e+00
