1.842712301127227503e+00
5.976987363175826351e-01
2.938603918242333801e+00
3.152617369560378968e+00
3.193644079469102781e+00
1.357767221716816408e+00
1.420994433232705800e+00
2.691908541007093980e+00
1.610001493416607143e+00
2.534399276130749001e+00
1.219820327775410718e+00
2.052903274872008854e+00
3.764621024469491317e+00
2.352869998027039333e+00
1.071862467876764979e+00
1.803293274116335443e+00
1.401284952398654360e+00
2.926334433976532701e+00
4.990967356402907562e+00
1.913779342056710631e+00
3.757458854819880845e+00
2.071591184971347310e+00
1.826381620025196995e+00
2.307972901494276918e+00
2.919447080269906625e+00
3.356721702631766835e+00
5.062312239536180591e+00
8.772549631068629061e-01
3.662925406294553099e+00
2.078839298123040802e+00
1.861933089630880112e+00
2.175766966598192020e+00
2.458170783640594159e+00
1.236905698404292542e+00
1.059841514788646188e+00
1.283987722890044703e+00
1.504716506953184707e+00
9.945240334724265718e-01
5.982074065030997811e-01
6.971947423206938943e-01
5.730972865826727825e-01
