2.932050303851002921e-16
4.607439916549193049e-01
6.994314094095784862e-01
0.000000000000000000e+00
8.553603269941767451e-01
8.934290125141094441e-01
9.759609823059393063e-01
1.181828960775680448e+00
1.209503509698652612e+00
1.136483613650990598e+00
1.172379908495801759e+00
1.303600620594540072e+00
1.496033824377907662e+00
1.772981351232745029e+00
1.458675636034709067e+00
1.379471751393662959e+00
1.428679674488471774e+00
1.541202196031708826e+00
1.740388836299938458e+00
2.016695997257112349e+00
2.034191466316772168e+00
1.752374856493837063e+00
1.642432898787255180e+00
1.623527975667383272e+00
1.771071503017436655e+00
1.965716705862479596e+00
1.904066084981205220e+00
2.664575972770823586e+00
2.719988672778147265e+00
2.180019471542100629e+00
2.214409701124503638e+00
1.908418567474521987e+00
2.139480157065294375e+00
3.195113279328919198e+00
3.105313194905816587e+00
2.629425255794301641e+00
2.508512407625222096e+00
3.555008229001947573e+00
3.349671590727886894e+00
3.309704238815547761e+00
3.047882867353321146e+00
