2.824318927727660355e+00
5.209376342990494901e-01
4.296014592365698270e+00
1.835936974763381579e+00
3.104084420566475711e+00
5.056590286908163590e-01
3.054912795833270689e+00
2.516500310139845098e+00
1.555442943904465913e+00
1.391906182442498308e+00
1.990928212021576549e+00
3.432413146551794636e+00
4.467096068042859969e+00
1.421454096313853332e+00
1.187172534846288929e+00
1.286391569963173609e+00
2.368444501678513170e+00
4.287379531796132071e+00
6.970348226926938118e+00
2.005049154608082862e+00
1.777077482172164657e+00
1.831335467301715259e+00
2.527675286294423618e+00
3.697471713918695002e+00
4.599894626835665079e+00
5.243084587187952117e+00
6.936026404331446571e+00
3.087079454522443811e+00
1.802536685523006499e+00
2.258541730911416856e+00
3.305021720892129089e+00
3.401628196513359903e+00
3.160387330508189319e+00
1.285065413639306042e+00
9.135809303170554507e-01
2.473435388340014196e+00
1.810871505495542211e+00
6.867658480549655442e-01
1.106752756986053798e+00
4.411784216154695515e-01
1.825147312644677999e+00
