-0.000000000000000000e+00
5.151070756548664642e-01
7.854847831247399048e-01
0.000000000000000000e+00
7.846899746040637558e-01
8.555402522160160395e-01
9.509306948728053488e-01
1.105851404552911310e+00
1.419533810865253320e+00
1.157708248679281127e+00
1.114406141991779675e+00
1.199878905606298396e+00
1.435993941963907394e+00
2.032577338139517131e+00
1.799702749697493775e+00
1.414016195406849530e+00
1.350596018634785400e+00
1.515060750669360523e+00
1.886963157111835487e+00
2.340684854626051248e+00
2.356888250672103169e+00
2.126116285497425373e+00
1.782319603391476770e+00
1.674319003218611934e+00
1.966596395382595119e+00
2.303013712970058524e+00
2.195443253621427449e+00
2.792139722865935259e+00
2.789636467622032434e+00
2.526288071543304703e+00
2.594583675274709123e+00
2.260750790249136610e+00
2.524595685677269774e+00
3.534502800261875244e+00
3.215414578536719414e+00
2.848834843944396233e+00
2.796239143260503379e+00
3.835114539672365375e+00
3.537869709096861381e+00
3.480545810811505714e+00
3.139485072079714278e+00
