-0.000000000000000000e+00
3.187695774866047826e-01
6.364655684273290426e-01
0.000000000000000000e+00
6.210267957046671228e-01
6.919903065078724103e-01
8.215886216083897464e-01
1.004323082390493171e+00
1.215512375378228871e+00
1.005450365667205359e+00
9.834468233890050204e-01
1.084929023797426284e+00
1.228776793764569275e+00
1.643756761056681670e+00
1.383504752513235347e+00
1.223808174263114834e+00
1.189516186252226548e+00
1.261647863629741018e+00
1.440058250212428614e+00
1.818438139866122016e+00
1.820308593345581594e+00
1.465770502379295293e+00
1.344191790899545991e+00
1.327743718409825524e+00
1.461540822831592257e+00
1.688949078451792651e+00
1.625898608275445412e+00
2.511819415116209875e+00
2.535000550552466425e+00
1.951187574085090803e+00
1.993660724381522975e+00
1.601190215486005597e+00
1.910657923484389675e+00
2.960764509562789470e+00
2.823696608386752516e+00
2.518662864525663014e+00
2.353844921941863344e+00
3.162662211527742073e+00
2.975784500203840555e+00
2.946853594377333962e+00
2.794682898627486978e+00
