-6.686949519965159328e-17
2.169158393255500861e-01
4.249049139919597318e-01
-1.141646925653730102e-16
4.085752742225313150e-01
4.516325486171463566e-01
6.117438527110903301e-01
1.033045644580168343e+00
1.194955741696131390e+00
1.030705080757302383e+00
1.018833288009207472e+00
1.096751469096752585e+00
1.230026133252643872e+00
1.601024192744612495e+00
1.382096249307277702e+00
1.210188599167824286e+00
1.185447178682046632e+00
1.245974320259365831e+00
1.377974266262787184e+00
1.799060256681448866e+00
1.792652603349987217e+00
1.401007748058588742e+00
1.289423589728403652e+00
1.287987827864128576e+00
1.388732699443982366e+00
1.583341653744807065e+00
1.530131596242876979e+00
2.486122577917771359e+00
2.448996010957700697e+00
1.879443135961495814e+00
1.880839231458151239e+00
1.501160442629637437e+00
1.797122849531503919e+00
3.203605868999683359e+00
2.939820126786881982e+00
2.406460581134571175e+00
2.261595096926952930e+00
3.701728213993628724e+00
3.354845705921160715e+00
3.270180029876507355e+00
2.833256355341065902e+00
