2.617136894457392213e-16
3.800350488483912881e-01
8.054025704957705756e-01
0.000000000000000000e+00
6.439880254234521262e-01
8.228231071604971136e-01
9.705485206135400222e-01
1.035379965964732918e+00
1.075374023422410286e+00
9.918661446478157506e-01
1.007759738026997587e+00
1.046028079609652828e+00
1.077365334960082688e+00
1.349759471352010909e+00
1.156835014169965259e+00
1.054552143329098302e+00
1.053627904002316207e+00
1.078258659555460408e+00
1.116118912551659292e+00
1.415114590940617312e+00
1.293351162668032295e+00
1.131152989662019159e+00
1.081633946228961696e+00
1.086227187733429522e+00
1.117468866999181243e+00
1.189373772278141228e+00
1.169823255829004038e+00
2.048052231857228289e+00
1.857499468315765512e+00
1.329919433007163310e+00
1.320170856811920146e+00
1.155075009832178257e+00
1.277527424509192544e+00
2.429436672626907434e+00
2.240128333854608744e+00
1.684881342286397743e+00
1.540416546615529736e+00
2.675413031610077930e+00
2.486084562924762320e+00
2.439516003038571412e+00
2.113826297743270022e+00
