-1.457427131384995620e-16
4.115270138580593984e-01
8.050868485070511449e-01
0.000000000000000000e+00
9.215677669620123691e-01
1.005162677461174825e+00
1.017959605124552969e+00
1.188909542265022878e+00
1.379693433072638031e+00
1.311343979138967608e+00
1.305304532327568268e+00
1.320907879948019614e+00
1.475470759164636325e+00
1.759044049478893479e+00
1.590575933143175913e+00
1.498132210160470157e+00
1.481357113614469645e+00
1.536728414744435556e+00
1.795902473998134408e+00
2.090003865593930144e+00
2.232174235170828247e+00
1.813506883374400136e+00
1.656866937227226444e+00
1.631574659391381354e+00
1.830774315965023158e+00
2.174777646136972997e+00
2.083882759199696455e+00
2.890624921798317093e+00
2.905204707595937741e+00
2.487822538960234198e+00
2.558879598454522508e+00
2.044381110831223758e+00
2.470580232361061945e+00
3.426603382055675606e+00
3.230969985687349055e+00
2.905510517895325773e+00
2.825037225146563635e+00
3.739173642283535326e+00
3.480175900171971648e+00
3.420680786195490874e+00
3.168629458847906477e+00
