2.266367085246033309e-16
2.303130058154856663e-01
4.646350118584214317e-01
4.948664845868954690e-16
5.909720914196499031e-01
5.920107680224296898e-01
6.577714181057769949e-01
1.103460622500078703e+00
1.245104599174118976e+00
1.197118903050513605e+00
1.249708269236374125e+00
1.333277282953289511e+00
1.529622394990512557e+00
1.607555618362324301e+00
1.559374527300510183e+00
1.579333858469376795e+00
1.585275221612404195e+00
1.614480547054564008e+00
1.809955696117376833e+00
1.931176808813006796e+00
2.018672130101510476e+00
1.821774104135710726e+00
1.758944096328699080e+00
1.718505845902470464e+00
1.841803419504094874e+00
2.021149962127813282e+00
1.969035893494279765e+00
2.451163839894709096e+00
2.503071205651803854e+00
2.166849079673543343e+00
2.232368882146411604e+00
1.955542686369614813e+00
2.182901892453930959e+00
2.888780892218863805e+00
2.766185416031780253e+00
2.530447552868557715e+00
2.460062319581103996e+00
3.074130512014813910e+00
2.930674843865977763e+00
2.900530099840392229e+00
2.728324838198020519e+00
