2.247641069634518374e+00
2.557367675827149966e+00
1.716226680663201165e+00
1.000287738848709251e+00
2.121709856186946297e+00
1.106973340430032593e+00
2.155165876979901363e+00
2.322485717322015475e+00
1.307519147070020704e+00
1.768996924079073274e+00
2.221511212782771860e+00
3.381336464582241685e+00
3.219348320998427493e+00
1.086600226996759622e+00
8.700218066575952092e-01
2.205826626400017698e+00
3.113255447871493331e+00
4.042617890347901977e+00
5.626489146391478791e+00
2.868041178773379052e+00
1.457058859472961654e+00
2.049991363134892719e+00
3.265342806336119619e+00
4.008668792046246487e+00
4.867224403455414183e+00
4.765362491063335426e+00
5.195153608662169908e+00
2.026157647219471336e+00
1.596559736581536049e+00
3.590529212019052174e+00
3.269680797681653761e+00
4.312727054079689815e+00
2.239412309088737452e+00
1.953062907060044706e+00
8.629855970994253500e-01
2.985113170789142067e+00
1.074172653280171419e+00
8.054855752126006685e-01
8.094114181064010483e-01
3.761429747035490712e-01
1.236416531743801395e+00
