2.932127121398259707e-16
4.155002893978614331e-01
9.542892564657885490e-01
0.000000000000000000e+00
6.704676829359623724e-01
8.013492143772046328e-01
1.118293503098057640e+00
1.321550061666167730e+00
1.186649326206317134e+00
1.096893283382116335e+00
1.216496529660346271e+00
1.343105539151446148e+00
1.416379146326124161e+00
1.587514956713328207e+00
1.402127328366578052e+00
1.351941322457683947e+00
1.373255050166661384e+00
1.421188413303571707e+00
1.484004368807410046e+00
1.699963327782566980e+00
1.644961389738433422e+00
1.499268821378248573e+00
1.441627926630342005e+00
1.441017248792426209e+00
1.487662130784455528e+00
1.567462619775801258e+00
1.546895106743351622e+00
2.128384598116078052e+00
2.045685142084072705e+00
1.677665799148944537e+00
1.681076085391188357e+00
1.533866096771848042e+00
1.647678493880004424e+00
2.823723341805921550e+00
2.543931746890033097e+00
1.968620055503755628e+00
1.852454225824847756e+00
3.118556004055176523e+00
2.856836491980295101e+00
2.796690951600103503e+00
2.408930601902115498e+00
