4.251329177110188475e-16
5.459935000105701208e-01
9.944091078635942660e-01
0.000000000000000000e+00
6.455260639338880058e-01
7.983264876708958679e-01
1.037396454443755278e+00
1.163071011707625502e+00
9.725144978587293432e-01
9.727729667230888833e-01
1.094594402982296266e+00
1.173902804576154812e+00
1.246187091336375286e+00
1.406286127521752638e+00
1.229352529004160921e+00
1.197824569382321291e+00
1.209408536987612637e+00
1.252127020515924949e+00
1.323356358207786743e+00
1.565441377963350478e+00
1.440472346200080800e+00
1.319474469117568827e+00
1.281136179988919377e+00
1.276868378677809002e+00
1.328375877714532693e+00
1.412486594900363768e+00
1.390899622938561508e+00
1.848754816238751042e+00
1.772475623378632514e+00
1.486661919801444354e+00
1.520212728001719693e+00
1.374631975298716613e+00
1.493386415223458830e+00
2.320062276325643325e+00
2.106518699783318738e+00
1.742310977382730330e+00
1.667772150390330443e+00
2.514025875902595075e+00
2.333228310541802131e+00
2.287226265194991726e+00
2.011853121209235429e+00
