9.672726215238254618e-17
2.602470915766060822e-01
4.980098524036219443e-01
-6.710367322386878042e-16
3.662594115342737711e-01
4.554679964014642923e-01
5.597574747874746182e-01
6.704824697618720908e-01
6.637780054244811767e-01
6.082036311283882668e-01
6.343462633957461794e-01
6.950049883708003806e-01
7.828348990478373182e-01
1.032168986315823878e+00
7.991535434898129342e-01
7.191275966201611247e-01
7.334222091793709541e-01
7.896184618897568175e-01
8.767363427635503914e-01
1.172448774647411485e+00
1.003490445691223476e+00
8.345370333305142108e-01
8.040736887177858394e-01
8.150611118331221316e-01
8.787810937386469901e-01
9.798073473838619929e-01
9.551407252640934376e-01
1.655776202086020943e+00
1.468497431391854846e+00
1.073184255012690214e+00
1.106778047098666562e+00
9.289123417621338863e-01
1.074340180014706325e+00
1.844259384342223917e+00
1.682831010055484189e+00
1.352643950136449558e+00
1.266132498052618294e+00
2.051870735550981095e+00
1.872196298703409090e+00
1.838292952805615110e+00
1.598895240447955501e+00
