3.624780712605484285e-16
5.594633637423765959e-01
8.233444043886212205e-01
0.000000000000000000e+00
8.514618568126138820e-01
8.490780707841568686e-01
8.857260401628809232e-01
9.618763212489398473e-01
1.177812706813811117e+00
1.077759527656178440e+00
9.644956384550987805e-01
9.861466980755199119e-01
1.062341492779182772e+00
1.463445496258814149e+00
1.290349117169504289e+00
1.102314782540577243e+00
1.041230903016497011e+00
1.082367608723393548e+00
1.226345030889502752e+00
1.653301050927453719e+00
1.613026919517718927e+00
1.311788618619947222e+00
1.160723618831014159e+00
1.133190934005475325e+00
1.252055793100806280e+00
1.465246068089243625e+00
1.405748261722032488e+00
2.256961149523607268e+00
2.229796579806453849e+00
1.717433558091989498e+00
1.739408430810943651e+00
1.397133839043781300e+00
1.670552682357690832e+00
3.002421991247292699e+00
2.753359028883080928e+00
2.184147115311243947e+00
2.042779333923669505e+00
3.336331060562662820e+00
3.054856929996730752e+00
2.995749038414380117e+00
2.660486759535247270e+00
