4.724861256266604137e+00
9.217022528391189962e-01
1.138531415742291886e+00
1.464837602314083220e+00
8.397067171369592131e-01
4.666464957689568926e+00
2.464740109695595649e+00
3.948194460034844866e+00
2.475611876884669105e+00
1.270627584097511642e+00
9.155067178189228994e-01
2.356448005760194420e+00
5.591012743976167876e+00
3.329543575082818396e-01
1.251349288447805463e+00
1.241402992436405839e+00
1.886399711933818280e+00
3.963817925671661246e+00
7.490297123640067944e+00
3.383639313984745378e+00
2.260190746309581389e+00
1.532052440896265022e+00
1.736947682508703794e+00
2.962305927308206854e+00
3.829977492404851525e+00
4.836582328908304085e+00
8.333874623831320605e+00
1.450253231669253795e+00
3.292455819306988385e+00
1.763772936008049852e+00
2.357410068535283898e+00
2.505975268600757033e+00
4.097606643768180845e+00
9.660455806238479326e-01
1.671746925691833363e+00
1.528511862940880706e+00
2.157804146284133751e+00
3.975111708346357742e-01
4.513591371384714224e-01
3.889596863703357471e-02
9.536194030881490757e-01
