9.988781423275266924e-17
3.032038563466882275e-01
6.812274016248578423e-01
0.000000000000000000e+00
8.719315198274318890e-01
8.944070380931399278e-01
9.762139963152240973e-01
1.138000849998111796e+00
1.568954377397643540e+00
1.379821022833496835e+00
1.258889277509208870e+00
1.234332109301411684e+00
1.352522537170744776e+00
2.078841493490666714e+00
1.744290716116889239e+00
1.554248109042688952e+00
1.401919409965973529e+00
1.418434867827283119e+00
1.636028136227744678e+00
2.068124141031380425e+00
1.956023521173354318e+00
1.804619313538420089e+00
1.634093586316355262e+00
1.529055922322605898e+00
1.685524926859652606e+00
1.889520950564376189e+00
1.832667685313724482e+00
2.281056601175022625e+00
2.251365628520902717e+00
2.022150322062430838e+00
2.065005199153026716e+00
1.847158753770331785e+00
2.033715345235342475e+00
2.960082672701891848e+00
2.656044580587152204e+00
2.262949782501453289e+00
2.207632121317954166e+00
3.349295541694522704e+00
2.953474053737284333e+00
2.884098894270627156e+00
2.567837696905755251e+00
