2.696097124364579045e+00
1.822658771042090509e+00
1.897435570018088935e+00
1.723408116802300993e+00
1.046351647259912809e+00
2.927772346327459640e+00
1.795816703916918833e+00
2.991285096357048090e+00
1.158677507281091756e+00
2.203531895307612842e+00
1.713419938557096067e+00
2.708582985827218348e+00
4.333796688520691553e+00
7.341628509232894784e-01
1.946088590380070427e+00
1.505798117194727670e+00
2.483849364120805259e+00
3.957820607062771501e+00
6.677275424994111752e+00
1.106210269656419332e+00
2.666562035345956261e+00
1.884913744780015943e+00
2.439244825573541942e+00
3.486030897897363090e+00
4.335552675536820111e+00
5.280247750060773626e+00
7.419102114602867282e+00
3.547217277228632337e+00
1.379971355107974640e+00
1.567938085785726132e+00
2.987658883332784399e+00
2.896919675772188452e+00
4.273126274412558878e+00
1.636568376315961082e+00
1.317096146459013628e+00
1.700078298074916283e+00
2.245441362904774696e+00
3.502610634118418775e-01
7.410945855922442815e-01
3.958402249558293229e-01
1.214543190692622732e+00
