-4.346214895646281377e-16
6.302718678092882332e-01
1.204328959124702614e+00
0.000000000000000000e+00
1.091417115516976066e+00
1.225880602036029332e+00
1.555938231718692499e+00
1.842458344664626546e+00
2.001942615401414827e+00
1.735130835817323414e+00
1.782058904471839123e+00
1.915143410664571721e+00
2.022147251494379017e+00
2.665617280893298524e+00
2.318174548324905437e+00
2.006491510065878003e+00
1.974990929697116204e+00
2.035315409337971726e+00
2.138807394747606061e+00
2.790913597720039885e+00
2.655411882356197406e+00
2.256151674435365351e+00
2.081765938851000364e+00
2.069061074505736286e+00
2.148280044408228395e+00
2.305982721929397350e+00
2.261077044055208596e+00
3.223793862377372754e+00
3.204458741081760209e+00
2.635194099892884889e+00
2.574426489350024383e+00
2.249438672972519093e+00
2.486835995417332246e+00
4.042029719050309389e+00
3.765191248072093710e+00
3.162402157403749747e+00
2.967848413526709361e+00
4.539952311067360746e+00
4.175279747352981907e+00
4.092687891512272635e+00
3.666981152654103848e+00
