2.436946810893750204e+00
2.205947738596424124e+00
3.275666276388086384e+00
8.937934393314956871e-01
1.693578463206995899e+00
9.676000255749961365e-01
2.428576231805088526e+00
5.141947361278936590e+00
1.341359595814390238e+00
1.398393651375733793e+00
1.967259977959321171e+00
3.124845965484738031e+00
6.451318692030203472e+00
1.673412338895982066e+00
1.119978087826746904e+00
1.331756839737948672e+00
2.290768082209760248e+00
5.023576284499511324e+00
9.404032105577057266e+00
1.210115659776340058e+00
9.736952933844881253e-01
2.154247295698648479e+00
2.625588162486365729e+00
3.970432587284032255e+00
5.472078116501140066e+00
7.371490856436538230e+00
9.805786597385292680e+00
2.507243543968694865e+00
1.035095942083391174e+00
2.919101363922109726e+00
5.395609597188904871e+00
4.356042701720022059e+00
5.821079884478766786e+00
1.011339877422219091e+00
1.305604918662016001e+00
3.248220591505695420e+00
5.183015684486210972e+00
1.004589661025818925e+00
8.273756121306719002e-01
4.216291866780568220e-01
1.489670324173230309e+00
