2.255616703205540752e+00
2.466925934192881087e+00
1.567783206231000648e+00
1.195093747507331106e+00
1.824471639401511469e+00
1.057402462763048057e+00
3.228535314089978403e+00
2.927703745234384591e+00
2.091694807171740944e+00
7.016338980623235688e-01
2.356543007280464508e+00
4.026809395174264949e+00
4.288785621282502625e+00
9.766845216159324439e-01
1.451734393488613772e+00
1.166145412515498858e+00
3.552016979016377363e+00
4.804088666241796979e+00
6.857922029151745313e+00
8.492172113847629156e-01
1.613512329658645994e+00
2.133377325430913629e+00
3.393475673652758484e+00
4.351242455098709883e+00
5.085548290746332079e+00
4.544717735553792437e+00
6.573290142522740354e+00
1.340784526746829908e+00
5.731504797130121176e+00
2.739569026816365938e+00
2.041845820759924379e+00
4.184826252102429756e+00
2.485148693831308098e+00
2.802014684495266472e-01
3.685509440168135975e-01
6.055882882475451812e-01
8.363617459605627857e-01
1.387291669618334167e+00
1.399693604255763058e+00
1.062715250058430705e+00
2.648966130984287681e-01
