1.871865703635126943e+00
2.464772779324997387e+00
1.984202056357930122e+00
1.873326387925950742e+00
1.415435083195329513e+00
1.312802728035552535e+00
2.117379662712144395e+00
5.771707097078587090e+00
3.104424681179132062e+00
8.787174570305166244e-01
9.700608121226144132e-01
4.710383975885375385e+00
8.570903331441121153e+00
9.602149033569566949e-01
1.060232339475402075e+00
7.005091024571145075e-01
2.219871948381130000e+00
7.089119731362936605e+00
1.398305360750550719e+01
1.671381351241228330e+00
1.279026981515347217e+00
1.155057659890971866e+00
1.938051834959329423e+00
5.118308946609495536e+00
7.121886840360423854e+00
1.079441140130299992e+01
1.595677967117450535e+01
1.514187330553803168e+00
1.323691381162075409e+00
1.613484772254669464e+00
6.552426293302681337e+00
3.508587204370638535e+00
8.480711737830061381e+00
2.230749132694775039e+00
4.052083201328142148e-01
4.984328687305042749e+00
2.810279915241322257e+00
1.302705032312678535e+00
4.424753376280043948e-01
1.122109775051604252e+00
6.348844538884450550e-01
