2.551850363097859731e+00
2.278556212108357126e+00
1.170326937523979982e+00
1.341981240782244456e+00
1.887695096877053391e+00
1.114822330977611742e+00
2.370963337949983707e+00
2.568937890057326090e+00
1.059337226601377857e+00
2.684435078268904817e+00
2.066749493933013326e+00
1.886847911754337970e+00
3.128390741937148611e+00
1.948699690904646564e+00
9.589312633464543989e-01
2.818773329647291881e+00
2.063189385234342144e+00
2.865917660791356791e+00
4.131964669943539725e+00
8.377353298084768696e-01
2.329682749452743895e+00
3.754916054433527606e+00
2.954922422247737046e+00
2.367637182558218090e+00
3.013078224617413703e+00
3.305964652190857667e+00
3.800628320072072963e+00
1.851507208868834242e+00
1.430211137993276260e+00
5.467733052872134181e+00
2.704075736333695357e+00
3.645712573676787915e+00
2.122100846637140936e+00
1.418985013926983507e+00
4.802725576672634555e-01
2.939300782749209695e+00
2.975485920380217308e+00
1.096944843526454827e+00
1.716057259952224578e+00
5.537409016474076351e-01
2.020137375420853143e+00
