1.402691721092656385e+00
2.365692924527493357e+00
2.923212325874891881e+00
2.134559209960211312e+00
6.624665724435888636e-01
2.084417619295168222e+00
1.578793239514952429e+00
2.714349399023983533e+00
5.766709893512443896e-01
1.614833773621962010e+00
4.348639687821050259e+00
2.755271028193383653e+00
3.078752795544646759e+00
1.022889548389588343e+00
1.421935050207422835e+00
3.046822174733248012e+00
3.218409763518996325e+00
3.597717799059747534e+00
5.853272335474662746e+00
2.232250232159855852e+00
1.433898559085018842e+00
1.740336686614929684e+00
2.983296836881744074e+00
3.359795479218047554e+00
4.616883023029689781e+00
4.277998471343799736e+00
6.540150755691458428e+00
8.904109811715145151e-01
4.517647036174834874e+00
2.903057133532012557e+00
2.284138234143279433e+00
3.561950811032257302e+00
3.073652428057315422e+00
6.898192077821847512e-01
7.271385908127420139e-01
1.438036976266730660e+00
1.754218901173079104e+00
1.201004932822010263e+00
1.181806565937166820e+00
6.284757158195408699e-01
6.365867464071911508e-01
