2.774901381527946004e-16
4.161721881152354308e-01
5.684679754854230493e-01
0.000000000000000000e+00
8.546030548603478216e-01
8.421181503013728253e-01
8.331069197907702284e-01
1.066126594481529688e+00
1.336382111723998678e+00
1.196988151429900782e+00
1.119631018366754827e+00
1.295262980497553507e+00
1.604016866519863083e+00
1.860224510953859989e+00
1.692490205462061637e+00
1.588335426205055967e+00
1.555532398821046991e+00
1.703701704066648670e+00
2.055988639865846235e+00
2.187898973533577429e+00
2.304533107504384670e+00
2.120591952952003201e+00
1.947284976465902817e+00
1.864485579407158200e+00
2.105442340948617819e+00
2.392133909047184037e+00
2.312310840818786239e+00
2.817830963491329221e+00
2.871737262676868685e+00
2.551214311691836656e+00
2.653270701682507227e+00
2.304544463265065790e+00
2.600952922521966304e+00
3.740993313978744350e+00
3.366960729085092474e+00
2.962122862601739293e+00
2.901668535094547696e+00
4.121047393862043329e+00
3.745037500229599914e+00
3.636023263162458719e+00
3.276113819353136947e+00
