2.260012454792568182e+00
2.044210360114717240e+00
4.029502725423546927e+00
1.497883987198576961e+00
9.796586826027601225e-01
2.037458071020674666e+00
1.422005372827638947e+00
4.261596803852544468e+00
1.679553247610721556e+00
1.645765557163060722e+00
1.629795846784360736e+00
2.137557168371269078e+00
4.444727402431126073e+00
1.111950417018022774e+00
1.173621977063397326e+00
2.526038618318763529e+00
2.005192206922489007e+00
3.332249367622771352e+00
5.190230375939697716e+00
2.180390426810632221e+00
1.299234193838918916e+00
4.120501005773383518e+00
2.085875701446644470e+00
2.287810575398527835e+00
3.031778652991536482e+00
3.663551079509582475e+00
5.257558608939553402e+00
3.005447783791043825e+00
1.672701141180285678e+00
2.374970598403946642e+00
2.363997695507475516e+00
2.798244464809223508e+00
3.161981959598675562e+00
1.776922027050341191e+00
8.933879981739106801e-01
2.315536374106624606e+00
3.010056720212433312e+00
1.195943167696509546e+00
7.467352726603557755e-01
2.544564776860088751e-01
1.175839382363940366e+00
