-9.693702577391573484e-16
3.214158975317822353e-01
4.326505246759954626e-01
0.000000000000000000e+00
5.831892691683027152e-01
6.292145639406631075e-01
5.545239076388126520e-01
6.455560745432554759e-01
8.225039333775817640e-01
7.886177494574221347e-01
7.655183753512705414e-01
7.829200468486484654e-01
9.060991215952106659e-01
1.364267852209888110e+00
9.925055615813368481e-01
8.895748825605455101e-01
9.017548283274692267e-01
9.598354608090865492e-01
1.119124430110246537e+00
1.420909848206040493e+00
1.311665489171403021e+00
1.146165884887095254e+00
1.051679541597216883e+00
1.029811930747826398e+00
1.144714563699499310e+00
1.277836921419694294e+00
1.236250988496341074e+00
1.681824617273587563e+00
1.545142970878632838e+00
1.376045557085228133e+00
1.405303734649779868e+00
1.243685561002421114e+00
1.372806534972902615e+00
2.051992332225863969e+00
1.767002444216182688e+00
1.542263086735172539e+00
1.509252913183569245e+00
2.362655552271661907e+00
2.076988901120376596e+00
2.006641452753566313e+00
1.700770532170399196e+00
