-1.977085895839316789e-16
5.034117975190091077e-01
6.837109820160540696e-01
0.000000000000000000e+00
1.010029130481945980e+00
1.041961660024668612e+00
1.031629559079470404e+00
1.142676014015298502e+00
1.459795321559445247e+00
1.448317691003019547e+00
1.456874822384601087e+00
1.453081412732901256e+00
1.591454500324674726e+00
1.745890737562795003e+00
1.750680007641782110e+00
1.719173183135866978e+00
1.655721277956459625e+00
1.688002719162661647e+00
1.895964274332140764e+00
2.020287359706485208e+00
2.101967409493307848e+00
2.000521754513726602e+00
1.862262067700798385e+00
1.791037233461086675e+00
1.930182812539448234e+00
2.137291655471272200e+00
2.080791522461809873e+00
2.376126002589367570e+00
2.470605097370033754e+00
2.260004786385967801e+00
2.346197629019399322e+00
2.069669056190119427e+00
2.312661078739364218e+00
3.045195692460408221e+00
2.895978516680889125e+00
2.571815090773998502e+00
2.525103909052016871e+00
3.433291334690493191e+00
3.178710979748365251e+00
3.129615318487217301e+00
2.838655706718142824e+00
