1.646736741982308239e+00
2.803050022845517741e+00
1.288141117275655390e+00
1.193692950587636359e+00
1.467399642258947701e+00
1.955871007271074768e+00
2.252129943715623916e+00
4.391802972990284104e+00
1.546066055139702078e+00
1.513053659332754153e+00
1.934309824416859724e+00
3.501456604561094643e+00
4.324593328189569874e+00
1.678677561881756874e+00
7.465881375012772825e-01
2.513425256859860735e+00
3.289843660660189517e+00
4.601118476202035623e+00
6.917496462190168671e+00
8.047529991555959494e-01
2.205202231776746569e+00
2.784385019673533357e+00
3.363402120306326903e+00
3.820325554164612392e+00
4.759297853428803293e+00
4.421922331262183370e+00
7.499158317309426280e+00
5.427586938854945808e-01
5.434201061734257543e+00
2.319610751404311610e+00
1.857226805842507433e+00
3.688836481645958898e+00
3.461013159812539541e+00
9.421189645184717687e-01
3.860316197060608689e-01
5.926614573119459717e-01
1.322884883609244833e+00
1.132125877596389385e+00
1.392447180438995513e+00
4.068601363326180276e-01
1.151849156066212965e+00
