3.583833152533058897e+00
1.204540427944048586e+00
1.350120529879113240e+00
2.103845702870522860e+00
1.066691770742661305e+00
3.196511287585658501e+00
1.762239452022786423e+00
5.641450722489271818e+00
1.377577474694517301e+00
2.265526082674737207e+00
1.101202617996638100e+00
3.693773962175952885e+00
7.113957949417059723e+00
8.100059496515333857e-01
1.329034330503154893e+00
1.210382045167996301e+00
2.183116077005935463e+00
6.004867593510273771e+00
1.155934626311748836e+01
1.796157042188762931e+00
1.994804706057150101e+00
1.435330382896416346e+00
1.915333472950020433e+00
4.350076625362055083e+00
5.924788252455321036e+00
8.033212988712183034e+00
1.394811561382732812e+01
7.232649537967835718e-01
3.325330781683790260e+00
1.711185289322746828e+00
3.860203529942902723e+00
3.072335962224413741e+00
6.870503942409775355e+00
1.504299227504698910e+00
6.286056312038679206e-01
2.431438257798721025e+00
2.006379440496342870e+00
5.538916060307560452e-01
1.922304237102284707e+00
1.132977945942418713e-01
1.177468434082733717e+00
