-2.795470215360596706e-16
3.745763544079098728e-01
6.479537972612900987e-01
0.000000000000000000e+00
7.974768870154343992e-01
8.025989608502832606e-01
8.577555419444793383e-01
1.123111515869617882e+00
1.454837256641760890e+00
1.344231525013170003e+00
1.359464281952888820e+00
1.388501948556809085e+00
1.550683478941426108e+00
1.919151434962001135e+00
1.747971642223237865e+00
1.667124202002427058e+00
1.630495038755523707e+00
1.654513709856622494e+00
1.870627055416418161e+00
2.209248556943937736e+00
2.169756189515476219e+00
1.905377961832675160e+00
1.804171924133555427e+00
1.762316806088717991e+00
1.904138456985528860e+00
2.123215955184529324e+00
2.061729417103725925e+00
2.721407675329747811e+00
2.715799723997511794e+00
2.278892002736976785e+00
2.373278080456322048e+00
2.033794569000266339e+00
2.319483381321141735e+00
3.582224168072265069e+00
3.278590672913124227e+00
2.732100224906492958e+00
2.641150987027366170e+00
3.907749197348385994e+00
3.640296933520686284e+00
3.538597788945493150e+00
3.136761385033232763e+00
