3.755951320920083436e+00
1.216339195004189744e+00
2.083669098173424494e+00
9.735001014675657149e-01
2.224010769405828203e+00
2.102956630092291945e+00
2.800301630239690365e+00
6.084823199551384398e+00
1.003126616915202884e+00
1.902589948195235303e+00
9.141503388623339887e-01
3.024353672027357387e+00
8.929595867104204387e+00
1.168508812182038392e+00
9.477410127510212945e-01
1.329892911840514946e+00
1.653723056098847177e+00
5.818650393289462208e+00
1.255300535878695811e+01
2.210616330493535120e+00
1.240282900764846152e+00
1.363874103352495037e+00
1.891613314283938418e+00
3.860154817830503404e+00
5.845727543871636733e+00
8.411506346602861228e+00
1.430022589499899333e+01
7.432712050342090704e-01
1.985337622950324787e+00
2.967917207607964514e+00
4.818345910975578406e+00
3.377854501761431649e+00
7.150161733134270392e+00
1.812478818421273452e+00
1.498497316642541266e+00
4.001945427104899089e+00
2.491168909054568115e+00
4.800110736829113489e-01
2.140868993915722718e-01
5.472705349045416945e-01
1.655092465822214365e-01
