-3.154907156694127647e-16
4.980006010006937656e-01
8.082925428797717027e-01
0.000000000000000000e+00
1.080847907052915335e+00
1.069371511093881510e+00
1.180064344288720646e+00
1.369024070398650927e+00
1.653175929747750628e+00
1.493199821741156841e+00
1.464273001625103765e+00
1.546964656417397554e+00
1.698485572475625816e+00
2.125573606722848563e+00
1.870045669826546630e+00
1.731619044474948410e+00
1.704733608469807482e+00
1.783515407088043903e+00
2.047625890599771292e+00
2.350068057355360285e+00
2.403203274154343649e+00
2.038757461160953799e+00
1.904685427198132608e+00
1.887291551560583702e+00
2.091410545767724116e+00
2.370029710728045025e+00
2.288794926515918426e+00
2.828171026454759929e+00
2.842186859960330381e+00
2.579953481078543387e+00
2.643781848104183041e+00
2.280907379694255166e+00
2.582337512536001078e+00
3.268931575802491718e+00
3.095455983876995720e+00
2.857978012403894486e+00
2.809386255981412450e+00
3.469653547472954180e+00
3.305650436899108424e+00
3.273573276497967033e+00
3.036142942207397333e+00
