2.221220104443271115e+00
5.836730800682312648e-01
2.889855885853479300e+00
2.205864606400524508e+00
4.446061993949954605e+00
9.362839883547142694e-01
1.428926152676602390e+00
3.317221094018114158e+00
2.632802125947685035e+00
9.419848023556280925e-01
1.284124934709731658e+00
2.152692683136078422e+00
4.459085029351774310e+00
7.883135136769753304e-01
1.766185662016137137e+00
3.031749458906517258e+00
1.690939839559651325e+00
3.485885078266401926e+00
5.923779079403718839e+00
1.115780465294930357e+00
2.236127980579734498e+00
4.815303866020531842e+00
2.331141105935329527e+00
2.743248769878667392e+00
3.743025905469003156e+00
5.065595795788839339e+00
6.847237046340264754e+00
1.772603347046636912e+00
1.906979080734132470e+00
2.042145344150084973e+00
3.339775879449352836e+00
3.105298325460495779e+00
4.865388394918134018e+00
1.740564529574501140e+00
6.904336993638140463e-01
2.198591899690064633e+00
4.302714134457201745e+00
1.032505711810079108e+00
7.918416210863292726e-01
7.847037841323135643e-01
1.637836373784598232e+00
