2.706071574034249287e-16
3.909482437553817302e-01
7.272573185039068466e-01
0.000000000000000000e+00
8.015575044445906183e-01
9.168069197428445616e-01
9.984339972694999954e-01
1.197046112205886192e+00
1.548320568557666199e+00
1.367871560595930625e+00
1.361944543209363756e+00
1.383883337835270178e+00
1.503082548109437200e+00
2.118714738671893194e+00
1.826497647123777712e+00
1.603385721938196840e+00
1.544927560238471775e+00
1.576935627465220646e+00
1.790737821029961374e+00
2.318271202733590108e+00
2.227965228533564268e+00
1.915786211118329030e+00
1.734542343928066277e+00
1.671814075598225813e+00
1.839115917903327180e+00
2.117966652587992993e+00
2.030090937733189715e+00
2.833275141715862588e+00
2.873685957983292294e+00
2.401799810810632874e+00
2.478345939552848431e+00
2.042425725608106646e+00
2.380666665504864277e+00
3.639670767195735568e+00
3.409519912927651664e+00
2.942795363269904207e+00
2.843320507148948906e+00
3.992938097713530698e+00
3.725523720989144749e+00
3.656842587314115267e+00
3.332005636669429283e+00
