-8.604561225754932159e-18
2.116589281074384432e-01
4.676223874727144514e-01
1.220580647322552556e-17
3.282834937773094763e-01
4.039810626685632067e-01
6.120122278473957289e-01
9.187048681484960566e-01
1.079447371635858133e+00
7.385089916698929224e-01
7.554914242310498684e-01
9.223314822423021031e-01
1.038547827210949404e+00
1.559758426036408796e+00
1.258165823014463447e+00
9.338606443602954776e-01
9.538615934124070606e-01
1.035395394885011422e+00
1.123902819509973172e+00
1.631017197654415440e+00
1.428598578477847214e+00
1.123441516781759741e+00
1.046186556440655169e+00
1.058240791628268784e+00
1.125132818377816424e+00
1.227041497563458483e+00
1.201789189773368349e+00
1.900593343672414282e+00
1.659732569417770032e+00
1.344866201643073467e+00
1.350291101626859058e+00
1.183369782648431068e+00
1.315748370262553424e+00
2.103143710444279613e+00
1.872336964731328823e+00
1.545777965688522659e+00
1.475896745708057178e+00
2.443492333477091272e+00
2.188970390863176352e+00
2.122510730525333233e+00
1.746429147624524170e+00
