1.741320926944645242e+00
2.744471756280350672e+00
2.306886656958390347e+00
1.127858964807163744e+00
1.223768446815709510e+00
1.696479405741361690e+00
1.325839697767230430e+00
4.660548972249989319e+00
1.052206323622866702e+00
2.453675668665852960e+00
2.066506071515830989e+00
2.250507195104381797e+00
3.978707875946620565e+00
1.061190668059303066e+00
1.250537226659264256e+00
2.853889674457579684e+00
1.973166233963631333e+00
3.459094540811282315e+00
6.504095934763510556e+00
1.995248564902116550e+00
1.408431112364960214e+00
3.044246297408625512e+00
2.388471764634786609e+00
2.446610005193754933e+00
3.894265162424055404e+00
5.014676639672322800e+00
7.916027076895235659e+00
3.100010304548688200e+00
1.029440756563305692e+00
1.796997337651116800e+00
3.426982554102705691e+00
2.942514623424170583e+00
5.342170172817003682e+00
8.176342796161777393e-01
2.863015205973343136e+00
2.128618129292821681e+00
3.739990090602972828e+00
-1.570075334656433411e-02
8.652874225990639379e-02
-1.794736625932374374e-01
4.968803549263253183e-01
