1.387092021150405419e+00
3.106223939524806354e+00
1.969476601948875194e+00
1.693171700465915697e+00
6.888169398683909872e-01
1.231738778352382102e+00
1.257594284300826537e+00
2.169866417849465101e+00
1.347389508229717814e+00
2.915408022734458537e+00
3.089115971046315856e+00
2.073720327303622657e+00
2.653427954226707630e+00
1.000775071181879250e+00
1.258199724218428850e+00
2.722769793726535603e+00
2.045950599256037172e+00
2.541681231495958482e+00
4.354602448249399238e+00
2.127547136848972453e+00
1.954906646667388781e+00
2.401047705523438047e+00
2.563767223518580440e+00
2.271510831300080913e+00
3.177952265368917839e+00
3.513099143399627255e+00
4.671159114327253725e+00
2.893449902388125050e+00
3.115176129839352992e+00
2.130373456748573258e+00
2.154817598725531802e+00
2.809384475277042270e+00
2.652590051348075573e+00
1.342109976348649258e+00
3.352723410536141424e-01
1.346342694017043762e+00
2.629494953182502481e+00
2.086485396114139967e-01
2.972464521315631547e+00
4.088234334057058161e-01
1.269553439033928033e+00
