2.139848921559630579e+00
2.058332651402510649e+00
3.008067955415435701e+00
1.208971107453469251e+00
1.807278238394816938e+00
1.430618163268612797e+00
2.610209090994428660e+00
2.368747980720541157e+00
1.776880850084068930e+00
1.089926077950714722e+00
3.039162095012877707e+00
2.426703127593034193e+00
3.698134279291827031e+00
1.468970560790072044e+00
6.630286523861766979e-01
2.360319455904257513e+00
2.730362465492650159e+00
3.134854238306621799e+00
4.725147760734752289e+00
1.055605409726382726e+00
2.230074967362919214e+00
4.264552539260767716e+00
3.061001398416884456e+00
2.882528058165815033e+00
3.181528910602660076e+00
3.381078164280454601e+00
4.672025490782826473e+00
1.275598931771778410e+00
4.542212794238083440e+00
2.714523133459187942e+00
1.809792887091118407e+00
3.157814381236150769e+00
2.425316685090960878e+00
7.919625473379788838e-01
7.699916899092246192e-01
9.327754652662382240e-01
2.282534651618250532e+00
1.120700908968147447e+00
6.978505949786302232e-01
8.181512740306816633e-01
6.380327006690181824e-01
