2.109622242016720328e+00
1.106881574100170074e+00
2.133510091962929067e+00
2.854027923415446644e+00
1.820639062006067288e+00
2.928556406590665517e+00
1.960055726369017481e+00
2.068668482295695554e+00
1.840580575994718693e+00
1.566467995981357886e+00
1.963930548592568881e+00
2.077521735089867150e+00
3.613442954751154179e+00
2.122272072990609271e+00
1.341137718647129384e+00
1.723124979592173922e+00
2.507652688766403681e+00
3.069564892517314014e+00
4.848677511781367855e+00
8.524121092621081974e-01
2.187696866359779779e+00
2.907379245707706339e+00
2.964577190893001646e+00
3.042537760503563060e+00
3.656110059687100122e+00
3.930804269201502166e+00
4.650051308372840531e+00
1.249043126325693143e+00
2.260511868868124719e+00
4.375409620766154362e+00
2.689882994440396580e+00
3.846050522263825044e+00
2.594935970630016353e+00
2.978872505187714292e+00
6.359086799665725209e-01
2.071334314178090885e+00
2.190299470187660358e+00
5.667760043192093811e-01
6.934196781559713862e-01
2.716114678083783596e-01
1.086708991636431865e+00
