4.256291271245130403e+00
1.267112490122066948e+00
2.208614857387753538e+00
9.819124974170666542e-01
1.514463611482423699e+00
1.463206929643396714e+00
4.020335651738641936e+00
3.009397048839390632e+00
8.441718780576336068e-01
1.575856767735165143e+00
1.740541923495359411e+00
3.395304109857607777e+00
5.645052086452865936e+00
1.018020063244384765e+00
1.390061440755646638e+00
1.740993265514740429e+00
2.938613245097525528e+00
5.086639037864863155e+00
8.129477158927603142e+00
1.031631956883918289e+00
1.902886337667252681e+00
2.461400676727247827e+00
2.874263810268256947e+00
4.248642221172244327e+00
5.402078925681292887e+00
6.876719519369590472e+00
8.556202686555936410e+00
2.373151972347810279e+00
1.201177995159433021e+00
2.223320817578559261e+00
4.753921620374151225e+00
4.004757631918661076e+00
5.090402376258722938e+00
1.161975269826550194e+00
1.653394905431320172e+00
2.585256130059758295e+00
3.622989643577102736e+00
1.466184795580524058e-01
1.531909307641124318e+00
-1.305157007329021401e-01
1.127069201035320933e+00
