-0.000000000000000000e+00
3.523639617411084557e-01
6.045606956734548287e-01
0.000000000000000000e+00
6.861220983334548329e-01
7.406665938318229836e-01
7.682757394028961739e-01
9.004726953204973405e-01
1.199752077521518911e+00
1.105934540951599265e+00
1.045260999937835056e+00
1.013544265823707047e+00
1.174113565513980939e+00
1.639319719801558772e+00
1.430532359190921143e+00
1.378057609481667667e+00
1.282179966801378690e+00
1.260870854083861348e+00
1.465936325193200940e+00
1.704527630737357580e+00
1.660210043294992222e+00
1.547895277245550760e+00
1.491437089676164618e+00
1.392235554261434860e+00
1.514557476276705339e+00
1.655284788652103156e+00
1.608332221483131930e+00
1.938771883468437318e+00
1.989768386497137609e+00
1.742591123243550477e+00
1.797308180097963337e+00
1.622013820603701806e+00
1.765367613259625434e+00
2.323684831037910126e+00
2.214165067031111267e+00
2.029377039291465845e+00
1.961947259692842893e+00
2.443614969761321198e+00
2.334888967175475116e+00
2.310131772655347859e+00
2.188917815475497797e+00
