1.745381675753873818e+00
9.192624419663659729e-01
3.158761671631762802e+00
2.414489561536228734e+00
3.937697911031810438e+00
1.066904796181414872e+00
1.207584852655799290e+00
3.633292873515114874e+00
1.510866988035001857e+00
1.574842490374871673e+00
1.240285005830229714e+00
1.683023399899256312e+00
3.968567163334619341e+00
2.690682677703615244e+00
1.398284987586573491e+00
2.136657408268259672e+00
1.469918614267681667e+00
2.819343774077317288e+00
4.750198313423770635e+00
8.807776598050157668e-01
3.898094881095794495e+00
2.434891438443259393e+00
1.809957277544649745e+00
2.067053996384042858e+00
2.592046181463227406e+00
3.183273323441411673e+00
4.872247050234090437e+00
2.407430933172542531e+00
2.125239024358821283e+00
2.089780900194690982e+00
1.860196369549411699e+00
2.182113422470100872e+00
2.806452638519161713e+00
1.173879365597037427e+00
1.398100647874233049e+00
1.403020364634831596e+00
3.404657190214838369e+00
2.909044729452054945e-01
8.346127852334357389e-01
8.750903994788171714e-01
1.225596785854845772e+00
