2.846309900966330630e+00
1.333302897017449418e+00
5.219169476904814253e+00
1.445248691813417530e+00
1.382360802894981866e+00
1.686172744453565020e+00
1.664401821265889758e+00
2.636357625597094412e+00
9.277419460188741640e-01
1.414574679132339474e+00
3.386391533756361039e+00
2.847477299339256973e+00
3.607295057682998962e+00
1.055810459038596383e+00
1.090627694047295870e+00
2.363020592023413524e+00
3.137668435017246793e+00
3.083084736040909046e+00
4.629737280887922246e+00
8.202718106754804950e-01
9.384530902288358289e-01
3.502501225162910181e+00
3.949428051428487851e+00
3.260953257935645055e+00
3.727290577594396748e+00
3.971949616746032863e+00
3.820053546591382521e+00
5.299003086536746565e+00
5.769677810785508454e-01
4.105001997428502136e+00
3.782472727759607967e+00
4.582545110185527903e+00
2.005097308984864046e+00
6.992616169933321135e-01
1.533345429723109055e+00
2.555089778062778372e+00
2.992482131245830068e+00
5.830877066717560231e-01
5.716977409909650421e-01
4.804440027558891380e-02
1.547530247095058487e+00
