5.615087208927036500e-01
2.992110006035481717e+00
1.025188657345923460e+00
2.575495153743045051e+00
1.240954702473274551e+00
1.329346019512698707e+00
1.274888336731714533e+00
2.390604472165618333e+00
1.848766140363396371e+00
2.828161760026997040e+00
1.989121892625264287e+00
2.469479333738224369e+00
3.137608819980119090e+00
1.501772775691209816e+00
1.828353099428468687e+00
1.454648342586089660e+00
1.785746190161433766e+00
3.193333356387668687e+00
5.705369612459413098e+00
1.430479440885306541e+00
3.374763396330311416e+00
1.565577232634600469e+00
1.848231226198959520e+00
2.573028784405194447e+00
3.465803729903425889e+00
4.200956373486687490e+00
6.613493289313166379e+00
1.650060791193967313e+00
2.510289388754560314e+00
1.599974291890569944e+00
2.376158586514888871e+00
2.137146808210856008e+00
3.644145701819173855e+00
1.701151543977522884e+00
1.657596149774315020e+00
1.451625368321925791e+00
1.981521779932965632e+00
2.412295452105793492e-01
9.157631211528389770e-01
-1.287004022085506960e-02
5.502848000616231694e-01
