3.260702968127449530e+00
1.001780608985383125e+00
3.899661797255000284e+00
1.224023912021171556e+00
2.515662872132860439e+00
8.457972388652286178e-01
2.712247837249011084e+00
4.132013328254840800e+00
1.057056575739663495e+00
1.587584617121186703e+00
1.605533339759597000e+00
2.823060581218385323e+00
3.787594997054796853e+00
7.886642952669563611e-01
1.597567142817068131e+00
2.889258058185040223e+00
2.015679023992642982e+00
3.441368070396207735e+00
5.316990846589541242e+00
1.739317950053566930e+00
1.638617061834879651e+00
3.283619054298680062e+00
2.050399369688296058e+00
2.250122777330206159e+00
3.149278193807398374e+00
3.562825807749092188e+00
5.321940272904513769e+00
1.860144222514132251e+00
2.979061859454356309e+00
2.479765289392007244e+00
2.180965896809446303e+00
2.694138802134790733e+00
2.362060757527592258e+00
1.351340624795646761e+00
9.837750507967406577e-01
3.011671425214147657e+00
1.378203136452540667e+00
3.169143242174105035e-01
1.819377308728685971e+00
7.874494682931690304e-02
6.657188850021685811e-01
