2.977562401616025145e+00
5.330195872602633278e-01
5.068658951686443537e+00
1.994403917630342971e+00
2.035669618102482037e+00
1.088799940235286146e+00
3.679157828769437089e+00
3.164861921814481782e+00
1.394001765679748095e+00
9.856294563758737359e-01
1.356783148828704766e+00
3.285242901617538624e+00
4.408850634218041797e+00
3.014669384871734303e-01
2.419723532628683671e+00
1.290482081275766246e+00
2.716486577515679901e+00
3.966271420312379892e+00
5.625711104492630454e+00
1.432770737136122685e+00
2.659971615911728815e+00
1.828024823975087365e+00
2.402309517458758314e+00
3.094300213971879820e+00
3.590453919704803543e+00
3.517532809257798210e+00
5.110436765754589494e+00
3.359496206880366653e+00
1.256383824330155718e+00
2.282794561750283613e+00
2.014914740600432186e+00
2.815163488107067291e+00
2.011441448632537821e+00
2.153041259454925527e+00
7.190943609941310433e-01
1.915105722336857941e+00
1.141951508218564948e+00
9.857554245044503061e-01
6.794001185614422234e-01
2.536193938770630596e-01
1.930978195078569160e+00
