3.375895382766485930e+00
9.119220656454578577e-01
1.367243200027374428e+00
1.953332128245469645e+00
2.879600977104369797e+00
1.488042920037754513e+00
3.708000124184116952e+00
3.461768122495739508e+00
1.986488614986127610e+00
9.044483238159133354e-01
1.427536379283568468e+00
2.774010108244338024e+00
6.216879524080917818e+00
2.037440462231932425e+00
9.033730027098497706e-01
1.218124184807151122e+00
2.177369416694550086e+00
4.494681815479978582e+00
8.224325642477616327e+00
2.147154562381164311e+00
1.437420378694675982e+00
2.384954298811946760e+00
2.200382414583109458e+00
3.632957360432648830e+00
4.483758771247504882e+00
6.486345339593379222e+00
8.611099669280653401e+00
2.605026073538254661e+00
8.074317142349469734e-01
2.865393471870162578e+00
4.313216191020699419e+00
3.714974718210872773e+00
5.349053437558031199e+00
1.700037008108940872e+00
9.613539080392625724e-01
2.360663146723114725e+00
7.170824595981464711e+00
6.632879333075377692e-01
1.433152016765528503e+00
4.451719033714419682e-01
1.212832112641469617e+00
