-0.000000000000000000e+00
4.663214419109140696e-01
7.754945185571072708e-01
0.000000000000000000e+00
7.016584502369146437e-01
7.901143688518856845e-01
8.656462016528128078e-01
9.681883045529063869e-01
1.242600530948602344e+00
1.123677625648905165e+00
1.036020958506126410e+00
1.041599308386168765e+00
1.202948800252068295e+00
1.677085370164201672e+00
1.448589565341425134e+00
1.361577299677708242e+00
1.265174749110372643e+00
1.274985455364630038e+00
1.513452412277315862e+00
1.864444269245928654e+00
1.793743177812204603e+00
1.572134613997261621e+00
1.483623343418063234e+00
1.403046452825982726e+00
1.560107320144647591e+00
1.782120460144590801e+00
1.717977512089196246e+00
2.296133690588523013e+00
2.294183864347652868e+00
1.922035252854192411e+00
2.017556819209352259e+00
1.705880001513232935e+00
1.976484451923764984e+00
2.934651281518736887e+00
2.635134723465496709e+00
2.335320518118050526e+00
2.280195653350411078e+00
3.451458153845542220e+00
3.038348457752360954e+00
2.873509252312212325e+00
2.574558604786916227e+00
