2.867755329146551180e+00
3.171903864197480605e+00
1.313735908178547129e+00
6.116590498546240484e-01
9.270490189981477336e-01
7.744905943043800534e-01
2.006550359641150916e+00
4.281664412774359718e+00
1.634200012261512791e+00
2.238794053697256814e+00
2.125959700451654832e+00
2.643577211826126039e+00
3.203058254014340189e+00
1.597265295631081994e+00
7.558321457635274188e-01
3.321835197640719883e+00
2.182017033425585506e+00
3.362649754345831354e+00
4.787788863101721581e+00
1.223573212376374064e+00
9.419681701245913308e-01
4.401846673248626551e+00
2.865905589778964480e+00
2.322719685385756350e+00
3.325840376344787241e+00
3.511229806287065713e+00
4.861122873585429716e+00
4.320361022241662852e+00
1.611777563924145618e+00
3.124441755064158777e+00
2.330523819027627397e+00
3.161768461651091933e+00
2.825539674189695649e+00
1.783097847499786726e+00
1.226892397937585422e+00
1.455890207588694363e+00
2.396587394228530510e+00
4.189906587244230929e-01
6.071144886042862954e-01
2.783840576608367923e-01
1.020728648436305397e+00
