1.999736063340544999e-16
3.122015830372880663e-01
5.959381654015872831e-01
0.000000000000000000e+00
6.150713609887706879e-01
6.964275196791618328e-01
9.304560115880057269e-01
1.491174544575943450e+00
1.751096874062523012e+00
1.303373831297006236e+00
1.381923132230383766e+00
1.629335681154799653e+00
1.880254045664253137e+00
2.366051029222631552e+00
2.065834359180962476e+00
1.890461870635515629e+00
1.831309694291476164e+00
1.935325349873271872e+00
2.142351906635930003e+00
2.538681461137480166e+00
2.399814769048371321e+00
2.177355720158077546e+00
2.079131587290774519e+00
2.036390630422145076e+00
2.169987573328817199e+00
2.336311161850413765e+00
2.288147670659409272e+00
2.871519201784980435e+00
2.860293833554691911e+00
2.462264937153959554e+00
2.522355221900288935e+00
2.276944848518871911e+00
2.480092978194575970e+00
3.649480659126926874e+00
3.405749897852575536e+00
2.854348509852266513e+00
2.756630503812381505e+00
4.061771223023089128e+00
3.754426111921170595e+00
3.695147199125325965e+00
3.300132424093412453e+00
