2.597116811407665260e+00
1.381244841914717858e+00
3.222589981116539715e+00
1.685940095595173327e+00
2.177263384997461415e+00
1.512712513378893009e+00
2.147888959660852581e+00
2.481720379341421090e+00
1.391894510401954665e+00
1.965121336099538318e+00
1.740475715973607507e+00
2.209066000223488757e+00
3.779889093047942072e+00
1.183743847732899201e+00
1.764622445124285566e+00
1.508150149533141970e+00
1.955524399325498264e+00
3.157061107215105800e+00
4.736985090266709442e+00
1.012671555554617298e+00
2.317458291467834997e+00
2.943902780314214596e+00
2.352919079266503566e+00
2.815050146174804979e+00
3.268827460708768395e+00
3.773127872537116900e+00
4.168115984552110298e+00
3.563647076752885390e+00
7.859604738833033677e-01
3.193355752694421845e+00
3.284265791017885405e+00
3.352223927743028131e+00
2.232021770043445485e+00
1.247640396308516086e+00
1.143480236795191063e+00
2.860844414585649531e+00
2.269733833622320507e+00
7.310102748505477033e-01
7.560182165984354885e-01
3.071855704235106899e-01
2.399312475829936453e+00
