-0.000000000000000000e+00
4.891807256187404307e-01
6.347050198541679400e-01
0.000000000000000000e+00
7.067198664282744458e-01
7.218384384503501172e-01
7.798570705365656108e-01
1.042568604348879990e+00
1.205514703336348026e+00
9.307156060746529791e-01
8.718363560646634758e-01
1.159725628555623889e+00
1.480934777680816605e+00
1.701177556194159113e+00
1.465386254445441461e+00
1.399433366906170928e+00
1.415628043260893421e+00
1.549504869143748298e+00
1.803427474001909614e+00
1.860598343577165137e+00
1.940948990184634404e+00
1.814195734314812736e+00
1.740390080014050822e+00
1.679496961728017546e+00
1.834589928361486377e+00
1.962164793494293624e+00
1.926623213347240959e+00
2.231232638655241018e+00
2.195935492911759823e+00
2.039957201423312938e+00
2.057962053255599333e+00
1.932772281038674045e+00
2.036816804911668832e+00
2.580273233805408850e+00
2.435385423679669703e+00
2.182324559688960885e+00
2.140106571763427556e+00
2.908853381994693788e+00
2.697131877649699749e+00
2.652160394258872067e+00
2.373525460837462742e+00
