1.278860480197308025e+00
2.206851645597891043e+00
3.462004498615161019e+00
1.746426766591002933e+00
1.420826568910871446e+00
2.322101790800237264e+00
1.356644274950554285e+00
1.802208763123373414e+00
1.692130021273485108e+00
1.993996723353899103e+00
1.758417114073795862e+00
2.491628196982342391e+00
3.209448474965875153e+00
3.663668714398136128e-01
2.000373340199501193e+00
1.361490964377891855e+00
2.028714876099587894e+00
3.059455900830624131e+00
4.379252533321173146e+00
1.416247295536874562e+00
3.562892214011553094e+00
1.644262465039114884e+00
2.148359803568054005e+00
3.031875657338438668e+00
3.466988511589025990e+00
3.251756549963905840e+00
3.370679793628134302e+00
9.746103770720132564e-01
2.722226024368680442e+00
3.832270414387198176e+00
2.645275385341958607e+00
3.191109647701487528e+00
1.258212054988444351e+00
1.387895487505739434e+00
5.753161509290714015e-01
2.731874417767269136e+00
8.048948235416572006e-01
4.736417456739674958e-01
2.100122176662435169e+00
6.135766459405082029e-01
1.091749349975201788e+00
