1.601234117786506594e+00
1.497542958858394169e+00
5.928485820969067177e+00
1.880165675802147662e+00
6.907405412409279855e-01
3.399646569953705733e+00
1.191529527706124636e+00
2.424038326661412057e+00
2.242347925110900864e+00
1.063305971681364870e+00
1.967204834543813563e+00
2.725931218914973364e+00
3.398241368983740074e+00
7.609207793641110662e-01
1.179537420932607272e+00
1.907962472289112865e+00
3.105771575958415909e+00
2.994711211351233970e+00
3.931597573654406652e+00
1.090150155456747205e+00
2.121909396927184943e+00
3.572489267115295242e+00
3.318788696647895442e+00
2.977967667414373576e+00
3.207759365407059082e+00
2.828215780923450495e+00
3.238982705282703378e+00
4.055928255867682353e+00
2.411848290903448433e+00
2.599917590987405713e+00
1.687416017354180120e+00
3.247740746135017176e+00
1.293450764687752663e+00
1.475950189940316459e+00
7.648519002718456861e-01
1.339376837299475209e+00
7.415331687327830767e-01
8.021154189199136697e-01
1.020859024858836950e+00
2.425102648308793130e-01
1.091181289201319515e+00
