-0.000000000000000000e+00
3.879399979854545322e-01
7.594564327343766852e-01
0.000000000000000000e+00
5.910007979551391566e-01
6.983634499829149966e-01
8.586794711450156381e-01
1.026541271815007761e+00
1.033474230642492664e+00
9.269918330097776105e-01
9.589500304421991750e-01
1.062379384183919750e+00
1.178752725155038705e+00
1.556505836998405945e+00
1.290878096687682719e+00
1.110822848807486496e+00
1.122161705412769273e+00
1.193750250741579588e+00
1.310751619040379401e+00
1.643911069544972570e+00
1.545316888003824829e+00
1.311951424808259326e+00
1.238213633119146673e+00
1.234893197125951358e+00
1.320032708112225617e+00
1.439408809440155368e+00
1.408017711149367912e+00
2.052521126959154341e+00
1.842233822745819261e+00
1.544647083551754951e+00
1.575465033478966603e+00
1.391569088234410279e+00
1.540138790758999177e+00
2.296440413239382750e+00
2.089422829016561067e+00
1.806957862694815509e+00
1.727978754786849924e+00
2.413157972220985936e+00
2.254595424718909946e+00
2.216726383577078074e+00
2.032517010455832107e+00
