1.002078786571176439e+00
2.403638364747831435e+00
6.745964299795132568e+00
9.580422466257757508e-01
1.183621174571090062e+00
5.325186759026458994e-01
1.729500562112321393e+00
4.764133809844112832e+00
2.056765048789320538e+00
9.891457819652308414e-01
1.641195059824811286e+00
3.743461059438109473e+00
6.646041521727497958e+00
1.039906978308512864e+00
1.204039600295205625e+00
1.127200353057117077e+00
2.998620818097966545e+00
5.346843615175346009e+00
8.288811017431987338e+00
8.739797500377310957e-01
1.594575839149325214e+00
2.523611637496653959e+00
3.360818710770263618e+00
4.292442026638002339e+00
5.602070101512406808e+00
6.822445538498664419e+00
8.199935106830924525e+00
1.799180059589610359e+00
1.075370139612025877e+00
2.929462791050251091e+00
4.927433749999815760e+00
4.966814390795181389e+00
5.129722065983363777e+00
1.218224346693562277e+00
2.029802400580132726e+00
2.472589797611239870e+00
4.127110167954260334e+00
3.190187122076114101e-01
4.042188990358160927e-01
1.880409663294439482e-01
1.246819568426776215e+00
