0.000000000000000000e+00
7.537458511039351050e-01
1.191416944810986589e+00
0.000000000000000000e+00
1.222637541359469449e+00
1.261769065142314794e+00
1.496956345324589766e+00
1.893961762988867648e+00
1.901627908022293534e+00
1.654225847839077002e+00
1.662921497893827150e+00
1.969390444641953231e+00
2.178981338367338871e+00
2.452035291524600424e+00
2.171916681228173385e+00
2.032846094033349260e+00
2.059262325152801942e+00
2.193664328091421201e+00
2.364463845877815995e+00
2.555650382953391198e+00
2.584113206612243641e+00
2.340079233492697863e+00
2.241869742752758743e+00
2.249345392785680797e+00
2.374101458509961571e+00
2.547238955635543700e+00
2.501530155267269073e+00
3.118376848251323885e+00
3.046257420232337143e+00
2.712653324023737156e+00
2.744859328848511026e+00
2.480305768403202826e+00
2.689561488770420894e+00
3.574694784780390933e+00
3.335238218574659630e+00
3.007673226928940569e+00
2.928118260010397655e+00
3.848181510219701007e+00
3.610947443940077495e+00
3.561658077079432605e+00
3.247057759655902043e+00
