1.150041126731828012e+00
1.550411465980622294e+00
3.931638482126020850e+00
2.676960708557859281e+00
1.843676163971424309e+00
8.223256769002178501e-01
2.068293043719927837e+00
3.939554582133980354e+00
2.151582963203611421e+00
1.986091951813057532e+00
1.609699427264988048e+00
2.919038409873698114e+00
5.438937258789061424e+00
3.043244030399156141e+00
3.615530363267577263e-01
1.523964813669512530e+00
1.960107310168751393e+00
4.271173619030478541e+00
8.617926127967439953e+00
1.704706196555789921e+00
1.984808645201065369e+00
2.026617242163606392e+00
2.307474082957443606e+00
3.105673731510015134e+00
4.548560613868663616e+00
6.437719107632902116e+00
1.051028092049491747e+01
2.901387615498257411e+00
8.801730962093643473e-01
1.682359074368266594e+00
3.561772731829786487e+00
2.829419991258934619e+00
6.179987814727108564e+00
2.205434368169267856e+00
6.887117955724980645e-01
3.098288909694872473e+00
4.737617219710796412e+00
4.807314068824363740e-01
1.636020338297562438e+00
1.606585631230152966e-01
1.543377162957329851e+00
