-0.000000000000000000e+00
2.870260709907638819e-01
5.291871643404675307e-01
0.000000000000000000e+00
6.564100253879063818e-01
7.045214085491812162e-01
8.013996999491245221e-01
1.087442751475277802e+00
1.304790388539063706e+00
1.130732408091064123e+00
1.083454830041303385e+00
1.199822477814561195e+00
1.379876828880664208e+00
1.831605741990587788e+00
1.608707477963042143e+00
1.457534731742712752e+00
1.378977198888322819e+00
1.442601967849617139e+00
1.683240835173383854e+00
2.034838849926173143e+00
2.084023720328836760e+00
1.822890497472638094e+00
1.626233627117763092e+00
1.551619116620953864e+00
1.728271730780629012e+00
2.003447405840482975e+00
1.924226256371786015e+00
2.618349684113588260e+00
2.765396057513489492e+00
2.251321366018548265e+00
2.329502057863485298e+00
1.921667668036687759e+00
2.251705979406368296e+00
3.862384891209066584e+00
3.626164492499607483e+00
2.850820694152648382e+00
2.709210587198550790e+00
4.311452485621170005e+00
3.914318187020596529e+00
3.862875274635250822e+00
3.565037399469487500e+00
