-0.000000000000000000e+00
3.617232279770368764e-01
7.485871461758339951e-01
0.000000000000000000e+00
6.442070581757911585e-01
7.028391879475999193e-01
8.831387707971686263e-01
1.199156672316494143e+00
1.521911567594796511e+00
1.341442641958689563e+00
1.172313918042115599e+00
1.345400061215830112e+00
1.632077299582065821e+00
2.009960029919455327e+00
1.836724817510622998e+00
1.732946023457825779e+00
1.633019548329158299e+00
1.708904899812207612e+00
1.944838698899759688e+00
2.254407747856457256e+00
2.216940843283170981e+00
1.986513220999349461e+00
1.883848434329655985e+00
1.832999946857851059e+00
1.977125452383365012e+00
2.130716769058151439e+00
2.084797066578235381e+00
2.643846943260692584e+00
2.573071196557979778e+00
2.253654365049483133e+00
2.283882631819791786e+00
2.083318050389245002e+00
2.246315609063273655e+00
3.007592516582160425e+00
2.845801173139828499e+00
2.513378587898276173e+00
2.438885983268493263e+00
3.320805532443318331e+00
3.096600806312967080e+00
3.047465653005399400e+00
2.769203723679966256e+00
