-3.130390714833715064e-16
4.895914757995815103e-01
7.225956059679500276e-01
0.000000000000000000e+00
7.350098234023699773e-01
7.524044704668513273e-01
8.425916606799516151e-01
1.001054381334578247e+00
1.187026685140736060e+00
9.852037850887612747e-01
9.602354554966000544e-01
1.062912067356047929e+00
1.251258216595710238e+00
1.829390554239475719e+00
1.482181061569228575e+00
1.304653138081492969e+00
1.248883357001442818e+00
1.333548898708265762e+00
1.649619138655484596e+00
2.125232360668582121e+00
2.117985364093995848e+00
1.791180365313382650e+00
1.587281935070052885e+00
1.483131658809703435e+00
1.717372905851054510e+00
2.028237758798787649e+00
1.938432432787074555e+00
2.673358730500665636e+00
2.683381862733743795e+00
2.252999849810469080e+00
2.331476550021964300e+00
1.950183185712242251e+00
2.270721483054066070e+00
3.530624430514137213e+00
3.251524328939136232e+00
2.705702055396890238e+00
2.609160032881479907e+00
3.865001160350285847e+00
3.592293133763118096e+00
3.529206569088817247e+00
3.127654506306191351e+00
