-0.000000000000000000e+00
2.192585327238330550e-01
5.189734115902727707e-01
0.000000000000000000e+00
7.930069988707106887e-01
8.953662856205230058e-01
9.138544177218075326e-01
1.032345202859640043e+00
1.253121388846800466e+00
1.203461066640967747e+00
1.204658158616307428e+00
1.211179216082194587e+00
1.351331998635082021e+00
1.737196576630488432e+00
1.461517861320507317e+00
1.374764826070816293e+00
1.364865199993864131e+00
1.423525197359529981e+00
1.670192183635658134e+00
2.025025282295020101e+00
1.918055201195738135e+00
1.626643698285093143e+00
1.535708932435663643e+00
1.519936604853911133e+00
1.703644703955151218e+00
1.966741114152195991e+00
1.895133003980198794e+00
2.621299729883718843e+00
2.547486042672480799e+00
2.132992573489918442e+00
2.232572832873112034e+00
1.863163177671417925e+00
2.181737436516672624e+00
3.256512978881179965e+00
2.973212012630157552e+00
2.551602229623813667e+00
2.476915157179175431e+00
3.587389499339085130e+00
3.255148854699102756e+00
3.193061709186886699e+00
2.895141270102584041e+00
