1.850695858132605176e+00
2.811642805098894193e+00
1.348672751135348902e+00
7.354180019110956312e-01
2.305581834573146693e+00
1.262264143669898475e+00
2.485904701177703569e+00
3.105299523994187627e+00
6.072357834489436890e-01
1.934145772284628473e+00
1.590331020932743478e+00
2.749587889684432795e+00
5.861939354461396690e+00
8.305269416904889068e-01
2.327155242586495199e+00
1.376259211738978472e+00
1.771834653745779864e+00
4.533872730699672005e+00
8.986535910117352088e+00
1.313323189326297546e+00
1.563362022661274775e+00
1.775923262666860181e+00
1.804183118412842068e+00
3.490424296385466363e+00
4.892043911343594509e+00
7.399592232802577385e+00
1.050455693808900826e+01
3.108107044269214025e+00
8.748994171544961507e-01
1.365860668124326383e+00
4.916486323112587264e+00
3.017449784886792052e+00
7.076243334156127496e+00
8.674942614452246792e-01
1.717978539956621642e+00
3.012689635851303560e+00
5.630271287525427049e+00
9.020330652335202259e-01
4.136601634677155581e-01
5.265253178951866397e-01
9.396760913217546696e-01
