-1.764703511674449143e-16
1.794084616571199331e-01
2.876758224766130523e-01
-3.507091098346077143e-16
4.628902069642054085e-01
4.758691874214543982e-01
4.623907599216422470e-01
1.005366605576225814e+00
1.067376969010276344e+00
1.027180884173545694e+00
1.060793032012619097e+00
1.148667381225095152e+00
1.402400314817669802e+00
1.836503243231373261e+00
1.574630289865154298e+00
1.387570690367679882e+00
1.389708226034756189e+00
1.476178077997934324e+00
1.757142375465358342e+00
2.124139478369269529e+00
2.187599639791141026e+00
1.945531527224434898e+00
1.689282595694386213e+00
1.606636023950616998e+00
1.815449264366979287e+00
2.080161764855859463e+00
1.997276730516678311e+00
2.468820415194216356e+00
2.486748535105509639e+00
2.316295398397678174e+00
2.338736997552745667e+00
2.043485109539760369e+00
2.272848573937900962e+00
2.805385583004441408e+00
2.681278800994145506e+00
2.514469134845526366e+00
2.484767481272138756e+00
3.069001698760933206e+00
2.888976302327514123e+00
2.846908878784415453e+00
2.651099089884895399e+00
