8.921950993051547263e-01
2.731601306666282536e+00
4.385524678584808989e+00
1.211376626553491986e+00
1.669955814146349082e+00
7.003963431003594753e-01
9.534038549593333300e-01
4.947505230493156603e+00
1.242289252238383268e+00
2.091983815591287765e+00
1.488070393222685972e+00
3.041917904483931956e+00
8.198163284818546614e+00
7.582750933477371280e-01
1.823812391994944937e+00
1.374481541743569624e+00
2.024202473909678002e+00
5.441252007680835057e+00
1.154400119647575629e+01
1.290900859701004322e+00
9.814811987673270899e-01
1.291103546201632479e+00
2.358599227164232204e+00
4.359163396591196005e+00
6.528109368166628457e+00
9.782602397652137682e+00
1.342961917124322646e+01
3.091448347182927936e+00
1.228297055770798396e+00
1.417379322015168919e+00
5.946017465885707232e+00
3.513686362827705079e+00
9.173382527184843482e+00
1.119173117485815716e+00
1.086430345582830359e+00
3.149467139170663454e+00
6.211067339914152718e+00
5.438064413134222619e-01
1.205199632166513046e+00
1.092747929408163010e+00
5.961887981740223719e-01
