1.965253760165351249e+00
2.267829341212705963e+00
1.569938376859658646e+00
1.795153456158483873e+00
1.986409048930734444e+00
1.363708208158828761e+00
1.407714306520905900e+00
2.879493277158795106e+00
1.199144528446886682e+00
2.312865553394840568e+00
1.894376400452581377e+00
2.231424994124490357e+00
3.161435388985093020e+00
5.862918351016185303e-01
1.988536624436640698e+00
3.959067156555990508e+00
1.989316999010554365e+00
3.135490164837165583e+00
5.348863183029628487e+00
1.438976431836282321e+00
1.325020037691056363e+00
2.853397646230900087e+00
2.424135611342062457e+00
2.490374611596566368e+00
3.816207346261028643e+00
4.724068618986608570e+00
6.633712236783281924e+00
5.382478647893680801e+00
1.020158832232287649e+00
1.304063996794420976e+00
2.843299587447169596e+00
2.682773684811023962e+00
4.772349932109038129e+00
1.191718852026855124e+00
4.656841589943974680e-01
1.816098620688472831e+00
3.876733365371407558e+00
1.753040082250604037e+00
6.874346636723518422e-01
2.742193546686239602e-01
2.513149963368321860e+00
