4.319537688711196917e-16
6.656495741108662267e-01
1.147197880376863433e+00
0.000000000000000000e+00
1.041490354268553187e+00
1.094678238210233800e+00
1.248086197970078803e+00
1.474139744275061892e+00
1.710520077030791786e+00
1.499258481168975532e+00
1.373969318475013468e+00
1.521263548956941491e+00
1.724433941852018926e+00
2.215886601574577064e+00
1.940464728506826830e+00
1.723348722603672556e+00
1.643620082949970529e+00
1.749549196593170652e+00
1.937384670915432761e+00
2.380559566023604301e+00
2.296507667982262024e+00
2.036443119131514656e+00
1.862079627424338302e+00
1.825810308469632659e+00
1.960347777232508415e+00
2.132615505909460474e+00
2.084345013726104590e+00
2.634961583548724562e+00
2.548676293111607372e+00
2.330226291849625486e+00
2.316313578980423227e+00
2.090847160382681924e+00
2.265039136152022348e+00
2.890940536034419139e+00
2.732743933504024003e+00
2.525129540243834292e+00
2.459321557921992696e+00
3.193388670316319455e+00
2.978356386121399524e+00
2.928675598743478936e+00
2.686732692403994704e+00
