2.106031192717747302e+00
1.810960059246274678e+00
3.441083750371643379e+00
2.086846562884433265e+00
9.943781982414624521e-01
2.047255973069074919e+00
1.868497323707392521e+00
3.034984102385515303e+00
2.179824316604966228e+00
1.471459963348253908e+00
1.912302134262863662e+00
3.237717836061140719e+00
4.756511094833554054e+00
1.289427586234622058e+00
1.229094873328336446e+00
1.294082730487595034e+00
2.935056521732558377e+00
4.491345813354474359e+00
7.535762262015604840e+00
1.640251594146329150e+00
1.415121889577301673e+00
2.038733519610667955e+00
3.031399299345977294e+00
4.070532833435111186e+00
5.396315259106788886e+00
5.936461114693219798e+00
8.309900342477186896e+00
1.349154109499686838e+00
2.689525860142488511e+00
2.571198274726694599e+00
3.352714258811537285e+00
4.082745212952636926e+00
4.762703824212535686e+00
4.425489838371825524e-01
1.569733224895104806e+00
1.837130736090003991e+00
2.705702309960591467e+00
7.051167811906472460e-01
9.394608291914408049e-01
-4.295257910537638724e-01
3.589887610501810489e+00
