-3.965300986992036078e-16
6.543533780760685259e-01
9.372350941685689829e-01
0.000000000000000000e+00
1.198617573363651934e+00
1.204976802648369594e+00
1.272986011168659282e+00
1.381871163627361065e+00
1.732017919957727248e+00
1.559214833651230814e+00
1.531268266484829166e+00
1.534394486731849527e+00
1.701029028881575034e+00
2.085453723984361130e+00
1.870996218767132957e+00
1.778208859844475853e+00
1.728220026691518196e+00
1.774038160343925918e+00
2.058751888220250681e+00
2.245490821512995172e+00
2.281554816830053234e+00
2.046309022179646053e+00
1.941940649868095337e+00
1.891918526011233892e+00
2.093490678770664637e+00
2.413319344312060188e+00
2.333153175872826335e+00
2.864076130243854656e+00
3.000523272991276968e+00
2.572587282972395695e+00
2.731468546639538086e+00
2.273186799877427333e+00
2.684905382523238515e+00
3.214587701537898745e+00
3.142079817650577311e+00
3.035408960627000052e+00
2.975396309271507000e+00
3.271411508768767629e+00
3.209052605313135409e+00
3.194282491608272601e+00
3.127091732392542678e+00
