2.660565247815130707e+00
1.720099556515136907e+00
2.571118195303552234e+00
1.753407541761542676e+00
9.496019174304752841e-01
2.614527610360024568e+00
2.317566472923781262e+00
2.272568596099818983e+00
4.733312517407467501e-01
2.744956436969795188e+00
1.309882748651607143e+00
2.284401654626062150e+00
4.491933656077842230e+00
5.084768023925952951e-01
2.599094911985562195e+00
1.370915187407462099e+00
1.527486615562158034e+00
3.633770363952250282e+00
6.232332269923411161e+00
9.164306957583681079e-01
3.420214239785959620e+00
1.611379444442624154e+00
1.563120186649568533e+00
2.886201035998032793e+00
3.763943842065958556e+00
4.663360149671311738e+00
6.549247358649054718e+00
1.363341860172822217e+00
2.823595403812986238e+00
1.769102839569791197e+00
2.765272005823132595e+00
2.482018064873994678e+00
3.313609100676977448e+00
1.670410586146663601e+00
8.440136768215886764e-01
2.061172751117133828e+00
1.840997002301609120e+00
9.490706622020976813e-01
9.125622827809937165e-01
1.976127211120512761e-01
1.082002580586998608e+00
