2.768894312109889080e-16
3.999141345922551105e-01
6.845975202159891859e-01
0.000000000000000000e+00
7.286170290493700907e-01
7.521668505268470639e-01
8.167182447878595930e-01
9.511124182731723886e-01
1.265854644565511000e+00
1.099586594625229008e+00
9.811204331442203719e-01
1.033141779279554084e+00
1.152553683361588144e+00
1.648388841476942535e+00
1.464268292437114871e+00
1.341008099795306219e+00
1.190060875317471512e+00
1.207964085255742948e+00
1.393881800968513218e+00
1.804484548511414266e+00
1.759758145572340782e+00
1.549953226553254737e+00
1.392474967204946790e+00
1.304822089166212784e+00
1.442201974965970024e+00
1.660860720221047915e+00
1.589060949967782799e+00
2.322833844541334791e+00
2.366338146265299702e+00
1.882051642053141016e+00
1.948588525596064436e+00
1.612558797564493940e+00
1.866056158996680425e+00
2.980546460211989768e+00
2.761313033254567895e+00
2.416200862359185297e+00
2.312914308193405155e+00
3.209622032421143967e+00
2.985683822106488083e+00
2.933024475955978261e+00
2.708296591314423907e+00
