2.535660068579770332e+00
1.092807203406916505e+00
1.816838803481313880e+00
2.912911653497220588e+00
1.526573983691034808e+00
2.548059444882297075e+00
1.834046261982090309e+00
1.956804002156922406e+00
1.317029592166676366e+00
3.366993994194129591e+00
1.083246561908541850e+00
1.333541727208774841e+00
2.376025966785165089e+00
1.866183596594529925e+00
9.255635331999807480e-01
3.226148746298916681e+00
1.291541682983927908e+00
1.990081057392599106e+00
3.330771265533140735e+00
3.330039232834738350e+00
1.511138659538682649e+00
3.104592209136667336e+00
1.691018826562868949e+00
1.319779757965665601e+00
2.190476779214046044e+00
2.360529213027065421e+00
3.300296633823087245e+00
1.778552966401034441e+00
3.658879316215442490e+00
2.693922179866623079e+00
1.542791511300354301e+00
2.215541292552219321e+00
1.436286252497308125e+00
1.716212487945772525e+00
4.585735435640681534e-01
2.713433226332300219e+00
7.941285200559045077e-01
1.131096581910625565e+00
8.765478160353081805e-01
5.662381933426637870e-01
8.827196953050518990e-01
