-5.821030953007344523e-16
1.944687573410488757e-01
4.147154609202159947e-01
-7.510343880279953245e-17
3.676856596142723532e-01
3.904055231409856441e-01
5.898531852835682265e-01
9.442536420075979819e-01
7.713285085531745855e-01
6.337144420983285009e-01
7.701158666514792417e-01
9.923805018505080788e-01
1.159746737144119022e+00
1.284752936741991203e+00
1.135421569696935418e+00
9.363839107444557053e-01
1.043841077963845398e+00
1.165664200409480822e+00
1.289849529266265948e+00
1.575868626873813572e+00
1.556987510638264682e+00
1.283792587202056135e+00
1.190948758681960706e+00
1.202985319756747495e+00
1.295263156520112480e+00
1.411380455326062267e+00
1.380846480434559265e+00
1.909054715091875964e+00
1.768172693266957474e+00
1.542897895827914478e+00
1.541712069882710034e+00
1.370943912778038953e+00
1.504365743888236295e+00
2.123190947869511902e+00
1.971717385069995165e+00
1.729963514557938398e+00
1.663770232788915227e+00
2.289142198673550066e+00
2.153263519263908687e+00
2.118831846549573683e+00
1.912566444406127220e+00
