3.571789808873027550e+00
1.438721482039472477e+00
1.210849045904735188e+00
1.622523476989061519e+00
1.259723514040385628e-01
6.788743282067940754e+00
1.462588562813724735e+00
2.810973186265542267e+00
1.323645588684498664e+00
8.251562518340634922e-01
1.770340254507580147e+00
2.302779325532375410e+00
3.257025828515709431e+00
5.176042481808185158e-01
1.314889755049426956e+00
2.995628204735690581e+00
3.691972131125865975e+00
2.663074008978009388e+00
4.108178283638932449e+00
9.671227825394799194e-01
4.457550667428367142e+00
3.734833600659913877e+00
2.907034621689304821e+00
2.959472729639979427e+00
2.996150127710280664e+00
3.059919343690656213e+00
3.724463535589837448e+00
1.251950425587902149e+00
1.582082156544176721e+00
2.233557402392184255e+00
1.652981903675454500e+00
3.032890566657334475e+00
1.985529421011380524e+00
3.943882236012796305e+00
4.288317789253738299e-01
8.608672175338341059e-01
1.664587172624457656e+00
1.990368476175050361e-01
1.141270979743225666e+00
3.748772156382986220e-01
9.014285633354190974e-01
