-7.952851307252816159e-16
5.413662017862356235e-01
7.711345827492905869e-01
0.000000000000000000e+00
8.767526028891476919e-01
9.844857784699979630e-01
9.730802347134573926e-01
1.102509556658167966e+00
1.515340262491417844e+00
1.271487662123785833e+00
1.174252266056801108e+00
1.216864146678755088e+00
1.290878326365403783e+00
2.054988754968751330e+00
1.669826798419748570e+00
1.328956381799824005e+00
1.280857828136847454e+00
1.315122669990433257e+00
1.402425652578243698e+00
2.023219779825218723e+00
1.885876530420163455e+00
1.469985027018261725e+00
1.356190240776756095e+00
1.346130998051452199e+00
1.408672125152325982e+00
1.542022843946508903e+00
1.505660775203610635e+00
2.476381625864000124e+00
2.495297693979937392e+00
1.748303435734575917e+00
1.770932213328919369e+00
1.477496207193664590e+00
1.703156996966337600e+00
3.520552319582709977e+00
3.082349356388949246e+00
2.402480070283334435e+00
2.222754389422310961e+00
4.036317849694624371e+00
3.493780695406111025e+00
3.386468471604060060e+00
2.970994826262263189e+00
