3.133507260541957606e+00
1.607867994972895564e+00
1.976587052197676053e+00
1.548978317349345879e+00
1.847965962935261164e+00
1.889380480604000656e+00
2.107367708935686146e+00
3.763955118534260347e+00
4.719564233271954512e-01
1.799263118351304369e+00
1.989372218907536016e+00
2.845264135984324039e+00
4.252730677516360025e+00
1.041116888624817438e+00
2.340585962317531799e+00
1.779667506195319548e+00
2.389574514403308481e+00
3.892722196639188059e+00
6.711499889486530535e+00
1.259376548012899555e+00
2.604848594106499604e+00
1.725573205704258095e+00
2.175878057582385061e+00
2.895390656360392612e+00
3.874787647449597916e+00
4.500627360866425342e+00
8.209275618392220863e+00
2.429954767977228425e+00
2.367823366670413154e+00
1.382291264014107179e+00
2.038442101247438298e+00
2.406561587620532183e+00
4.602039645530064504e+00
2.052843956663568115e+00
1.163467102664955455e+00
1.112632557605327532e+00
2.239865117162586738e+00
4.954833456282959903e-01
9.558807037826356767e-01
4.103196509956298643e-02
8.782987430205451140e-01
