1.567703496716692957e+00
1.765703195414317417e+00
1.455260072594797949e+00
2.408389479355119267e+00
2.410642595523404541e+00
1.777453864210989831e+00
1.919836116792725811e+00
1.806695018496086602e+00
1.017816922852982087e+00
2.444952182531365370e+00
1.129965166614128158e+00
1.612320570828179589e+00
2.662687346838495728e+00
-1.677863257238042249e-01
4.136643277506998118e+00
1.247305380316921175e+00
1.124589091873788860e+00
2.356853005853258853e+00
3.541164901509149754e+00
8.630701986274648130e-01
3.015465885223139964e+00
2.114871479113705544e+00
1.046712474029673601e+00
1.887495036764639922e+00
2.361938601826323314e+00
2.565137290759775368e+00
3.380319798805928144e+00
2.492623573975544904e+00
2.703360578139546000e+00
2.203618204970748007e+00
1.738412315589899171e+00
2.009932230051686641e+00
1.521314227376904027e+00
1.238477922471663328e+00
1.627469396367227317e+00
1.889293568363600517e+00
7.316182878674255541e-01
5.984136293495810888e-01
5.148173234489209493e-01
5.286537127136959821e-03
3.774850583559138939e-01
