-2.615622806587214744e-16
2.709139798839129698e-01
4.676890535249634273e-01
-1.245321080128185699e-16
4.777170703681206665e-01
5.268422808613143493e-01
5.845427374057028391e-01
7.807147382559707083e-01
9.714544273516829698e-01
8.284064197031666410e-01
7.551507344933751087e-01
8.675206715343163344e-01
1.150051679545432748e+00
1.524923558941879920e+00
1.321931045776008506e+00
1.167080171662816968e+00
1.095046477914784822e+00
1.196260105847213762e+00
1.463367866979116583e+00
1.674726034414860010e+00
1.749214359340094171e+00
1.542708679094673352e+00
1.391753722648276570e+00
1.317969135923522606e+00
1.498041769520209510e+00
1.728490847210930159e+00
1.665127339701314657e+00
2.128022039994404313e+00
2.174196660039897644e+00
1.916054993200542178e+00
1.953440518961313765e+00
1.664197723056333400e+00
1.900746794205583790e+00
2.642266664751004246e+00
2.463354740504149820e+00
2.198729243769107278e+00
2.132517928807440732e+00
2.955730872799556597e+00
2.720554462422001052e+00
2.667492171517208188e+00
2.414720917585031046e+00
