-3.904363466727853746e-16
6.054153064090607161e-01
9.486670932023008040e-01
0.000000000000000000e+00
1.034233704756634564e+00
1.045282078758424937e+00
1.104204938970770877e+00
1.249883128157093903e+00
1.479965672510927366e+00
1.341684700605559444e+00
1.288887285413921280e+00
1.357854617064372160e+00
1.586619659162652907e+00
2.020702667822086962e+00
1.695607135741818761e+00
1.571585871895513131e+00
1.541167814635363342e+00
1.634853467864905152e+00
1.859876191751448582e+00
2.345196450040166525e+00
2.180567839094187832e+00
1.909411622244290285e+00
1.784327018643571794e+00
1.736985721933208104e+00
1.889548127810430911e+00
2.084737793434467523e+00
2.028570696887995073e+00
2.638972065013038826e+00
2.607241166972106061e+00
2.276741509531843288e+00
2.299195731294579215e+00
2.027071503805290220e+00
2.243398125478593297e+00
3.055881060518325754e+00
2.901208545824641494e+00
2.616628891453523842e+00
2.512821994485630483e+00
3.279203000288249292e+00
3.089116382447192333e+00
3.057482533213966125e+00
2.868970301341665419e+00
