-7.829182104856172132e-17
2.328823574507017935e-01
3.507748005577835948e-01
0.000000000000000000e+00
7.530409974403480255e-01
8.172255849213334589e-01
6.104340434442907526e-01
9.376103979248466835e-01
1.302520577530679402e+00
1.248955405410075103e+00
1.228071126849519468e+00
1.177934867517463013e+00
1.378047431489835217e+00
1.735048735444854717e+00
1.639483148126962275e+00
1.503267820972550073e+00
1.482653445114447743e+00
1.492150824340629400e+00
1.792579503076637160e+00
1.934104964641318869e+00
2.123032758458518021e+00
1.928280039211081487e+00
1.745535684341552818e+00
1.644206667864129390e+00
1.856772770957564989e+00
2.146460298142114365e+00
2.061638771278296201e+00
2.466972980504979596e+00
2.606040856888588664e+00
2.358990378889743056e+00
2.425911395802452297e+00
2.081929169848754313e+00
2.370872458358021628e+00
3.199742772391154677e+00
3.000077835363242240e+00
2.694625758341245625e+00
2.651018434012922587e+00
3.579547696115119582e+00
3.316263570424242246e+00
3.247047841691397263e+00
2.947838422003295378e+00
