1.930583801509217338e-16
2.932868264479053244e-01
4.972874587386123535e-01
0.000000000000000000e+00
5.262128780730739308e-01
6.445782379386948424e-01
7.438925789612383932e-01
1.125055214285265670e+00
1.731734537198170720e+00
1.513437859895829352e+00
1.466575397717337248e+00
1.452279193863432516e+00
1.646955489344155366e+00
2.167833998815142493e+00
1.923789658358733723e+00
1.793270056352859410e+00
1.724285420734412710e+00
1.748744882710869586e+00
1.977579103175540531e+00
2.306260402016002242e+00
2.314725852536831940e+00
2.045644931274904987e+00
1.908705323976205515e+00
1.860489954344305641e+00
2.015658303009337349e+00
2.259484293568611690e+00
2.189415516439207732e+00
2.774706143072415809e+00
2.829737879898817088e+00
2.510143110094463115e+00
2.550448812264262344e+00
2.180385682757251420e+00
2.488178211207645596e+00
3.315356719508832928e+00
3.166727313998084270e+00
2.891948156277011961e+00
2.816029790556854095e+00
3.611029894582183264e+00
3.408855040156775651e+00
3.361188715095115409e+00
3.131510720489488975e+00
