2.837294276645354623e-16
4.150475618565415692e-01
9.184163072161252162e-01
0.000000000000000000e+00
6.369155818239774502e-01
7.618721787422152447e-01
1.106147409952533467e+00
1.364944000357620091e+00
1.359024900376160083e+00
1.092557960273848661e+00
1.234628831209102717e+00
1.395641649730983813e+00
1.497377626794781147e+00
2.015060503460803343e+00
1.716112449048827537e+00
1.428091146099474074e+00
1.434812758810485755e+00
1.502239653065598590e+00
1.591777186415297418e+00
2.184046322393391026e+00
2.004459662759531025e+00
1.653178882360754054e+00
1.530909928581025259e+00
1.528699261480825022e+00
1.595915164042643886e+00
1.723258610477085062e+00
1.688776520548587179e+00
2.526072754086360561e+00
2.445526708455643128e+00
1.906467317183114130e+00
1.924179527048568428e+00
1.666213643562705071e+00
1.862813563622364832e+00
3.094399469160920901e+00
2.831149834950094757e+00
2.375822062393877498e+00
2.242317212030791929e+00
3.346367435646413480e+00
3.100433196685540072e+00
3.031746798295533285e+00
2.739743613085194429e+00
