1.735877492622533991e+00
1.800977660463946695e+00
2.054533618734538436e+00
1.673955436694613663e+00
3.194864644391446795e+00
1.371299190264966050e+00
1.587175982354146919e+00
3.157515848113999546e+00
7.236172672704235254e-01
2.015569836254088809e+00
1.022669917486540569e+00
1.479403163008553568e+00
3.602865497099573044e+00
2.866713323601826069e-01
4.405995053806278428e+00
1.101299265824539741e+00
9.812788466120367925e-01
2.641147194684483335e+00
4.794052942261476602e+00
8.893610623047576436e-01
1.167544392885270454e+00
1.517759807304920772e+00
8.990179816261447687e-01
2.016502266208184402e+00
2.827621692712736223e+00
3.262993166379879018e+00
4.270290605365850922e+00
3.350102401610783431e+00
2.705366390743382699e+00
3.592127624875782299e+00
2.644874184784990145e+00
2.568806508576167325e+00
1.889657099135294338e+00
8.523110050507102242e-01
1.069671948889963531e+00
3.444252559732523533e+00
1.314927872014729271e+00
8.274577299974245070e-01
8.319640785487426582e-01
8.083727440102723705e-01
2.908099011795888811e-01
