2.098067565338633145e+00
1.276804303738137358e+00
3.914052619452070392e+00
2.154508153642489265e+00
2.032345574657866027e+00
1.454752260649394335e+00
1.530700974066095510e+00
2.556315750354329008e+00
1.065528492638144975e+00
1.646436219136585999e+00
2.836915889429867832e+00
2.397567273675138555e+00
3.932238124421207015e+00
9.312040876417865265e-01
1.658961079437796915e+00
3.411097832269245789e+00
2.906743902808815339e+00
3.418118701384334379e+00
5.857323087877833956e+00
1.311290891626042843e+00
9.931248144748830997e-01
2.541062238057403277e+00
3.867952950965609205e+00
3.496844085451944917e+00
5.135749573462381257e+00
5.704856369010416373e+00
6.539940976328527888e+00
2.064040066657246264e+00
1.861898717989281637e+00
3.103172219543875787e+00
4.062170786684423440e+00
4.951282825360884488e+00
4.217193903833428514e+00
1.034894624481025538e+00
1.637355096204833105e+00
2.923077175799349892e+00
3.155911345448007221e+00
6.889847999767588771e-01
3.649435771337474765e-01
5.455724589996554519e-01
7.261988282633472513e-01
