-2.998092844685962906e-16
2.666756738502379931e-01
4.642924438575236068e-01
1.594825119277332033e-16
4.635756198075424717e-01
5.229203791516064959e-01
6.255616653616219436e-01
1.127493943937289078e+00
1.168444669978988548e+00
9.864905063018993836e-01
1.104623266442133822e+00
1.380701101053483315e+00
1.640574406162955023e+00
1.846923050058641769e+00
1.572535785522308549e+00
1.559603412413056001e+00
1.611556878279700955e+00
1.698303356534942354e+00
1.847638282073106319e+00
2.066620056242263637e+00
1.958090814499281906e+00
1.807329558083466070e+00
1.781166292653849403e+00
1.774719536359224081e+00
1.860454756522625486e+00
1.949986101886719725e+00
1.925177031749660594e+00
2.504940088654112440e+00
2.386043513059083132e+00
2.030423768682120045e+00
2.055910420365925528e+00
1.911865582197382896e+00
2.027928301171475489e+00
3.148127599521048481e+00
2.949114413240649046e+00
2.313797646789170770e+00
2.207913707453439844e+00
3.484083666914806088e+00
3.264265175367580429e+00
3.209219149670550664e+00
2.824524362106240361e+00
