1.765381863355478753e+00
1.411057291417629589e+00
3.991642336697617033e+00
1.927286504604562412e+00
2.030722193398561526e+00
1.991542018584514517e+00
1.649242884932823339e+00
2.827319083950415202e+00
1.819605934277540138e+00
1.286501855725394661e+00
2.160137717739383234e+00
2.969939107671061063e+00
4.044118296133473400e+00
1.407533271121785390e+00
1.161289111344267155e+00
1.636129454860398846e+00
3.066378058184326516e+00
3.864088867303256070e+00
5.880443122859580818e+00
1.986615133474701311e+00
1.736780681279421534e+00
2.060735004033202422e+00
3.175837745521072009e+00
3.760763681825598059e+00
4.631657554794011311e+00
4.646371979644700723e+00
5.721023567729481840e+00
1.720472592025110936e+00
2.960233162042645194e+00
2.857527368582096550e+00
2.727226883616302722e+00
4.014198243193300542e+00
2.618385973013653167e+00
1.575626423357300965e+00
8.660644953529675893e-01
2.044596808701150792e+00
1.291049234903734355e+00
8.355547852176145041e-01
9.626364984325676000e-01
2.826297044219734933e-01
8.676300164848569363e-01
