0.000000000000000000e+00
7.180441614768651171e-01
1.122497193835039875e+00
0.000000000000000000e+00
1.416056185651302091e+00
1.442100674035482255e+00
1.368387140940498625e+00
1.587712274035072868e+00
1.988721461317079386e+00
1.856909012347516263e+00
1.738300718620447993e+00
1.726180175528623906e+00
1.902401630066083094e+00
2.397811731079513731e+00
2.150454734690472325e+00
2.044639422099218340e+00
1.949001504768101078e+00
1.967361328033315093e+00
2.178616813777460859e+00
2.462080499811871714e+00
2.422648900695779872e+00
2.271407587751890222e+00
2.142736642216594323e+00
2.071584324590494575e+00
2.209946738449240833e+00
2.378454856889022029e+00
2.335985693238845862e+00
2.748502328758140045e+00
2.708893111749195892e+00
2.507703680362104226e+00
2.516834023230939632e+00
2.337395905606626023e+00
2.487694767454803113e+00
3.051414473576086639e+00
2.913927411816887414e+00
2.678580756032284516e+00
2.623904651955814682e+00
3.320522843219163800e+00
3.116255421548007387e+00
3.081265616076310110e+00
2.858172739660619133e+00
