-2.968172725240385711e-16
4.463018809979856227e-01
8.509722120985693250e-01
0.000000000000000000e+00
9.032493308281728250e-01
9.445455667422031354e-01
1.070164887659698305e+00
1.261082387422471029e+00
1.822026335184806722e+00
1.462782712802535467e+00
1.312581923355673919e+00
1.348584376147130781e+00
1.505299768927008452e+00
2.520622862896853889e+00
2.293948731132901209e+00
1.952122992224626596e+00
1.581769030609604387e+00
1.595022402574116871e+00
1.920827012924014809e+00
2.586404384408076407e+00
2.581886210310191831e+00
2.423267850673752832e+00
1.993777537044361337e+00
1.766827410023276146e+00
2.014227507861872990e+00
2.376127622980626963e+00
2.264646446600222518e+00
2.834134970865332281e+00
2.899401061043223482e+00
2.659315453709476085e+00
2.715611997719509230e+00
2.334154878551012224e+00
2.640392332538229248e+00
3.579728416000738545e+00
3.329310435507539356e+00
3.032348537479110817e+00
2.983125467829049526e+00
3.863618406521274196e+00
3.615472626912141774e+00
3.493296369162155468e+00
3.265789575004462097e+00
