1.875989621738526125e+00
2.325720425336151198e+00
2.665649091882381860e+00
1.793144143920857969e+00
6.732509936752595348e-01
2.981960841205023360e+00
1.524504245074427278e+00
2.827984632742043924e+00
1.752263192739285769e+00
1.165309362345655408e+00
2.376107762184006766e+00
2.937649121368093308e+00
3.577502849696663656e+00
1.133868175808348644e+00
6.849706829232693472e-01
2.629948166124465470e+00
4.088285633880123449e+00
3.456377180813222871e+00
5.199525698199119361e+00
2.119386539865587338e+00
1.648568844917216891e+00
2.935707039834761556e+00
4.122181251547886838e+00
3.754757927349221092e+00
4.562573896811296770e+00
4.383283699796312938e+00
5.116984165204843116e+00
1.742992187420249639e+00
2.466448726157559168e+00
3.201068206779309477e+00
2.698002053294435765e+00
4.619180858701565917e+00
2.931008146167843886e+00
9.948650137781777092e-01
1.985794421042470503e+00
1.302110611982639554e+00
1.761644153394878565e+00
1.810393251866284081e-01
5.558335708814352571e-01
3.211002280378029150e-01
5.912625905460598963e-01
