-0.000000000000000000e+00
4.434547810203984808e-01
1.008204065142976891e+00
0.000000000000000000e+00
8.231697722003303852e-01
1.011006831368560066e+00
1.334758388903066084e+00
1.645890377552581274e+00
1.428019666345232475e+00
1.406031720575414479e+00
1.616261971101495831e+00
1.759411110353093610e+00
1.857280392547867365e+00
1.853852620807942442e+00
1.705243923937022954e+00
1.737319395803684330e+00
1.806207256751388712e+00
1.866145323809642376e+00
1.922878477135812503e+00
2.052605846110240329e+00
1.947109658086855655e+00
1.853040915182614157e+00
1.859689078142783059e+00
1.881291372599233291e+00
1.917965666890642851e+00
1.975706702393401404e+00
1.963612906625425758e+00
2.635950476071752480e+00
2.422091576571474114e+00
2.007680696838839207e+00
2.056940088557236646e+00
1.934356852686396788e+00
2.038175398660081683e+00
3.112155846834918194e+00
2.784975951946201622e+00
2.314134486892568621e+00
2.223847101988237984e+00
3.354816998713235687e+00
3.075839089048253427e+00
3.001768132262354172e+00
2.672945831436194020e+00
