-0.000000000000000000e+00
4.649025009433803146e-01
6.995541572466922320e-01
0.000000000000000000e+00
7.109748540853706444e-01
8.483031495718718062e-01
9.041184109364748256e-01
1.044204530463218150e+00
1.382491138111473949e+00
1.187727529947726568e+00
1.120993173673014986e+00
1.191054063495760040e+00
1.322699299759981351e+00
1.716743307784021733e+00
1.453576185582620806e+00
1.328445072198918275e+00
1.295387487228638390e+00
1.366746568723808508e+00
1.516147992414591972e+00
1.787553762161258941e+00
1.709634227577220722e+00
1.507888688930968835e+00
1.430870905243086355e+00
1.426255965605883302e+00
1.534212207118154536e+00
1.674449119091047322e+00
1.632109485826410022e+00
2.320806847885479307e+00
2.224516333321878481e+00
1.820991174662055290e+00
1.846944855513949602e+00
1.624474783564047620e+00
1.798378276484605465e+00
2.905356363470123604e+00
2.698212691827040377e+00
2.162557594801127525e+00
2.056952910784445088e+00
3.471478571364885024e+00
3.109528075342299580e+00
3.030545921655438235e+00
2.611268409482578878e+00
