1.112640934982290862e-16
3.285811982988258162e-01
7.208623020660154257e-01
0.000000000000000000e+00
6.982186004748742736e-01
8.378907042842103081e-01
9.186301613369656227e-01
1.106406104978626015e+00
1.332206515053649731e+00
1.269077258277733211e+00
1.171821199127031754e+00
1.210024340988075542e+00
1.394659199745893918e+00
1.611954657668530633e+00
1.503811741834979232e+00
1.429564902184229158e+00
1.350684525826065796e+00
1.441878297218542881e+00
1.664306099203438416e+00
1.787248209482640959e+00
1.865916062451257185e+00
1.665115561012790346e+00
1.549244884677782652e+00
1.529565179859405877e+00
1.691090781055524017e+00
1.904288614641761912e+00
1.845775393482804505e+00
2.408890245828831045e+00
2.435910545434457397e+00
2.070521047088927258e+00
2.131258998518011705e+00
1.829208768420619080e+00
2.082265310518956358e+00
3.196571129664962818e+00
2.957445084250685863e+00
2.452997630697634879e+00
2.367794457536352315e+00
3.594512009691239740e+00
3.296047157910130476e+00
3.241028251858718345e+00
2.865924619554897745e+00
