-2.820078738516989218e-16
4.028324434388757536e-01
7.547462516832382784e-01
0.000000000000000000e+00
7.488543009376250614e-01
8.986632077392754381e-01
1.037378183040599477e+00
1.150722355889997051e+00
1.345287684343766887e+00
1.204255003086336373e+00
1.216640597576496230e+00
1.308313570309270535e+00
1.468176755635595576e+00
1.714621525055672446e+00
1.543585727963542320e+00
1.385423662915369558e+00
1.390101552302096533e+00
1.521439045289545877e+00
1.774503960287222126e+00
2.019561801729808259e+00
2.087056935796803181e+00
1.691306369475457538e+00
1.572247320232368573e+00
1.592715238460307825e+00
1.790265863843762295e+00
2.100108128224110970e+00
2.021392349411147205e+00
2.823236823895916014e+00
2.760021384449504733e+00
2.339623159062686142e+00
2.441094388050444319e+00
1.958223993320901579e+00
2.377610404693115242e+00
3.297384540420310817e+00
3.049955119106973811e+00
2.774966133593176121e+00
2.708724507379865365e+00
3.532857014911542581e+00
3.284396270243181704e+00
3.226066938199859901e+00
2.996149375158530415e+00
