-8.218693858248490293e-16
6.036146815464177307e-01
1.086018978628930931e+00
0.000000000000000000e+00
8.544202119616480795e-01
9.719269747745139520e-01
1.204217204033165123e+00
1.412376291243589765e+00
1.433981735474207486e+00
1.269769165065002925e+00
1.310538004018494185e+00
1.457070223743303528e+00
1.633150278490667962e+00
2.078697675666799860e+00
1.804829175613090753e+00
1.570781520019890687e+00
1.548283915128368049e+00
1.658248472962405629e+00
1.858746718638577322e+00
2.239210691907843831e+00
2.207334420253774798e+00
1.881982340181273639e+00
1.742593619525797610e+00
1.728988635162236331e+00
1.878558430171070270e+00
2.099235017641159384e+00
2.041421064577124689e+00
2.730037667437914095e+00
2.663896684034560369e+00
2.294844986758893146e+00
2.344575291767056147e+00
2.016597529893865204e+00
2.289486096725080078e+00
3.229969757098155370e+00
2.947180092789389860e+00
2.654393789492696776e+00
2.587771513549541602e+00
3.430007961872223010e+00
3.188930030814766337e+00
3.122616597541137740e+00
2.883229302978117303e+00
