5.745673138287816914e-17
1.521275870678964748e-01
2.432980345366982378e-01
-9.710829481066717102e-17
2.961075427004282723e-01
3.108887788464742008e-01
3.227638905762916788e-01
4.192372950696579004e-01
8.415245940483212506e-01
7.476184676200186008e-01
5.216171183469564543e-01
4.849963749127744195e-01
7.393409608323404658e-01
1.147345913936265394e+00
1.053208097045674085e+00
9.953560486030365029e-01
7.581476002925201518e-01
8.172988618834220453e-01
1.193604915888575757e+00
1.317587384424210750e+00
1.477809453102756132e+00
1.247792687902260278e+00
1.074678393970025292e+00
9.889236725684666940e-01
1.258764393298352324e+00
1.609042875420224838e+00
1.508183100486414352e+00
2.194258909929259982e+00
2.326098267414211218e+00
1.862149671278187535e+00
1.957162525081090010e+00
1.503079442900327800e+00
1.887560806225310639e+00
3.019999998075913350e+00
2.814926708005943912e+00
2.382902993897707322e+00
2.280970130678245500e+00
3.399712181899384955e+00
3.113262586917553865e+00
3.062286359014857240e+00
2.760930410615332953e+00
