-2.585943170893001678e-16
3.789931588461046275e-01
5.669150257612772803e-01
0.000000000000000000e+00
5.458078821808216574e-01
6.197183672175580194e-01
7.355539936431625403e-01
9.235324119144376898e-01
9.356789943249095298e-01
8.396896709250659674e-01
8.779712341771707118e-01
9.832504539992771297e-01
1.109676919859045929e+00
1.361285466074797057e+00
1.113923089557544266e+00
1.040139616703855463e+00
1.044747354003640050e+00
1.126501843552939697e+00
1.271812013865540214e+00
1.491959322990541237e+00
1.492255068525937256e+00
1.248641618752096782e+00
1.159513549710428748e+00
1.168934674827007525e+00
1.282729917563880662e+00
1.469325388030769064e+00
1.420913439519462917e+00
2.082827828180243035e+00
2.009214941170011315e+00
1.680641237084377293e+00
1.696845328219701798e+00
1.396505903917513391e+00
1.640797066559310347e+00
2.558812492006708794e+00
2.359036314744081153e+00
1.994264242688286393e+00
1.909981389883823377e+00
2.856529291121600256e+00
2.647415311109843294e+00
2.595501987522351506e+00
2.270312413949822528e+00
