1.433779075381860446e+00
2.896136416214149190e+00
1.333661829509055430e+00
1.549390925387744034e+00
1.377884537577911850e+00
1.752016212025186537e+00
1.330129738493876390e+00
2.405206602117598180e+00
2.079332996989906146e+00
2.500910733211771042e+00
1.968195030232366305e+00
2.701126738836656216e+00
4.433998731067697818e+00
1.186891679977451375e+00
1.070527889077158568e+00
2.336523535623697523e+00
2.964960844713776744e+00
4.321891641877653178e+00
8.081573909274625933e+00
1.237814699297179688e+00
1.759220915805628671e+00
2.864839092895957506e+00
3.534228622877662929e+00
4.267600183912967360e+00
5.797286306083006657e+00
7.573929611302164133e+00
9.620777302097836881e+00
1.784386513685482401e+00
1.719827707949538542e+00
1.658058678775270911e+00
4.727473588735843890e+00
3.676434837252687604e+00
6.708764891859701152e+00
1.532962567387489594e+00
1.837723137545182794e+00
2.328303336497093756e+00
3.485286961644553649e+00
4.791522212338137354e-01
2.760423956237453291e-01
-2.115302157746786448e-03
1.074720702086171320e+00
