1.162788716018633153e-15
4.778059596104304307e-01
5.810523172530637215e-01
0.000000000000000000e+00
8.838208884323883741e-01
8.819362923089653084e-01
7.373526087916301153e-01
8.406969198549789635e-01
1.394421311070867642e+00
1.272871993192491669e+00
1.059651033315464730e+00
1.066924677943127620e+00
1.341314470937961412e+00
1.954493358001796910e+00
1.727694632943438391e+00
1.514240146330334547e+00
1.373385823855463483e+00
1.456612585449460040e+00
1.812399460292584807e+00
2.265231025177489865e+00
2.283205114454122775e+00
1.944055906607932371e+00
1.722028647264278289e+00
1.627700612352889209e+00
1.867851657907645180e+00
2.161981781059557850e+00
2.077366104486679355e+00
2.673165995619595225e+00
2.645078624970291781e+00
2.395335085167479505e+00
2.432877108115495624e+00
2.082815024566031070e+00
2.373537019274184257e+00
2.946127395914191371e+00
2.812696211341946473e+00
2.651628789593560853e+00
2.608293095533083417e+00
3.088774549668330760e+00
2.959467539840823225e+00
2.920150398277087334e+00
2.778607618699798998e+00
