-0.000000000000000000e+00
5.045661136258896562e-01
1.020177200472709877e+00
0.000000000000000000e+00
1.054896350351624212e+00
1.052014458864173330e+00
1.367531920649715849e+00
1.719198837112094980e+00
1.557904151579607932e+00
1.479329609397675771e+00
1.577933523273497451e+00
1.810416716490569566e+00
1.965075417477986308e+00
1.954887199489658389e+00
1.832985052859580799e+00
1.845516011943993950e+00
1.902639107695250464e+00
1.979859199712067586e+00
2.068431871480649775e+00
2.183476984208134297e+00
2.161029748476113177e+00
2.039481161354641525e+00
2.013901571490568809e+00
2.016202300312828211e+00
2.072826425405250195e+00
2.133358820926701593e+00
2.117275325137964348e+00
2.470555849483239363e+00
2.358565382892969353e+00
2.184137859693699113e+00
2.197601189839708979e+00
2.108309435816432487e+00
2.180779038248140456e+00
2.882014906399843035e+00
2.603944508039593764e+00
2.313509240043944093e+00
2.270844049929039876e+00
3.418309381077668352e+00
3.041144881357493279e+00
2.955543636254620576e+00
2.505640492428967026e+00
