2.953165529121045463e+00
9.634988342884821533e-01
8.944822521233530832e-01
2.252265808581381812e+00
2.986383421269872329e+00
2.779300739824282829e+00
2.280490053174290210e+00
1.303761401668767972e+00
1.983686974784643064e+00
6.087326257561207488e-01
2.918205895625947122e+00
2.259841161782119467e+00
2.583799127878329216e+00
1.668160412915065782e+00
1.085446665531969224e+00
2.576828326190911511e+00
3.773295840862439743e+00
2.940977936943663718e+00
4.476845290157477564e+00
1.302608473419065493e+00
1.804146432612192319e+00
3.651305715732216850e+00
3.889970707862367760e+00
3.698380039418438070e+00
4.332001596559217127e+00
5.134275090213950676e+00
4.400957258090398838e+00
2.239159745589228923e+00
1.130878716491354075e+00
2.810630927457476336e+00
4.699497397938816157e+00
4.772243629413073229e+00
2.844553164847621662e+00
1.654539695561759727e+00
1.297573069186007011e+00
3.101207249337971650e+00
2.973744458155378911e+00
5.318631010536598591e-01
8.153711158070720000e-01
1.408365914284450682e-01
1.639416664402861823e+00
