-0.000000000000000000e+00
4.902449784351491369e-01
7.754009695966113114e-01
0.000000000000000000e+00
8.030450642368887060e-01
8.901592545177808846e-01
9.755653629145464301e-01
1.176418724182903830e+00
1.163963042929589964e+00
1.124041683862122554e+00
1.199250251255594479e+00
1.315226379962079806e+00
1.490039422709766415e+00
1.785491210737681911e+00
1.467857095335089124e+00
1.361788248092380638e+00
1.427048190317232290e+00
1.530077048751611990e+00
1.725405135375804200e+00
2.097078109541758995e+00
2.077498566954671944e+00
1.678831475301123310e+00
1.589806046389840022e+00
1.596815572320464005e+00
1.739575274567459306e+00
1.972415537492617554e+00
1.910171610511127271e+00
2.827324406822347314e+00
2.698259702517449732e+00
2.186066125682542438e+00
2.271895287199276581e+00
1.866070696103189652e+00
2.193906514268894714e+00
3.646036924548436087e+00
3.120490021218858434e+00
2.711724416235818502e+00
2.626144297060180488e+00
3.942289267920401574e+00
3.515529926394307836e+00
3.377512367688992434e+00
3.031867804872826699e+00
