8.296478076627538445e-17
2.320704626525417757e-01
6.282256007028562683e-01
0.000000000000000000e+00
7.189501628406299583e-01
8.421168105981758911e-01
9.678109758043761390e-01
1.137843175064476631e+00
1.196187592353944673e+00
1.167684222977549924e+00
1.236422800817644330e+00
1.252850739638204924e+00
1.359830249833670512e+00
1.618751021680437496e+00
1.448830962894068985e+00
1.420611073262507018e+00
1.398369492006700021e+00
1.411429005485097310e+00
1.552256081233145846e+00
1.830087642331076792e+00
1.742244471673245476e+00
1.601471656172559710e+00
1.537494764995642527e+00
1.486770923641865805e+00
1.582523325308311968e+00
1.720156359971529270e+00
1.677838204839493308e+00
2.116693552588910787e+00
2.102693582565883457e+00
1.836739929989080089e+00
1.880878018795439255e+00
1.682040347657954626e+00
1.841310676193446128e+00
2.538184533238585949e+00
2.375328067445636293e+00
2.128972485642561363e+00
2.069974202608625191e+00
2.770579925717178149e+00
2.578993762524784739e+00
2.533272893694538119e+00
2.332111158440571597e+00
