1.487784307221120317e+00
1.769835117600504271e+00
1.596203953657198804e+00
2.678829382388680180e+00
1.512618862401785114e+00
2.156062864354153064e+00
1.184733641368059365e+00
3.846756765509900866e+00
6.641298642855819612e-01
4.193450006917475825e+00
1.702947576993526946e+00
2.271331528224384222e+00
4.466112562057196200e+00
1.808432683318179413e+00
8.697408754602800052e-01
2.127206665987537715e+00
2.221539778513705876e+00
3.735380556785558692e+00
7.182052573262782680e+00
1.111387907316472523e+00
2.761910533474428942e+00
2.506217497495836000e+00
2.740545452232023838e+00
3.019332002077061983e+00
4.261666672259546651e+00
5.523414752203914979e+00
8.023409791298673710e+00
2.229755789753615325e+00
1.647067031121063341e+00
2.227555417490501011e+00
3.520924064525568831e+00
3.081989819069824055e+00
4.689469700119031970e+00
2.437802345633574674e+00
7.241131074400969370e-01
1.890261343526828730e+00
2.900142255714037720e+00
1.288364651549410933e+00
4.291836846157094376e-01
5.450518362088391244e-01
5.517572460009735336e-01
