-1.789598390690895104e-16
2.754096383971375017e-01
5.726089557897127147e-01
0.000000000000000000e+00
7.406822946466875557e-01
7.500155544332306468e-01
7.805992809220050344e-01
9.900876590817044853e-01
1.284451099040878175e+00
1.181600448643367329e+00
1.053488788465566817e+00
1.095876705003407503e+00
1.341975048090871869e+00
1.878660449963682533e+00
1.610489545668727818e+00
1.459574157843769537e+00
1.356475194013514241e+00
1.423607361951877648e+00
1.722465904904517009e+00
2.128212070683653589e+00
2.039502828413271907e+00
1.882665781009501327e+00
1.715907878971691281e+00
1.583520065054585535e+00
1.785526163231798691e+00
1.999465473775265290e+00
1.929621176535501803e+00
2.371882569295091336e+00
2.366852237165225858e+00
2.134999709473500928e+00
2.181724087840762660e+00
1.965325659776444356e+00
2.137992152845877403e+00
2.920968639638716002e+00
2.726428146307815492e+00
2.392087711671150085e+00
2.337303737132529591e+00
3.210115599574690837e+00
2.984814708916359027e+00
2.933123409718487284e+00
2.650670357475143124e+00
