3.119649567755295561e+00
9.475152685891760074e-01
1.947361360374453731e+00
1.978904608137432852e+00
2.709509633182611843e+00
1.445019427748089669e+00
2.968436465904376931e+00
3.822916560905911698e+00
1.775649277193877884e+00
1.123901668811126964e+00
2.514007422907809985e+00
3.839669317287824235e+00
4.057058267425822429e+00
1.418467488723688774e+00
8.007726463504177827e-01
1.313815617128134772e+00
3.020104460232732269e+00
4.517630691333826221e+00
6.676992909283340438e+00
1.513053741270721453e+00
1.883396788958388690e+00
2.026476888349149519e+00
3.280867950191673099e+00
4.125813875917040185e+00
4.810856235134500558e+00
4.364162223953687914e+00
5.818363842867741553e+00
1.739108465191480546e+00
2.490845690480229635e+00
4.655562449060885122e+00
2.650159585709626953e+00
4.037425776465798144e+00
2.065792418230322891e+00
1.125964400121157727e+00
1.283367326852153045e+00
2.342665308471682195e+00
9.283052958009740951e-01
9.045470538821678286e-01
4.626423982683117719e-01
7.307251718456166945e-01
3.255869785797635418e-01
