-0.000000000000000000e+00
3.573854462067426740e-01
6.400598392798667602e-01
0.000000000000000000e+00
5.650072163089303601e-01
6.732031253286180350e-01
7.884138229910010454e-01
9.066703277137555528e-01
1.076576192806919519e+00
9.175054452839632724e-01
9.337122810893322411e-01
9.779064754744543064e-01
1.047473460458724803e+00
1.649743156409198885e+00
1.224014170140170332e+00
1.057785509571601112e+00
1.040767077780984984e+00
1.072449937255415264e+00
1.168420145094659857e+00
1.670241073390761999e+00
1.467788064950562799e+00
1.174642554687739704e+00
1.114528011185285994e+00
1.108404280601283043e+00
1.181281692383459481e+00
1.324421581373398160e+00
1.281600665042615050e+00
2.056341816669314149e+00
2.014182190368150049e+00
1.490627918006899755e+00
1.552090722197140726e+00
1.260201762453784680e+00
1.483394587245284724e+00
2.528559598208464987e+00
2.341800567843740577e+00
2.007645841409083864e+00
1.896353255335547772e+00
2.734805130232166981e+00
2.556579833904880417e+00
2.504328637560865101e+00
2.281325543000004341e+00
