4.039321414325296900e+00
6.980043762304662947e-01
4.677830401672848026e+00
1.240551713235393372e+00
2.173667885228897756e+00
1.024479275545447488e+00
1.898985955867781961e+00
4.610822764441242505e+00
1.344443702045286848e+00
1.469896802524711443e+00
2.159076741668237709e+00
3.521222096482413910e+00
4.148956671242787664e+00
8.324404326283931788e-01
1.489183996915696362e+00
2.570642909329998282e+00
2.229063463508361043e+00
3.914339563176461478e+00
6.760692293254827234e+00
1.250668367982455731e+00
1.555793991941325061e+00
2.386294249892352948e+00
2.485559335988878349e+00
2.791765203747592405e+00
4.117447665524782252e+00
4.739902438889993519e+00
7.509383751281897723e+00
3.970868918276441839e+00
1.974274073044431255e+00
1.953381381465219224e+00
2.582067422612095875e+00
2.750097625443826743e+00
3.523706274604752942e+00
1.249422416863468666e+00
1.156897529582313622e+00
2.227677705661340379e+00
1.537671650050883576e+00
6.952011922063640048e-01
4.758819972036136825e-01
1.373424237708275042e+00
3.670212852055496078e-01
