1.567020834973730681e+00
2.158430530852925688e+00
1.282030653515637386e+00
2.242576523350705564e+00
8.313314304167352953e-01
4.118376327092971856e+00
2.482066822124087579e+00
1.933579773098263788e+00
8.110864421769673482e-01
9.702352132274281171e-01
2.107687367477361740e+00
2.971353711163881250e+00
4.292674601771381049e+00
1.532654427749747528e-01
2.564488831301535487e+00
1.616181346432395305e+00
3.929206796879454178e+00
4.183128577584883878e+00
7.082036788313868847e+00
1.405955886257377552e+00
9.868722960874789507e-01
1.742502896801601642e+00
3.563499019624473352e+00
4.910708259095591721e+00
6.293993802267490167e+00
7.941630340743455641e+00
7.488235615110617083e+00
1.974751869890769340e+00
8.013477381147171563e-01
2.907721946446630401e+00
6.296349721944954680e+00
6.011669606303933655e+00
5.608515353716183149e+00
1.720216898194294242e+00
6.143142229469776838e-01
2.793448549356089217e+00
7.146114135806521439e+00
7.953830958480349045e-01
1.067077435054868850e+00
5.436650228292455589e-01
3.533301023631810089e+00
