2.604893129955843101e+00
2.485530380471214329e+00
1.648148663959941196e+00
1.092421466890437287e+00
1.815865118876082818e+00
1.098050362046259387e+00
1.676360759956127877e+00
5.969547474597410641e+00
1.094677276524286480e+00
1.231950816441020669e+00
2.755354905255926301e+00
3.143194967694411535e+00
5.356946526188006708e+00
5.406966409785788352e-01
1.986347554222277934e+00
2.000568327809540303e+00
2.652676367630837362e+00
4.759236418968617599e+00
9.110526174934388877e+00
8.645865078972327922e-01
2.071836077414598076e+00
1.777282463316798067e+00
2.643481642084092531e+00
3.441948528981504385e+00
4.939523239441413693e+00
6.601672807258253783e+00
1.152366611390800166e+01
2.281702295659569835e+00
1.473904488781385913e+00
1.817688652985722131e+00
3.410479974780003420e+00
3.165706697263434233e+00
7.699275608957719008e+00
1.964862556309079133e+00
1.752252014448665296e+00
1.369402384066616518e+00
5.803594934395558624e+00
2.811087646745447644e-01
1.052664230634855758e-01
6.370848756664607704e-01
3.681371428715601302e-01
