1.393600309786465319e+00
3.752146309714330830e+00
1.601277565277826387e+00
7.788478874730534463e-01
6.887965486503868640e-01
8.338956459793777087e-01
2.242175779590260376e+00
4.556999091040652594e+00
1.092760089766351195e+00
1.678714800095281179e+00
2.405693960949774723e+00
4.072769468649567237e+00
3.757376696584782128e+00
7.888636642266837473e-01
1.031577903429290233e+00
3.060182227649260511e+00
2.527652215422697246e+00
4.346406777708140545e+00
6.196600758587330837e+00
5.615935301133764268e-01
4.047867839909091714e+00
3.395635198847423375e+00
2.678072743633304054e+00
3.178073774369161164e+00
3.725142457361777737e+00
4.204967304159616504e+00
6.631866001606748107e+00
9.928520766807906739e-01
2.122537333259189030e+00
1.774700855689656409e+00
2.200421355373565202e+00
2.656333287066855675e+00
3.327640637279060343e+00
1.694180789071323190e+00
9.224980523285964962e-01
2.332921162532753279e+00
1.780741014011286261e+00
1.014145604467316275e+00
6.188746300578972237e-01
-5.407102463025117989e-02
2.339233377928204405e+00
