2.622321519531989775e+00
1.395840282279027234e+00
3.875792571473487325e+00
1.581231088099470883e+00
9.358673217751632967e-01
3.002316108753334323e+00
2.397294710019909125e+00
3.886144891919852906e+00
1.974286150675786944e+00
1.115066725074284726e+00
1.810125458851965963e+00
3.164294293667713642e+00
4.610549832938380277e+00
9.683186708124364994e-01
9.383120845251562425e-01
1.479813570731524530e+00
2.492480028993904639e+00
4.041511796922523381e+00
6.445220060100113280e+00
1.799050943525041024e+00
2.569856532849853270e+00
2.080954704108110231e+00
2.660467038214529012e+00
3.500259645892045857e+00
4.140781786140298237e+00
3.951999705943276986e+00
5.725945735139128523e+00
8.763249937223720476e-01
3.029480455134532679e+00
3.839974073491973172e+00
2.259067342807222101e+00
3.382367134957167121e+00
2.185398504454488133e+00
7.743932285854738806e-01
2.031462597329992903e+00
1.524133718880632760e+00
1.082984874132152608e+00
4.442598289413737800e-01
2.886870996906878983e-01
8.099964823439932682e-02
5.852248940012954037e-01
