9.626066892328334412e-17
2.756718148685108338e-01
5.882428377666319985e-01
0.000000000000000000e+00
4.829965559192188618e-01
5.790954702184172298e-01
7.534136547806371542e-01
9.564320973861483166e-01
9.490639600552863708e-01
8.650633144039369116e-01
9.347881735143183102e-01
1.001353644330901904e+00
1.119442658042938410e+00
1.739845554512301051e+00
1.277346636230566324e+00
1.084692847202070709e+00
1.078655881719621012e+00
1.147462048470121898e+00
1.343184377108123329e+00
1.984485070548708041e+00
1.923617294034292824e+00
1.418967601356071917e+00
1.230530050998676961e+00
1.210197696770527243e+00
1.374438980953223588e+00
1.669377430603641077e+00
1.591190931872527248e+00
2.587190834765573655e+00
2.499421671273399870e+00
2.055482063653478519e+00
2.025014942637068049e+00
1.577291834154513905e+00
1.942491592206788464e+00
3.061803189489413324e+00
2.866496531795936331e+00
2.449967479898697231e+00
2.329409655414098168e+00
3.404944076200074665e+00
3.101375127924550057e+00
3.052718191540163772e+00
2.816488942639910675e+00
