1.375140775872847332e+00
2.771095090953499263e+00
3.013462700188720422e+00
1.279688752260389917e+00
1.416182011284212727e+00
1.689110724300396438e+00
1.975903781258892655e+00
2.860515366669520887e+00
7.073553855188714490e-01
1.158312440905588714e+00
1.856505451339963031e+00
3.476665918817259726e+00
4.507602587671847516e+00
1.190510419290933042e+00
1.841362703492838149e+00
2.283375493520839683e+00
3.334894353280247081e+00
4.380722887970166290e+00
6.722510748820869964e+00
5.787770984643585415e-01
2.185440343987187450e+00
2.318132024747327602e+00
3.083323814587039635e+00
4.021821220144777165e+00
5.060969187348815623e+00
6.133736660323457102e+00
6.962337537536833487e+00
3.443135252320061124e+00
9.522483777545394101e-01
1.743761240944845747e+00
4.227976997787851410e+00
3.859747744749573162e+00
4.253202120779506323e+00
1.140232307080673024e+00
1.800192053914118517e+00
2.203005703254363290e+00
2.690479402351843685e+00
5.141866719551401177e-01
3.767610675084326344e-01
2.054768088608606713e-01
1.037358769386387491e+00
