3.757902815637175448e-16
5.433977927573125921e-01
7.738245229233327027e-01
0.000000000000000000e+00
7.785908922551135758e-01
8.469504758187583748e-01
9.463297360256522905e-01
1.108377790046700007e+00
1.385849707723979085e+00
1.106400393240613234e+00
1.091441856574169034e+00
1.200134909850979703e+00
1.312903248759880848e+00
1.974051459770197470e+00
1.569062086536727962e+00
1.297477217140901473e+00
1.279652845466033195e+00
1.343366137760305001e+00
1.466617889953201637e+00
2.044530081535907762e+00
1.882601769297408190e+00
1.539931950221835821e+00
1.407849955824739707e+00
1.392397433039600285e+00
1.487003045778772181e+00
1.628177988292013545e+00
1.583327641971461697e+00
2.381922349166538666e+00
2.301268247295881419e+00
1.848334984035292061e+00
1.832438305649876753e+00
1.592617554657568046e+00
1.763922073988632322e+00
3.004655074695731454e+00
2.825043155170142484e+00
2.211714339129132068e+00
2.075322280717150303e+00
3.485245479736589935e+00
3.196842139884914946e+00
3.150327236746718551e+00
2.717206579115948095e+00
