2.007561960658160505e+00
1.196931905565291832e+00
2.287059433147073495e+00
2.782576286433937618e+00
9.332016025622716926e-01
5.048526442061556985e+00
1.672718921870632869e+00
4.022422393444979427e+00
1.234082077558485091e+00
9.799084258682685400e-01
1.773529321899085076e+00
2.825973953994135535e+00
5.000934659321655040e+00
1.717837387325086063e+00
1.392318185757144944e+00
1.773678313858689570e+00
2.907916305219209629e+00
4.004481664155471243e+00
7.432661872124948665e+00
1.298362459072958108e+00
1.264263321303205512e+00
2.383957690172796795e+00
2.768422153259523455e+00
3.671887213773250114e+00
4.785646228242623756e+00
5.883592766973009702e+00
7.958306289612306905e+00
2.846085025698137816e+00
9.805983234016090178e-01
2.976496135045814118e+00
4.061431700757749397e+00
4.115168898538222209e+00
5.059874391892824619e+00
1.628227541162966086e+00
1.686067925182186844e+00
2.133796936579009706e+00
4.035927012668422798e+00
5.778706269322918532e-01
2.031104863108887659e-01
1.850967278332118771e-01
1.256505891744860826e+00
