1.219003039766471730e+00
3.214442279051565432e+00
1.222291066047086705e+00
1.337654691973712451e+00
1.080709757295393203e+00
2.194426156444083453e+00
1.475614398041594555e+00
1.425931459516286415e+00
5.780918929451570598e-01
2.302712425138830454e+00
3.173356866294831047e+00
2.345438924816378279e+00
2.613102299561468111e+00
1.369963352097089970e+00
1.487035394473920968e+00
3.130188606008879493e+00
3.198670441427033495e+00
3.176790097040241623e+00
5.198638855351918053e+00
1.112970403073049175e+00
2.337627396193869167e+00
2.319413728105956807e+00
3.313283248778728929e+00
3.523180357274165786e+00
4.609940672268109552e+00
5.096626594284719758e+00
5.625046885928089324e+00
1.831345829873760600e+00
1.870964410453580973e+00
2.474102372146457895e+00
3.787300180448822218e+00
3.917723206831296157e+00
3.450242000375673079e+00
8.556532187647735155e-01
2.370398107494424700e+00
2.130251232454490218e+00
2.335670129496868697e+00
4.499473330100814406e-01
2.180317016107735373e-01
-3.103275285294129215e-01
5.378004887088998487e-01
