1.431627927247760557e+00
3.103848592880074975e+00
1.531524451716175239e+00
1.143848878108744138e+00
1.373681901834586272e+00
1.163562168108042361e+00
1.965852915169968629e+00
1.900460625305101514e+00
3.953063378309161213e-01
3.036067246081047166e+00
2.085270617499775714e+00
1.953860836814678148e+00
2.030778847473766913e+00
5.214973329163374860e-01
2.549955510076498122e+00
2.487089124137190854e+00
1.681741350286478420e+00
2.121410755756155897e+00
2.863049087796230019e+00
1.647880343527376446e-01
4.803644243356023580e+00
3.237462375530812952e+00
1.903110861393044306e+00
1.622475197819013504e+00
1.932161676949434748e+00
2.147729586602108665e+00
2.840874034530897152e+00
1.569272039070106040e+00
2.038590068773645569e+00
2.172586358514478011e+00
1.570971308652234555e+00
1.968059081673187549e+00
1.678950579154683043e+00
1.124402085890858549e+00
1.464557945230922975e+00
1.563383887439940612e+00
1.909650189400523557e+00
3.734281849587063884e-01
1.254560232693668231e+00
-1.280547200440709521e-01
1.971478220600068942e+00
