1.480325598215324909e-16
4.310851487561517814e-01
1.015784311729674094e+00
0.000000000000000000e+00
1.086650724166885018e+00
1.123937862203054250e+00
1.433442380389448267e+00
1.626061802652585708e+00
1.823040719747398786e+00
1.606305715133091505e+00
1.686706396903797867e+00
1.747641660293295818e+00
1.848806272854605970e+00
2.378543625980762855e+00
2.086334752617336363e+00
1.922921404762876207e+00
1.879953647327956556e+00
1.905752672361058275e+00
2.059976216107822111e+00
2.546902323021204673e+00
2.436373596280800857e+00
2.142388493088458024e+00
2.022811565679972112e+00
1.979201602839141261e+00
2.092905207778632537e+00
2.282888041426893722e+00
2.227051461715630953e+00
2.998864017474896837e+00
2.979487110835268293e+00
2.476543436972614476e+00
2.526444962225463442e+00
2.222656201818744570e+00
2.466994970405421483e+00
3.725797551955169151e+00
3.486216720372057321e+00
2.930251733284230831e+00
2.819853454933092252e+00
4.112369618892084411e+00
3.814208573891114451e+00
3.747990908009574795e+00
3.373537687236495497e+00
