3.204526367939446008e+00
1.541169927403676310e+00
2.190230379155449825e+00
1.567710419733129301e+00
1.320063206260223776e+00
2.935082300518040643e+00
1.610449513018012313e+00
3.946725124822235475e+00
9.666872246815845227e-01
1.503724516576887993e+00
2.446629719967183370e+00
2.468977805839645434e+00
4.028660478560510683e+00
5.801803310999752439e-01
2.301342512264888285e+00
1.425453403553731180e+00
2.855528519041425017e+00
3.762904040486828361e+00
5.708560370302922848e+00
1.061588031007845156e+00
1.974909143716752746e+00
2.240869028212536307e+00
2.941572671991670163e+00
3.476218073943288633e+00
4.288491527430313255e+00
4.049257977309903112e+00
5.816233266533963331e+00
1.905631311240310710e+00
3.327382312788370378e+00
3.084284968963988849e+00
2.087906314837298716e+00
3.798373425332568498e+00
2.880271901554062097e+00
9.421536015922069573e-01
8.275402504367453949e-01
1.369160595392087343e+00
1.476392331528332935e+00
1.547939902800145262e+00
5.738653418148542684e-01
4.400683725394319845e-01
9.407853426600395474e-01
