2.381941975167864322e-16
3.541076421813869057e-01
6.861103271822275307e-01
0.000000000000000000e+00
6.811561024873109549e-01
7.611103546514725871e-01
8.271582961519899913e-01
9.610509758837691985e-01
1.091544136112302388e+00
9.966183127031881250e-01
9.648353201086239395e-01
1.018967686645630311e+00
1.134090996336700741e+00
1.636430429403322284e+00
1.291207714370260717e+00
1.119897638979182375e+00
1.103083391939736035e+00
1.167711142101155231e+00
1.314973000785393920e+00
1.675685800189494090e+00
1.562354113595028515e+00
1.341220294505709232e+00
1.251712617649750392e+00
1.229555779285449679e+00
1.336370257092942548e+00
1.466054221933144941e+00
1.427739216415178092e+00
1.979517316341194544e+00
1.863565540135600385e+00
1.575724283269210657e+00
1.603409877458417343e+00
1.425953484109429015e+00
1.567378592461924569e+00
2.506447539610483499e+00
2.240816805949951362e+00
1.832980010525432357e+00
1.752536749689104667e+00
2.698874539007503959e+00
2.466855605643594185e+00
2.428311837641351723e+00
2.172558494410213203e+00
