3.981177382070046170e-16
3.003701257835765248e-01
4.989674706273945493e-01
0.000000000000000000e+00
5.049381646672961299e-01
5.604595731359893751e-01
6.656048935205000072e-01
1.066362273831384488e+00
1.082765999554669900e+00
8.711732971324641639e-01
9.303301053943148213e-01
1.224917597671047353e+00
1.440311198813627902e+00
1.763416288535058163e+00
1.428318094808168182e+00
1.260565952510149135e+00
1.360451813201352556e+00
1.486031270530127069e+00
1.657722006898385336e+00
1.948844693381090121e+00
1.920686017658594480e+00
1.628130379617558132e+00
1.554235866741404015e+00
1.555688304700283853e+00
1.673830789282084508e+00
1.822687377062418124e+00
1.781236794403122214e+00
2.505050900145447734e+00
2.424428991955288826e+00
1.978193924851675334e+00
2.008418146004092186e+00
1.765830509377764201e+00
1.957010626427753586e+00
3.395430093241559089e+00
3.121161444016321340e+00
2.394335996787848142e+00
2.255942768486310257e+00
3.703021343887911154e+00
3.444191903467723748e+00
3.385526348286052478e+00
3.009320620786158251e+00
