9.611806335086523490e-01
1.724013670778266949e+00
3.634724639293880344e+00
2.984771066779413395e+00
1.375519530307013127e+00
2.182877473815206137e+00
9.892783809231578962e-01
2.213993265169554636e+00
2.332700450911325163e+00
1.663626584822513133e+00
2.240275581520653425e+00
2.297345832828693091e+00
3.787441143067768579e+00
7.520364674890348544e-01
1.145297462466711158e+00
1.992623535832729997e+00
2.949885624691318320e+00
2.873690127419859852e+00
4.489708555110095922e+00
1.161641633291738307e+00
3.239584315404904657e+00
3.425869439059082033e+00
3.653987829302915546e+00
3.217942151941544093e+00
3.771998223845721032e+00
4.279438146359674455e+00
4.020505657807648348e+00
7.514424373957347969e-01
1.691816860222883134e+00
3.432083418285390319e+00
3.598922113730179895e+00
4.522651657298376371e+00
2.440761090532655775e+00
9.509280679990699259e-01
2.084341861105518667e+00
2.286207689161863676e+00
2.395003566242104753e+00
2.640486061451643995e-01
7.559606037990834748e-01
6.879964887959912762e-03
1.171714302073942227e+00
