8.709974233504275132e-01
2.362168986155128270e+00
1.087512699579353592e+00
3.000934810599741986e+00
1.344737340467649478e+00
1.484766722865353161e+00
1.593426103172561170e+00
2.138028811269389706e+00
1.616602292423551468e+00
3.659756373998523493e+00
1.302867482220467776e+00
1.977020750054923948e+00
2.916438623665307261e+00
1.130422863650562437e+00
1.633937530432347129e+00
1.285497485271615670e+00
1.207191486629032973e+00
2.677094944509332830e+00
4.380589955266364299e+00
1.564399170090863711e+00
5.552453114658359112e+00
1.700666988519478284e+00
1.522964233423061753e+00
2.158149408881176345e+00
2.592805045946988685e+00
3.246535551464681646e+00
4.601603851009276269e+00
1.295642012011467781e+00
1.667580855936034334e+00
1.404866963959757076e+00
2.038994824216046720e+00
1.797200254399893948e+00
2.496385860824016145e+00
2.088083175740351294e+00
8.245610753290310013e-01
1.679173343382713846e+00
1.838532908047812775e+00
1.236589444601469273e-01
2.557567926273196512e+00
4.438148483278352430e-01
9.322533170000590896e-01
