1.859028905152340094e+00
2.041938291710599263e+00
2.065051049038890696e+00
1.868949309884571752e+00
2.143393329368825206e+00
1.310498499640107672e+00
1.933760415451673875e+00
3.400825383091937493e+00
1.745631427797060153e+00
1.645185560503359845e+00
1.819532218801109824e+00
2.405295146346210444e+00
3.445441409229891949e+00
7.735476658836372144e-01
1.728647861371336303e+00
2.220195179650472639e+00
2.169015350452312418e+00
3.237565542899888626e+00
4.974082645221991505e+00
1.047663257105299284e+00
3.373782481785878140e+00
2.230238960743900822e+00
2.336233694181684140e+00
2.534676134851885809e+00
3.273166371111952078e+00
3.584111696286188753e+00
4.968417266936667964e+00
1.764399800877082702e+00
1.365182888345516155e+00
2.707054904610954882e+00
2.600417892384583318e+00
2.719615548490267987e+00
2.320347643869308474e+00
5.850545412868435324e-01
2.036819916146300979e+00
3.445020270112733929e+00
1.821031689171113133e+00
5.321074787028805542e-01
5.953684350890123822e-01
-2.407236815015492415e-01
2.283861977336155036e+00
