-2.135217455316366334e-16
2.746356646489443998e-01
4.882313512756226159e-01
0.000000000000000000e+00
6.727809186701795285e-01
6.967843315228587908e-01
6.563630803774708200e-01
8.502763766999382744e-01
1.207840513914297809e+00
1.098282763437893994e+00
1.086092748232333483e+00
1.080235983509437503e+00
1.298019890500583973e+00
1.582838631586189093e+00
1.541448189239809308e+00
1.467576492763636997e+00
1.385220681362861361e+00
1.423450840459772992e+00
1.816416269034942577e+00
2.002046915233078206e+00
2.378140370924031188e+00
2.011163286700775821e+00
1.742715245003383817e+00
1.607727430109065381e+00
1.894651879875382861e+00
2.327473592985097817e+00
2.205189162793174784e+00
3.057356327646478800e+00
3.110114101220351479e+00
2.683057115434582141e+00
2.761736846142727408e+00
2.211832528653574048e+00
2.669490980291913118e+00
3.754231654135128160e+00
3.540634937564363316e+00
3.163062047422953604e+00
3.088661965680571608e+00
4.082530363102940818e+00
3.835110506745431191e+00
3.752921600554555592e+00
3.466679481298354570e+00
