-6.983969078532681180e-16
4.696066878795208677e-01
5.826902635331436819e-01
0.000000000000000000e+00
7.038587677654853936e-01
7.628109932083602107e-01
7.419039793708155361e-01
8.668577090992906076e-01
1.358740899546908798e+00
1.041912127957242085e+00
9.734507249311808996e-01
1.078854118105963877e+00
1.243576568241160807e+00
1.926642057618412451e+00
1.501483710387856219e+00
1.302857025895667542e+00
1.246199747285190451e+00
1.318423624491489754e+00
1.508573458874132633e+00
2.038261650416982818e+00
1.816478863345184935e+00
1.543504504266265398e+00
1.433456658263737582e+00
1.405721099452186262e+00
1.534026063179847910e+00
1.706086102971347440e+00
1.656985190089955706e+00
2.484895043790445790e+00
2.338214612957281169e+00
1.880718951267010164e+00
1.911596121880050347e+00
1.645006903689210764e+00
1.859039944395629584e+00
2.981451372119721999e+00
2.750448714446379839e+00
2.287114150704943061e+00
2.160994395145388491e+00
3.263013642035007766e+00
3.029299525154204975e+00
2.980237888088705933e+00
2.663390773411109969e+00
