2.113155395286652131e-16
3.147300742485547032e-01
5.363494587105137601e-01
0.000000000000000000e+00
5.686158951431217190e-01
6.355814861185619113e-01
6.566533844247548490e-01
8.205767575814345571e-01
1.368909193812162695e+00
1.106485937121580276e+00
8.857515159766440327e-01
9.307009320433430322e-01
1.196497476710635111e+00
2.164809229760776610e+00
1.839490611166514356e+00
1.426421947929742418e+00
1.204499931154470405e+00
1.286706494612576135e+00
1.659714595977200169e+00
2.180019043321315575e+00
2.165589682336058530e+00
1.955837507495834071e+00
1.608494302043755653e+00
1.463076113475034301e+00
1.730167808729741186e+00
2.050871557880881824e+00
1.958199419152134579e+00
2.476264447382970246e+00
2.476290468106072229e+00
2.267444933159554754e+00
2.301043452706780013e+00
2.000286117767784866e+00
2.246715545281277482e+00
2.969741937363401085e+00
2.732410966773748395e+00
2.483946205084026193e+00
2.439357881164943009e+00
3.380446042823971986e+00
3.062151224948182815e+00
2.986057427207277737e+00
2.661470392768670035e+00
