2.251089264370945919e+00
1.242871427740018575e+00
4.428767677886898291e+00
1.461919078958961560e+00
1.859460879584206694e+00
9.072069881788576984e-01
4.671702621185189308e+00
2.316580756556467335e+00
3.399070085764481219e-01
9.336989647102519330e-01
2.894043597847627325e+00
3.144185475301905175e+00
4.881199250434600678e+00
6.205683529848428082e-01
2.712458960720609991e+00
1.743713748116618056e+00
2.663890343631341029e+00
4.140154327351677210e+00
7.899719768487275751e+00
4.380840267905250496e-01
2.420407389845810275e+00
1.423682473124113335e+00
1.913550107928771782e+00
2.950225393358991699e+00
4.455955355114134875e+00
5.518454986565982878e+00
8.856258729442854971e+00
2.427809694356608983e+00
1.220910786106274681e+00
2.051742331646680739e+00
3.463582708130488630e+00
2.643521774087082665e+00
4.111853214588833794e+00
1.962821630200664025e+00
9.131467945901543537e-01
3.442088959046196717e+00
2.724440067413031574e+00
4.991751970887721712e-01
9.024348970982161156e-01
6.973898744726859666e-01
1.625885340515456079e+00
