-0.000000000000000000e+00
5.244154458341692138e-01
8.109397220002193540e-01
0.000000000000000000e+00
8.979444775541973733e-01
9.403496541826693589e-01
1.063669856092152921e+00
1.333435232452558683e+00
1.230599786207972279e+00
1.173962478422320821e+00
1.244940577626473477e+00
1.461120086480102165e+00
1.635758238620383054e+00
1.764844509607489620e+00
1.523963843104511717e+00
1.455937148851784269e+00
1.572862385128958929e+00
1.679575330446667403e+00
1.862009599658716485e+00
2.096089348818154896e+00
2.180054913847228715e+00
1.869742239369355019e+00
1.765189056555553471e+00
1.751224601844605155e+00
1.883334163320313781e+00
2.081839623593144228e+00
2.026645795808688533e+00
2.621485806863735668e+00
2.662203006842730701e+00
2.283082299553466754e+00
2.331760062792704424e+00
2.008212741333911477e+00
2.267646975594757475e+00
3.316070199838790700e+00
3.072932687385765860e+00
2.711139136262500138e+00
2.639437871819717785e+00
3.566483156006428512e+00
3.337665727604546717e+00
3.283884286243318407e+00
3.000250077322136999e+00
