3.823979511235607642e+00
1.489123413404735308e+00
1.187678222392207772e+00
1.123208069779255247e+00
1.808758009550609058e+00
1.843360126403440047e+00
3.923540317264202937e+00
1.708037121927601820e+00
1.068344335535894141e+00
2.121929098865285024e+00
1.092952523191406122e+00
2.286091614089069690e+00
4.470289834001231810e+00
3.434585389243896558e-01
2.077083689500696995e+00
1.620110049578363132e+00
1.687477080840786847e+00
3.829577757485406408e+00
6.505206141185778890e+00
3.287426111972522769e+00
1.675569677063712737e+00
1.632465422308192915e+00
1.454528090802676088e+00
2.811753216375278086e+00
3.973000121655203554e+00
5.053097214632043865e+00
6.577165908448386666e+00
1.330793154572999848e+00
2.027508831245676824e+00
2.412953322977931414e+00
3.728165278337816968e+00
2.808058172318617096e+00
3.217107773433622864e+00
1.877249846641847464e+00
3.138313169902707811e-01
3.899770495445788576e+00
1.993273588198017254e+00
3.914817035668411438e-01
2.844411674560438197e+00
6.412065172333765162e-01
1.014075775651940070e+00
