-3.163110832826957194e-16
4.717887977491904694e-01
6.477597780854263965e-01
0.000000000000000000e+00
7.446169506462498866e-01
7.618243662261915405e-01
7.665184631287732531e-01
8.435553568533028512e-01
1.062579994632202540e+00
9.692374382603843319e-01
9.089816570226539882e-01
9.002534898357088533e-01
1.001053437593295126e+00
1.360261139295865673e+00
1.206649157511852755e+00
1.100889752588531723e+00
1.019912680341187095e+00
1.039128797451371877e+00
1.241065212711222276e+00
1.520985764258348860e+00
1.703323510601400859e+00
1.358318325148300199e+00
1.174922002448819169e+00
1.116596946166580784e+00
1.280312725209615587e+00
1.611819997401047200e+00
1.525708341069216711e+00
2.320647827953211007e+00
2.373495341320111862e+00
2.026898828158576471e+00
2.009617100196721129e+00
1.510407529362978618e+00
1.918137431042328034e+00
2.873804112291889812e+00
2.693531246483030994e+00
2.399376537173939727e+00
2.299158647518243725e+00
3.202288061526282981e+00
2.936019560700007691e+00
2.887599743643920025e+00
2.657746633634692213e+00
