3.543019780741624380e+00
8.827486693408634899e-01
3.488752905863946818e+00
1.741808371244634834e+00
1.340680818847478140e+00
1.075377346317627048e+00
4.411476395741377843e+00
1.362494608999125223e+00
1.296404332627254519e+00
8.374904276959768135e-01
4.222444593217116626e+00
2.531148540173307815e+00
2.810982611396410924e+00
1.106638247113357343e+00
1.475794239657406859e+00
2.699653422465845054e+00
3.069442317728660719e+00
2.981083437573871286e+00
4.205577657174251804e+00
1.248747950369959003e+00
1.150454467807279668e+00
2.529582120379899823e+00
3.143918367041091511e+00
2.819655480723337604e+00
3.722486343398716535e+00
3.165446401752253447e+00
3.947712212936768328e+00
2.606979212167284121e+00
2.385435144287238352e+00
4.116707882143660235e+00
2.356495051431448662e+00
3.652622257273437700e+00
1.542285116871584538e+00
9.636164923616244993e-01
6.256854686046776637e-01
3.864986077799219100e+00
1.063534520432221520e+00
1.221225816484257543e+00
8.786748814407259189e-01
7.564367087176797622e-01
1.485322286091323107e+00
