2.693557914533939446e+00
2.768786895540955584e+00
9.528847202005754635e-01
9.545691682404596756e-01
3.861343849406358442e-01
3.931527943554433246e+00
1.688379257750455276e+00
3.454229159072707667e+00
1.424253658830119118e+00
1.334217740814388931e+00
2.075245067575368196e+00
2.253786270410702564e+00
2.848696519675790739e+00
4.574492505857910007e-01
1.154534645420727035e+00
2.992993485082809269e+00
2.800086677215317454e+00
2.786737577481678496e+00
4.050016609499588860e+00
2.693043751575951994e+00
2.054608157290152004e+00
3.436354922053784122e+00
2.556695621237683458e+00
2.438939922345665590e+00
2.862653059220919172e+00
2.731609070637205150e+00
3.936320318764300996e+00
2.800530481415522299e+00
2.471332615198536420e+00
2.580634686982878456e+00
1.566193641422116700e+00
2.761119168124058998e+00
2.071328078598067002e+00
1.032369269351093521e+00
1.548593143813356443e+00
1.074764921980406962e+00
1.435120318815414686e+00
5.824572831857242061e-01
6.399703967939599503e-01
4.553882693321962272e-01
6.653956321348791780e-01
