1.940510474536113916e+00
1.277949284117193551e+00
2.531013133170280316e+00
2.660882472224224582e+00
1.551026228267896601e+00
2.747048465061662004e+00
2.674903906932856401e+00
4.627682251634305466e+00
1.321367725598667997e+00
1.333949488571180453e+00
1.897013843995022153e+00
3.212061463012698237e+00
6.506164146170908325e+00
2.142032103963311673e+00
7.902544508301507786e-01
1.495245863255279195e+00
2.633483837464942301e+00
5.118737388356263018e+00
9.350477526097845882e+00
9.703454952939744027e-01
1.509350129702208942e+00
1.969658028935436622e+00
2.811874140748978235e+00
4.246856321055554773e+00
5.553813734141186842e+00
6.707124564917604559e+00
9.647495256655725271e+00
1.605633415113026707e+00
2.356711930236961461e+00
3.566427775548569823e+00
4.078447891137678027e+00
4.148668357881787117e+00
4.882796543189064309e+00
1.120147375589573002e+00
9.246312400839883372e-01
3.023250056534771524e+00
2.894714040619169815e+00
1.544664426685448344e+00
3.412341430089652072e-01
6.843929505372049471e-01
6.859864622750564411e-01
