2.204937911978336107e+00
1.937558390492932547e+00
2.823593490146852236e+00
1.374370439685569156e+00
1.521075762987747382e+00
2.854560545865795884e+00
2.025614429884587064e+00
2.013551315138692122e+00
8.996035419375068010e-01
1.430856765353333060e+00
1.728834571214503457e+00
2.318349351731148200e+00
3.278972065908994704e+00
8.581864466356333709e-01
2.761108416838191637e+00
1.708318297654657814e+00
2.199310998563362762e+00
2.985788832775498225e+00
4.531938102259984724e+00
5.960166808520717119e-01
3.884352303868809031e+00
1.829785357550337777e+00
1.807472395509413854e+00
2.497339149514815393e+00
3.019510965422986359e+00
3.168125500391750116e+00
4.640779795767084437e+00
1.669516854349368584e+00
3.065510756512091373e+00
1.507985715206826338e+00
1.630080796694344469e+00
2.204515836331897294e+00
2.163485758185246244e+00
1.876358156667741195e+00
5.626356264327736501e-01
1.251293071327470585e+00
1.122020700528016057e+00
8.480324411505590909e-01
1.606829480864399029e+00
3.108427499907016056e-01
1.040408947765914416e+00
