1.692896435816176881e+00
2.924748807299008213e+00
2.507670327831663215e+00
7.557406611521779727e-01
1.828771628877048139e+00
1.281970955314989169e+00
1.567518412154474294e+00
2.780747185458955606e+00
1.386851190258593824e+00
1.606408016494872415e+00
2.278642287158322066e+00
2.303017696261689728e+00
2.911644109409424530e+00
4.400080629303611546e-01
1.938570620847861692e+00
2.185166341702702741e+00
2.297574162138397380e+00
2.746442783862984793e+00
3.658280996800111762e+00
1.063117555477103959e+00
3.370274995163091702e+00
2.845726126813293178e+00
2.523200659008424829e+00
2.345206179047441886e+00
2.623713120451878655e+00
2.348565430319207614e+00
3.219587308713193874e+00
1.594476775707697858e+00
3.939138073304224275e+00
2.660833718129068437e+00
1.261369709216885182e+00
2.576831346706930148e+00
1.334331852108719518e+00
1.108726257951642591e+00
6.312298575396042555e-01
1.003974554306513056e+00
9.318076471571887787e-01
6.686716406555442971e-01
1.769003391455785223e+00
7.513231647135480973e-01
3.921689649846193393e-01
