1.275349917701231517e+00
7.675945159025109321e-01
1.309185144172619442e+00
3.719868779149990257e+00
3.186366376886640595e+00
1.634070938434171172e+00
2.798259553740895189e+00
8.156603547759952999e-01
5.003657723108407396e+00
7.364008217881859997e-01
1.175715105017670181e+00
1.505870083386412484e+00
2.330039519573055884e+00
3.425332480988941275e-01
1.657116845767035329e+00
1.235867189195844151e+00
2.019882294395378697e+00
2.213861251833976418e+00
2.513825069715197369e+00
1.273826685822634586e+00
5.149949773580917878e+00
3.131990623674079988e+00
1.866931804956921015e+00
2.022581635355992891e+00
2.009479825170279899e+00
1.697376556570980188e+00
2.000073936435956323e+00
2.010314010876592672e-01
4.345914594382561447e+00
2.533506684456332092e+00
1.104038942981719007e+00
2.034652823467960392e+00
6.785398944901021023e-01
8.008736109136049830e-01
1.060574240337950780e+00
1.290433826324551392e+00
3.896098174478367371e-01
5.506014557471405890e-01
1.522182983064045869e+00
3.784357292194451827e-01
5.511109270585403674e-01
