1.513799964174707524e+00
2.304411781346221488e+00
1.634834829541741197e+00
1.724683416951443116e+00
2.012821622984334535e+00
1.620155633223677283e+00
2.556895080489743233e+00
2.088624102156893869e+00
7.057352383477560887e-01
2.128958563312117303e+00
1.410859591264575386e+00
2.961337748938542180e+00
4.770276767152380692e+00
4.054256270014733876e-01
2.439061927245456562e+00
1.382731757855340415e+00
2.222180073733478700e+00
4.591192299639039298e+00
7.094029585461755438e+00
1.343568523277289151e+00
2.063843889973390855e+00
2.173964005739663641e+00
2.421720063990514316e+00
4.287426591739706971e+00
5.441993336295936068e+00
6.761398935045422220e+00
6.872145825110656858e+00
8.612622371918119413e-01
1.885957525878152685e+00
3.029900483003890699e+00
5.726362517365288340e+00
4.671338873854714357e+00
3.940494419291286299e+00
5.243285737256613288e-01
2.489536230163275299e+00
2.460777055041450723e+00
1.865539361539255037e+00
4.787673701819294969e-01
4.600174372853905735e-01
-1.162591749232206872e-01
3.962336775786393095e-01
