-0.000000000000000000e+00
6.336833887794653952e-01
1.120184182369786896e+00
0.000000000000000000e+00
9.516796591472214129e-01
1.025007399546782993e+00
1.254963866338897338e+00
1.436849389241561026e+00
1.623539904146643176e+00
1.330883011363987789e+00
1.347883001138114878e+00
1.464244049361154820e+00
1.560712196328536416e+00
2.249690262361646376e+00
1.851720061077819057e+00
1.551776441263118533e+00
1.514078812508831362e+00
1.573946450670132613e+00
1.694363294341619364e+00
2.273969186167258627e+00
2.185918594320033659e+00
1.803105095345375108e+00
1.630533570249921738e+00
1.612999839096941779e+00
1.709000910634313364e+00
1.897508375531870017e+00
1.846584587289662016e+00
2.536366636779539885e+00
2.474303586536692467e+00
2.179785020325202716e+00
2.156196993769460502e+00
1.831842997798427408e+00
2.083161295824714987e+00
2.811466790418235995e+00
2.639714457459725772e+00
2.433592111840140682e+00
2.377572709631820214e+00
3.092876781166074007e+00
2.859482244865753309e+00
2.785321147031934785e+00
2.592868209371035348e+00
