1.513062795012581008e+00
2.222673019568798036e+00
2.185112964870790098e+00
1.911830221085860426e+00
1.906718281448675389e+00
2.154843981737539771e+00
1.622216831584521346e+00
1.532893870715244411e+00
2.301785418288283314e+00
8.922358745879642727e-01
2.531544269185264096e+00
1.747501369372797653e+00
2.003511952831924958e+00
1.597978598171296394e+00
1.254510008274135613e+00
3.310807342861216362e+00
2.513126633936439536e+00
1.891095819638115350e+00
2.481825433944827353e+00
5.637275824388887635e-01
2.340177751059890010e+00
4.996462527453637392e+00
2.683348585597659319e+00
1.788720268214699649e+00
2.019728564873740417e+00
2.053338752384842092e+00
2.149832531636898025e+00
3.316890330873099035e+00
1.889587570517375248e+00
3.312030304651420565e+00
1.778519214477436439e+00
2.753341441264864908e+00
1.126744380398052803e+00
1.781818092602630577e+00
9.721765532683488420e-01
2.221581403128761512e+00
1.318507827553979883e+00
1.125240302263070369e+00
3.274448245745759101e-01
2.588897534802775957e-01
7.577130025533354019e-01
