-0.000000000000000000e+00
7.676734184254948579e-01
9.025174561973078324e-01
0.000000000000000000e+00
1.063122339441023634e+00
1.045147637008314812e+00
1.165569080696821969e+00
1.363052671143864636e+00
1.628741898644807673e+00
1.235482929775210126e+00
1.255607170914546433e+00
1.453723916173592645e+00
1.619295108741726663e+00
2.115232725665563862e+00
1.724274344178292395e+00
1.490546370381566676e+00
1.506697649863582233e+00
1.644083521333981279e+00
1.850560358672387773e+00
2.255922329211818234e+00
2.281490360720600297e+00
1.816410626496221647e+00
1.672864544280245891e+00
1.697552107390974729e+00
1.861927050281012130e+00
2.142746544444169121e+00
2.069265728485902844e+00
2.942554816796947303e+00
2.908183160894410424e+00
2.444138045486389466e+00
2.495966341520001741e+00
2.020143984317018138e+00
2.404706862179721405e+00
3.520344278122168991e+00
3.286824641572033023e+00
2.895772829245333302e+00
2.800231819976533032e+00
3.712556240349192294e+00
3.522573778337381167e+00
3.480959574750063457e+00
3.199894637425399591e+00
