1.667305559430602102e+00
2.068890152808370519e+00
1.010299252769284006e+00
2.092853496783500855e+00
2.044721135385706656e+00
1.176080139628521870e+00
3.349079764889318245e+00
2.908709038046940698e+00
2.508408138268911181e+00
1.346771938954737458e+00
2.166598180073818991e+00
3.552869025907910761e+00
4.693810024208778131e+00
1.056424620711997386e+00
1.097473943479949643e+00
2.017643038181227588e+00
2.151662762153744968e+00
4.219256064504104842e+00
8.397899718687638071e+00
8.596275274881893802e-01
3.576098745623047304e+00
2.229421092156651518e+00
2.120798741979045499e+00
2.872071649234144264e+00
3.879643508913780625e+00
5.827205297051732735e+00
1.087690481093974526e+01
2.124235684275530112e+00
1.412283660368749194e+00
1.011552965706146390e+00
2.839255119719110709e+00
2.010913602593974669e+00
6.327197038300481857e+00
1.927630510875953496e+00
1.040956790250500141e+00
2.258054956196672070e+00
4.549450386799530399e+00
6.996908123943159641e-01
4.891963259025061128e-01
9.557173419085103205e-01
1.082443926003748391e+00
