2.913295893787471561e-16
4.191444999418856843e-01
7.470536391570581358e-01
0.000000000000000000e+00
7.562747833042404721e-01
8.167756562546857335e-01
9.525847190957128507e-01
1.154739829274124663e+00
1.183746192835906763e+00
1.102013452557789375e+00
1.125020899411288688e+00
1.250682257148739929e+00
1.394038729398263898e+00
1.629551798983405408e+00
1.431352797235286856e+00
1.338704600326093397e+00
1.341394719720933937e+00
1.425283068931985309e+00
1.587268049331777675e+00
1.843583862364949200e+00
1.857098381411730337e+00
1.610076578767945632e+00
1.496490151065674956e+00
1.484891100111178197e+00
1.607423265521969347e+00
1.789756705939287373e+00
1.737515408301234077e+00
2.346288802667138018e+00
2.321464430006719315e+00
1.994489559468795914e+00
2.017388791639233236e+00
1.731540703361025058e+00
1.951011187674446035e+00
2.712065068783663158e+00
2.568218726713300537e+00
2.325616723574953415e+00
2.230003576369572471e+00
2.899085997956542649e+00
2.739475138274054977e+00
2.705819399884082710e+00
2.532299595358717959e+00
