-0.000000000000000000e+00
4.776123258350531420e-01
6.552433991497942367e-01
0.000000000000000000e+00
9.289089900154430257e-01
9.146407828272065110e-01
8.913872698050403498e-01
1.141208708354864987e+00
1.345095117211229097e+00
1.173693774616076491e+00
1.136921908112217494e+00
1.378263226340343595e+00
1.745593630178166711e+00
1.961169695509011435e+00
1.620199490629915751e+00
1.421026004410646859e+00
1.612776892013910723e+00
1.877209662183990213e+00
2.363730302127275529e+00
2.342057079735683445e+00
2.741934604593729397e+00
2.334066952314538312e+00
2.128639607268221656e+00
2.077921735405784176e+00
2.421064237468514957e+00
2.773526107208987401e+00
2.682667222158897413e+00
3.360014158026271680e+00
3.333847203572318119e+00
2.970495247672711780e+00
3.035878720922330132e+00
2.667614486817807773e+00
2.986152346250174006e+00
3.985916411745535015e+00
3.737875758177493513e+00
3.326758377819567514e+00
3.238306722559576745e+00
4.208962466740825192e+00
3.986563190648164223e+00
3.946267513484115863e+00
3.657712016225786567e+00
