2.433343335779577300e-16
3.170613094213072247e-01
6.835372079463749584e-01
2.773249040574177069e-16
5.555551003374410435e-01
6.888674057655617133e-01
9.358131131838959282e-01
1.092592014594882199e+00
1.030807082877439163e+00
9.518888064829321705e-01
1.037360307036079954e+00
1.133100902906449825e+00
1.226162280711438290e+00
1.666727372594047241e+00
1.387085675023414177e+00
1.161711515277059625e+00
1.167660564382605459e+00
1.237647120856735450e+00
1.365008309490249871e+00
2.058793615662098730e+00
2.069271646060049097e+00
1.449857340721974586e+00
1.272510496699328364e+00
1.270874835367351352e+00
1.376412514359992567e+00
1.587478483895004011e+00
1.526746135786509750e+00
2.503557790476012901e+00
2.556306864470029527e+00
1.924807898744152368e+00
1.926178322368985008e+00
1.501885436473875179e+00
1.823182623868746299e+00
3.240224406813521529e+00
3.081003089871225509e+00
2.509507878672166736e+00
2.357904572229386098e+00
3.852140631927754466e+00
3.524234153118663837e+00
3.427958214029392714e+00
2.971963949066689370e+00
