0.000000000000000000e+00
7.416529968198171119e-01
9.313837034556620154e-01
0.000000000000000000e+00
1.175358309525386113e+00
1.124167719319577596e+00
1.214956970536683611e+00
1.461333761328904357e+00
1.559747374377708828e+00
1.374644460774300692e+00
1.360811814557829180e+00
1.583776346605084484e+00
1.841381718027987668e+00
2.022628585624337560e+00
1.764898221288938807e+00
1.640165747351238767e+00
1.702505042682381342e+00
1.875891686026891492e+00
2.141996522230890765e+00
2.309133443386325535e+00
2.458020750500523377e+00
2.052793294022345005e+00
1.939012891757272428e+00
1.958190360989725987e+00
2.150463730019668063e+00
2.473884211121352816e+00
2.397834541836351807e+00
3.317033150076480919e+00
3.393071157678547944e+00
2.732529851311826796e+00
2.871406171613517078e+00
2.308490186708607617e+00
2.792309308908369925e+00
4.145308374040788557e+00
3.804216285197191016e+00
3.437785342140798672e+00
3.338536285622018873e+00
4.487362422154538066e+00
4.141724493405947172e+00
4.010642159775998472e+00
3.729649177750979039e+00
