2.200077056138314280e+00
1.513573069101228352e+00
2.888781792527887138e+00
2.020632594615562105e+00
1.852329375142729662e+00
2.450661450770316385e+00
1.521549625294952524e+00
2.419769185095362207e+00
8.634073627118974414e-01
1.498417712260000423e+00
2.409482500094714208e+00
1.996428332980363152e+00
3.003413403671041149e+00
1.310566330059575124e+00
1.655806429772629595e+00
3.896472009532455871e+00
2.293572759208134748e+00
2.585466320645726235e+00
4.291540662586586841e+00
9.951401553669637634e-01
2.577079798285475398e+00
3.513293788490515102e+00
2.473727157620209116e+00
2.169342874004088983e+00
3.119565295267858751e+00
3.648935578437234373e+00
4.932379201134004632e+00
2.292497762140905060e+00
1.332094719184864884e+00
2.183996096210282900e+00
2.360042101113203117e+00
2.988319046428663306e+00
3.349475297169176358e+00
3.213163746441732194e+00
5.476317784323948556e-01
1.641220861624018479e+00
3.419568866623234005e+00
7.304133714555097745e-01
6.665137479183828040e-01
3.113123786166220874e-01
1.558208267137987990e+00
