3.160947728959317526e+00
9.863332832527409444e-01
2.705172921368349748e+00
1.658462121225768637e+00
1.509228513494790924e+00
2.699943645772206136e+00
4.120012759421680215e+00
1.907549317145968537e+00
1.458275432296552987e+00
9.493219382827078334e-01
1.700683952201291760e+00
2.344505333399542035e+00
4.873944670236985743e+00
3.951595935920373948e-01
2.313006216251634939e+00
1.584705066957474706e+00
2.306838535861799322e+00
3.672293803070265206e+00
6.307449549897431673e+00
1.013480739375197226e+00
3.214682138911891141e+00
1.981015623547314197e+00
1.857343051995602901e+00
2.828154013189145388e+00
3.569821045123015235e+00
4.372708698554544249e+00
6.827443539873531364e+00
1.230962769980716853e+00
2.879984293819286556e+00
1.889111996918829472e+00
2.420608817288497416e+00
2.499283966148627911e+00
3.635485768040137344e+00
1.247824094657628002e+00
1.296739527011978144e+00
1.612323160035862513e+00
2.654459758045451423e+00
7.418312859799166548e-01
7.793601479628760043e-01
4.492513809419929061e-01
8.636442245803893636e-01
