1.251438804617788447e+00
6.546756649062812627e-01
4.027056163182569648e+00
2.168585376672645726e+00
4.465556366664883647e+00
3.414671323386774815e-01
3.122229936164302888e+00
3.317089856955072191e-01
9.970483932992043608e-01
1.124401187206575115e+00
3.832239852311096762e+00
1.873048426854896364e+00
2.430492578792700531e+00
1.509290896654433833e+00
1.618283196092665355e+00
2.321100884457439673e+00
1.966352851879667796e+00
2.457509895270038491e+00
3.778417228975051501e+00
2.758083003315377368e+00
2.022346749911233310e+00
2.109603498268635136e+00
2.137809264117080055e+00
2.344752470998094029e+00
2.990330902695117476e+00
3.082862502776369862e+00
3.686218924843002842e+00
1.625495383280618045e+00
2.102631558263662548e+00
2.983843286519018534e+00
2.531896151597655464e+00
2.751792282887876695e+00
1.633980282858691346e+00
1.038155000952938112e+00
9.501870228294645448e-01
4.452500543585973247e+00
1.298754972053844936e+00
1.493486457672198897e+00
5.084709587764760785e-01
3.908466026695543438e-01
1.285746812732006195e+00
