1.684912081701763764e+00
2.412908612135803210e+00
2.797267625433546900e+00
1.891179751024827604e+00
8.278793633122971674e-01
1.352152146874060046e+00
1.954688322119620514e+00
4.038155634724916787e+00
1.212825175168911418e+00
2.520654193673306676e+00
1.811918436997338455e+00
2.876036265183966822e+00
3.456081948738530585e+00
7.157528381670364981e-01
1.443869251944093213e+00
2.186015963545777208e+00
2.294527380590055454e+00
3.547024034820614791e+00
5.024346714594509322e+00
1.157094871271257874e+00
2.315417028104235442e+00
3.497936723069162035e+00
2.814354185910217243e+00
2.739991743547801839e+00
3.466757921014039123e+00
3.382467586291445727e+00
4.927701406778489890e+00
2.010159564297540058e+00
2.726099193757762329e+00
2.949327875899891982e+00
1.965267169096704736e+00
3.128398501283391919e+00
2.423374218608040032e+00
1.553904147259983048e+00
1.077262451773326690e+00
1.282167465145735763e+00
1.461329661962533777e+00
8.800896976741379163e-01
9.445516676907019793e-01
-4.506629846103284848e-02
9.797273119804472685e-01
