0.000000000000000000e+00
6.793727011217870482e-01
9.038545884962423393e-01
0.000000000000000000e+00
1.158415862932027363e+00
1.192183843303442403e+00
1.109999048695249346e+00
1.261132696126355812e+00
1.856590567082821552e+00
1.646586070118634337e+00
1.412530424856926148e+00
1.402847204075754473e+00
1.599096450275382386e+00
2.292066411049594077e+00
2.115424817820436232e+00
1.948783307551424260e+00
1.662364704246071190e+00
1.698094469344246349e+00
2.062940044264839123e+00
2.484047878108640361e+00
2.648933672979978837e+00
2.316550884671288113e+00
1.998795704540095031e+00
1.862591082834536005e+00
2.135199196195977756e+00
2.598867939439862607e+00
2.471252880428306931e+00
3.402624283678417072e+00
3.544629793043946098e+00
3.026549187272748576e+00
3.113430957158158652e+00
2.463549077470558846e+00
2.992605321987142464e+00
3.986745634334887711e+00
3.822065787529739023e+00
3.576999436331322446e+00
3.484770218275406339e+00
4.131648210368982888e+00
3.986584001908105357e+00
3.945452465126388919e+00
3.778538925409371974e+00
