4.282286368047290459e+00
6.513070404441039241e-01
4.309930526525720396e+00
1.453243844853728817e+00
1.288378574583592284e+00
2.069065957451818871e+00
2.547359665504070669e+00
2.841431094792496559e+00
7.807969139232783240e-01
1.379860501052118771e+00
3.340760667476408763e+00
3.106896580811808750e+00
3.772069152957894023e+00
1.009728396820135599e+00
1.207106946338646791e+00
1.861023557127497563e+00
2.918147672725470709e+00
3.693203564926793359e+00
5.402772127512381672e+00
2.050605050341816060e+00
1.212134602991411070e+00
2.391545923949104147e+00
3.347352048103689803e+00
3.688512886403889635e+00
4.363351572608250351e+00
3.912465788919197607e+00
4.705330931468797218e+00
1.024826819641810216e+00
2.331254277418143506e+00
5.104275364118132430e+00
2.849246601486019603e+00
4.394968007452444425e+00
1.910551531565377603e+00
4.633490651592813148e-01
2.359750372621619352e+00
2.661643481756669871e+00
1.006524977265946807e+00
4.252352179192851467e-01
3.413532125767783643e-01
1.339715212870750405e-01
6.404445427949986280e-01
