2.021818803038160084e+00
1.141866653182102231e+00
1.836626010507644180e+00
3.118664179598081621e+00
1.061984914855233164e+00
3.536947395135650041e+00
2.396008025717911494e+00
2.507945449677605687e+00
6.623249849834559333e-01
1.918468251974134287e+00
2.114248871531906104e+00
2.552732184795791781e+00
3.700724675880795012e+00
3.334326838969249862e-01
2.671503280169589711e+00
1.617627914857142413e+00
2.303456985678013602e+00
3.495327411619639335e+00
5.916542042983905958e+00
1.376203062485194195e+00
1.446525424255302728e+00
1.935578308552808879e+00
2.138103955274369916e+00
3.086927938835215990e+00
4.110668728087699897e+00
4.432651029814893562e+00
5.905422411990496556e+00
2.002784831879131033e+00
2.915908563407325182e+00
3.359880950080722073e+00
3.040936153925557939e+00
3.433448442998123795e+00
2.855285150462682164e+00
1.425881593464093600e+00
4.633672453514312006e-01
2.459137942701969948e+00
1.986185260196577040e+00
1.706153435799167006e+00
7.369552812239785755e-01
5.112231389331458598e-01
8.340569065436773677e-01
