2.383286766968288450e+00
1.820891943965365467e+00
1.529498058022274565e+00
1.271065591277626083e+00
2.618684534250168117e+00
2.968775758102556672e+00
9.941455420976117452e-01
3.182682439214798542e+00
2.015209807485677018e+00
1.037748764004275515e+00
2.082237237501711302e+00
2.175361584557617967e+00
2.905400546218560809e+00
7.682345314368099753e-01
1.968585856435660197e+00
1.711947952339378798e+00
2.484559724905415656e+00
2.786999993112653229e+00
4.463454925458683498e+00
1.733989312476579503e+00
3.539313902040223336e+00
1.656656783982772607e+00
2.210756915491927987e+00
2.515301436213626118e+00
3.015843869464812865e+00
2.913635506691110155e+00
4.573441047296125106e+00
1.836974568171291899e+00
3.339603575255884582e+00
1.834364817063611985e+00
1.406009913828605296e+00
2.349073152917985130e+00
2.054301587136404095e+00
1.908755877060885231e+00
9.102635842260968779e-01
7.949086501980854313e-01
9.827669009469798267e-01
7.855234283514473947e-01
7.084476787470728176e-01
6.670463652761859930e-01
2.617960555590074789e-01
