1.461089232522790882e+00
1.743547657632570358e+00
7.986360244834794786e-01
3.381962982475342994e+00
2.512601160970217018e-01
4.958901276342697173e+00
1.359697375201913694e+00
1.200441938218789861e+00
8.165500954109491394e-01
2.015209755549964399e+00
3.454267959775023211e+00
1.927849883633216299e+00
2.480115248593457444e+00
1.558916857601774231e+00
2.023251809675840729e+00
2.330173903033089911e+00
2.998170330060822231e+00
2.831300692460183122e+00
4.975360465425816336e+00
1.410280424305020652e+00
1.533563244426007000e+00
2.116899490609496226e+00
2.697094672392506443e+00
3.040018201939744813e+00
4.106187728677799242e+00
4.529985294095205006e+00
5.766142193483604572e+00
2.193877550270730392e+00
2.494078029816733544e+00
2.374052349059705413e+00
3.159442613877923023e+00
3.472480477518806286e+00
3.461477471717812726e+00
7.545068479128770322e-01
1.545683589741090547e+00
2.580251163582183871e+00
2.809086692563164345e+00
4.737906863064307861e-01
1.170850134963269173e+00
3.958420689047261187e-01
9.246838678445893356e-01
