1.463981773791716348e-16
4.168994142260489810e-01
9.619419905258695946e-01
0.000000000000000000e+00
7.703516705114503704e-01
9.093770318219063231e-01
1.168909139645934125e+00
1.441753601612151714e+00
1.413208399454566777e+00
1.280914834537977498e+00
1.322978175750201491e+00
1.509922317771065448e+00
1.748725919773618243e+00
2.037098218090214630e+00
1.815486779077640334e+00
1.526266142455168673e+00
1.588575182520074014e+00
1.784975864398671286e+00
2.119977221617963092e+00
2.536365778879386745e+00
2.694113261066120035e+00
2.058364163631928090e+00
1.851469932986093747e+00
1.877524491187844591e+00
2.147135327201578736e+00
2.537988245141263643e+00
2.439270895155862817e+00
3.576919618934199629e+00
3.449102773733119243e+00
2.857310886341402512e+00
2.933159578872280182e+00
2.388912344360619056e+00
2.854248193114742538e+00
4.250195250301837646e+00
3.962581776302592118e+00
3.370804916102956739e+00
3.250362582382099408e+00
4.545088675388571531e+00
4.276117561031393954e+00
4.205399929670532444e+00
3.829827052904743567e+00
