1.812128348864176619e+00
2.041061787448525511e+00
9.457372697928504435e-01
1.616352500621464516e+00
2.421002953367422439e+00
3.886776701570133774e+00
1.303721628447239267e+00
1.028053013298130480e+00
5.645050795085514439e-01
1.367343273519883162e+00
2.818452717982154798e+00
1.475488327784854503e+00
1.885204204232627356e+00
1.309895396097551679e+00
8.251056241741131503e-01
6.203195379914569152e+00
3.310053335607786362e+00
2.138710039998306556e+00
3.409065002413124823e+00
1.308346592266513619e+00
1.629286722522347963e+00
5.049691442869639779e+00
4.333405571741542950e+00
3.052015407764744559e+00
3.943942031031178352e+00
4.112137951640680633e+00
3.613270677582006041e+00
1.796154436242024754e+00
2.195844513116365970e+00
3.340187942206392702e+00
3.401583512384215524e+00
4.887084570353120050e+00
2.483947265887156419e+00
1.401294288719115988e+00
1.148618214779435043e+00
2.128510642315874613e+00
2.064452622517091385e+00
4.607373191969416082e-01
1.252303366030946163e+00
1.335875844481623220e-01
1.558183097644317838e+00
