1.513935449149500956e+00
3.360783458195544249e+00
1.640759376095488609e+00
7.353202123373175914e-01
9.696429104515656983e-01
1.622482855104791843e+00
2.523118776308191258e+00
2.765047520842825790e+00
2.474181700026242936e+00
1.314376380685878809e+00
2.136022544337473850e+00
2.921010249903290834e+00
4.187556211167307474e+00
9.039992914618611985e-01
9.394427843331266681e-01
1.541565284132671021e+00
2.723259120869142347e+00
3.899311104790237792e+00
5.827925359322353671e+00
5.983779032820759625e-01
3.347457417202367225e+00
2.989309270915647687e+00
2.848536932530634225e+00
3.466366374759781266e+00
3.859061782292160458e+00
4.335059677606944994e+00
5.398131828707494861e+00
4.907157348488082049e-01
3.451815336913558685e+00
2.688075547708210333e+00
2.870705509248915543e+00
3.313240206301971025e+00
2.410470568276550374e+00
8.660696160012933964e-01
1.239738582993812344e+00
2.708136998655493066e+00
1.800642636474628189e+00
8.857342699606602920e-01
2.565995899639854083e-01
8.568664177922534486e-02
1.791253089533401122e+00
