1.282809191908115043e+00
2.368405275414804834e+00
2.695044981331357281e+00
1.592640154725446067e+00
2.271824699858509433e+00
1.061818898146423384e+00
1.658769024874144682e+00
4.601794833529268658e+00
1.295636493640099918e+00
1.837318274148249664e+00
1.367886706185452272e+00
2.437048690207016755e+00
4.857664147572692492e+00
1.497800246367089194e+00
1.731677637565041783e+00
1.829995935998041334e+00
1.918647854148298970e+00
3.994942041654700127e+00
6.841889973894489607e+00
1.301810996191205216e+00
1.638199490638290623e+00
2.131110433249889358e+00
2.325078310873800014e+00
2.934177122823814710e+00
4.194954000044192277e+00
4.730126776285331403e+00
7.296180505158752716e+00
2.399149804455542156e+00
2.330070027947180211e+00
2.851736828210126529e+00
2.632192868819806630e+00
3.252373115052503927e+00
3.791236320657818126e+00
2.354270828231797008e+00
6.347173035572866162e-01
1.823086658991715403e+00
2.203588322294712576e+00
9.311965500895241776e-01
8.111266149341257448e-01
2.061019105611119617e-01
1.147987049335686738e+00
