-1.687807193702866517e-16
4.797895334148418733e-01
9.857948389649240362e-01
0.000000000000000000e+00
1.056827432641551656e+00
1.140083245610257423e+00
1.259605210630439620e+00
1.532430297440423583e+00
1.984994943852912419e+00
1.842044032241966223e+00
1.688408802730679614e+00
1.708398157030388997e+00
1.881763632888522775e+00
2.422270662665210406e+00
2.252392801059351246e+00
2.074287152795075251e+00
1.941277709075690971e+00
1.960225648327852177e+00
2.191063177859370104e+00
2.634560548025379312e+00
2.733198073264955674e+00
2.329835346807242136e+00
2.139037218565443599e+00
2.071866818167183766e+00
2.241687659615993589e+00
2.529290957033565324e+00
2.440656827449246613e+00
3.454019068998768649e+00
3.542757676659997301e+00
2.947785243374267061e+00
2.930531454632065103e+00
2.457766724657242996e+00
2.812224796042813946e+00
4.366464438123711211e+00
4.165653378442852883e+00
3.545958855519294239e+00
3.353448689696575169e+00
4.781667003030038998e+00
4.517982031330954662e+00
4.473620139503354132e+00
4.080388176643597653e+00
