2.816393582676000928e+00
8.728314231149396640e-01
3.765292336005896079e+00
1.576733304464069008e+00
2.097627773130036566e+00
2.331034480730750147e+00
3.579242117217138919e+00
2.106363151505518339e+00
4.336152496211924112e-01
1.349425405632147523e+00
2.025101039405836190e+00
1.683622258576478625e+00
3.695068282349993183e+00
2.087948868251418011e-01
3.510488988927757070e+00
1.662511139635200585e+00
1.669604868878232340e+00
2.467580031892823822e+00
4.718805522932844276e+00
2.865119831285187768e-01
3.856387986601506501e+00
2.022740564136626062e+00
1.228398336851648232e+00
1.876106135611661729e+00
2.466394100834046643e+00
3.068596676255592293e+00
5.111521266504454708e+00
1.545498357407257606e+00
1.623604514509451979e+00
2.333482194194868242e+00
1.956040459110191421e+00
1.885148966252240044e+00
2.616555460766535557e+00
2.740384673134686810e+00
8.956992020897979190e-01
2.476939510981317039e+00
2.517870333521845083e+00
7.070624072997300225e-01
6.002053787043357680e-01
1.830928583421956302e-01
9.443863541456840593e-01
