2.330920589698777517e-16
3.682322076521433174e-01
6.150735432246178247e-01
0.000000000000000000e+00
6.439996798233826869e-01
6.509636581010542766e-01
7.599569704552531224e-01
9.600752450162244322e-01
1.155777514522145166e+00
9.377043283394567164e-01
8.930167443384934289e-01
1.028895452967455215e+00
1.182803971380631758e+00
1.556986816482816005e+00
1.323742198012727744e+00
1.226762429311524238e+00
1.173824702090292327e+00
1.233428660323290682e+00
1.430980828849210074e+00
1.732416709523739939e+00
1.766387361093757269e+00
1.478710462263569170e+00
1.363256438314237595e+00
1.322082697171462318e+00
1.466184185987889244e+00
1.679148899531336836e+00
1.619798937152421292e+00
2.280101640099887916e+00
2.211633716656379534e+00
1.908740762029127236e+00
1.918275222225410026e+00
1.619225474643168461e+00
1.860427043459300656e+00
2.607852517937018000e+00
2.446604999499597977e+00
2.191491298328198223e+00
2.116606975714055761e+00
2.924847176435783069e+00
2.707303318219245636e+00
2.651844133536643611e+00
2.390923017633797443e+00
