2.903965203486689184e+00
2.322165230991536600e+00
9.560767895421631302e-01
9.775924674885221322e-01
1.625002102305727281e+00
1.677540957820038869e+00
3.452652932888791604e+00
1.296576047949074662e+00
2.305113510096240770e+00
1.051131119886358878e+00
2.465893481037650492e+00
2.213736438680736995e+00
2.535727006646416370e+00
1.304818424534567312e+00
9.978795568089100509e-01
2.659901084098079238e+00
2.400792933768105097e+00
2.648190556057289591e+00
4.258831993542124827e+00
3.204482323703708335e+00
2.607741366064850297e+00
2.346909154647011775e+00
1.981463361093537712e+00
2.072139942504252375e+00
2.801566266595869159e+00
3.282785565171826292e+00
4.846837394092332829e+00
2.430418244575463849e+00
1.832220221120831605e+00
1.403720615405790406e+00
1.942346305355475256e+00
1.991144890838401293e+00
2.508117583757236702e+00
2.173626824918804878e+00
5.541705170857644802e-01
2.276538350089398310e+00
1.918124306020475345e+00
5.465590547385308362e-01
2.054152601009492596e+00
1.857009892512256344e-01
1.490385584845801858e+00
