2.064963131946512043e+00
1.057553650912404608e+00
1.943891625181572103e+00
1.875763762231518417e+00
3.923486931428115998e+00
1.465452793884139293e+00
2.441932323333483090e+00
1.541666827256972905e+00
5.799488943004891262e-01
1.215618890109716022e+00
2.908936010720469145e+00
2.016313930499733065e+00
3.286208696925057904e+00
1.091837816536967321e+00
3.047552529694113499e+00
1.840141925871799700e+00
1.798067688769551253e+00
3.018464032139521969e+00
5.578720780112931266e+00
9.641077423676541747e-01
2.364660572328390664e+00
1.633756495129210951e+00
1.545981740710093533e+00
2.321580535853308369e+00
3.182387175869348717e+00
4.115150577541390575e+00
7.083031907453583464e+00
3.194588468618407617e+00
2.445386695937210586e+00
1.058748179822750046e+00
2.091693867349889047e+00
1.794673304045545814e+00
4.117370906383437834e+00
1.329072319371055189e+00
8.916137490102887808e-01
1.353909566957108179e+00
2.908094564830276507e+00
7.407662547329495473e-01
1.222140322376657373e+00
-1.816873747069212286e-01
3.210477879242982890e+00
