2.238040658720098275e+00
2.777704881065960141e+00
1.867221950891733817e+00
1.187103057616857305e+00
1.034908458943583076e+00
1.008305858383071518e+00
2.382929715464582543e+00
4.293483562849546686e+00
1.433166935395096431e+00
1.334194358536510361e+00
3.155079536248487582e+00
4.625419977745752753e+00
4.334353309487014805e+00
8.773643533940526096e-01
8.162035438563945977e-01
2.055679307820013513e+00
3.733902080724243344e+00
5.322846728985617837e+00
7.915916013464539880e+00
5.743794204717729279e-01
3.052618672652766652e+00
2.495210163473501108e+00
3.724336384641143916e+00
4.808160074721839372e+00
5.579973085966837942e+00
6.112749825640692691e+00
8.082688446101618851e+00
1.261671979848814518e+00
2.259998937064981117e+00
2.733291999932123684e+00
3.599883687222161566e+00
4.348830961553002972e+00
3.982221109006458093e+00
1.394281552338167085e+00
7.839944374989821219e-01
2.275358369138487102e+00
2.261113553023087697e+00
1.020259913087275816e+00
1.142917378082521473e+00
3.400743548781626213e-01
1.323961532790489670e+00
