-9.527381372942228877e-17
2.820141278695041387e-01
5.414640334465234961e-01
0.000000000000000000e+00
5.591596374970584371e-01
6.095709012534573645e-01
7.080169853276002678e-01
9.496787250021714311e-01
1.127854841755014270e+00
9.944260163905838112e-01
9.629561598737103045e-01
1.023845882857305822e+00
1.182363581023055721e+00
1.687577259771509297e+00
1.347806077610971709e+00
1.198458163083217842e+00
1.147438505900166605e+00
1.217408031132467539e+00
1.429142220969638499e+00
1.945852547909821872e+00
1.905447742186668458e+00
1.494932082186605005e+00
1.316782122277825318e+00
1.291635562120129421e+00
1.450387277605529324e+00
1.723850454440796875e+00
1.656830275309924438e+00
2.581180531034755976e+00
2.561269451990173085e+00
2.003017056396792395e+00
2.029183127976236012e+00
1.616330014469743004e+00
1.959871397189754116e+00
3.179099623668071750e+00
2.953130087396058201e+00
2.438851863796263064e+00
2.307217956609671994e+00
3.586902521295924462e+00
3.233038236828861045e+00
3.181306461750768921e+00
2.865960576826919848e+00
