1.259422205252667818e-16
3.575781917851647007e-01
7.262393114574675623e-01
0.000000000000000000e+00
6.395950937274249570e-01
7.633588466311431731e-01
9.829795992105463398e-01
1.305074206716931640e+00
1.276551999370319823e+00
1.182247300661615874e+00
1.259269490580548156e+00
1.381196866871080786e+00
1.573713204626622675e+00
2.051749889591641285e+00
1.703419993916610586e+00
1.466060796241708486e+00
1.477411043753319442e+00
1.604340692422439929e+00
1.874075601937180036e+00
2.402007409405633176e+00
2.386477964923497730e+00
1.889069631074643540e+00
1.683156183316277810e+00
1.682580563133129203e+00
1.898738984568917321e+00
2.256499889346096577e+00
2.161849659388991096e+00
3.117759638284612222e+00
3.141397567238037869e+00
2.592477248342233143e+00
2.670836949898245827e+00
2.115367808837216312e+00
2.572676517619969072e+00
3.574426593452871614e+00
3.410123998483939101e+00
3.161131877064461193e+00
3.028853275699292524e+00
3.692210317056925373e+00
3.557924328479462606e+00
3.527395098098368820e+00
3.371848637512368185e+00
