9.999218524947618425e-01
1.699662434523437460e+00
4.887172982748475114e+00
2.284854867982356819e+00
1.799105314205145412e+00
1.042934828761717947e+00
1.765057394935454216e+00
3.160979701811398979e+00
1.829302917257131789e+00
1.654130879136639365e+00
1.333264314498229686e+00
3.005621675807940818e+00
5.785727295566435835e+00
1.076660620963999282e+00
1.573517900186345742e+00
1.417485342810750115e+00
2.458839840310881986e+00
4.659159100622683347e+00
6.697598894403189895e+00
1.151518177718712233e+00
1.365041125254431886e+00
2.799587286618892445e+00
3.266602081684409242e+00
4.024220715991963182e+00
5.132389050367495820e+00
5.248226167378431839e+00
6.158112725850769742e+00
1.021390058413871982e+00
3.415795008284075340e+00
3.544705511487852512e+00
2.972561825727010554e+00
4.723927642884270028e+00
2.956191061669505959e+00
9.349245321934869235e-01
1.842407582499262286e+00
1.634792672040730643e+00
9.649423607796863145e-01
5.986650737320518001e-01
4.135827485744864584e-01
2.321641553771923439e-02
2.935794958651726239e-01
