-0.000000000000000000e+00
5.258600658720411491e-01
9.415696588450372939e-01
0.000000000000000000e+00
9.075065891802490681e-01
1.001782701694167832e+00
1.191006402762112115e+00
1.332157685446253570e+00
1.547945739096498574e+00
1.306979051085342514e+00
1.329217400894515677e+00
1.409346851163159053e+00
1.516797238545042337e+00
2.100922802769514597e+00
1.719753496165441486e+00
1.513318031664597330e+00
1.486074582472366901e+00
1.549746764958202849e+00
1.733952292547133567e+00
2.244601258815853928e+00
2.181086920054773337e+00
1.787207863962960053e+00
1.627958137203421307e+00
1.609561262693100403e+00
1.764043340552562844e+00
2.034452694122760086e+00
1.953739798673800099e+00
2.620132063513571197e+00
2.654689883764593805e+00
2.322464187611862130e+00
2.379279689726493618e+00
1.944325179780219459e+00
2.285623536760605035e+00
3.140542895951441871e+00
2.970423518172029098e+00
2.695556129450818350e+00
2.631606100317771979e+00
3.405371172564905180e+00
3.211369761638176001e+00
3.157978235300875181e+00
2.919510841832686054e+00
