-3.007535887344540668e-16
4.465014379536551559e-01
7.369676901325605822e-01
0.000000000000000000e+00
6.673402790488854874e-01
7.520975186593206185e-01
9.136479282239201583e-01
1.214330375277277385e+00
1.098553660588679204e+00
1.009960369307394190e+00
1.051436278946546787e+00
1.260350995405404184e+00
1.409504726232877037e+00
1.527545295950960336e+00
1.307340286093780835e+00
1.270198575311377587e+00
1.323694509172011369e+00
1.416042397819996301e+00
1.505990100202543314e+00
1.665914126566622411e+00
1.632210598952281710e+00
1.490553261374567118e+00
1.445125159241243074e+00
1.448517133103515375e+00
1.509716957706919382e+00
1.579700161152203464e+00
1.561217256701769918e+00
1.919694005302215789e+00
1.882514633947175664e+00
1.652469914322648226e+00
1.661549211785615654e+00
1.552209985086313582e+00
1.638152854817114257e+00
2.393288484404165750e+00
2.213994615582822068e+00
1.833025598908696985e+00
1.766077147551210036e+00
2.787729503635522743e+00
2.543025216694524193e+00
2.476744585461573056e+00
2.118008348986636147e+00
