-0.000000000000000000e+00
5.571995261912504604e-01
7.803875341557542367e-01
0.000000000000000000e+00
8.157850288824052276e-01
9.058379181224713861e-01
9.484556325215209860e-01
1.072212317854512653e+00
1.190061949261065788e+00
1.117212487965416390e+00
1.125885375643568498e+00
1.180817403079331473e+00
1.305521085694228756e+00
1.813204709084936139e+00
1.482556576251957914e+00
1.312328341788005392e+00
1.296850997290421414e+00
1.352539295970018429e+00
1.523945032866392824e+00
1.862555859719906337e+00
1.797513573566827061e+00
1.585614109563624030e+00
1.459733401762675298e+00
1.424345404043320773e+00
1.546439979411862398e+00
1.741252070007108355e+00
1.689398201786184384e+00
2.245925802392988224e+00
2.282315155204324597e+00
1.893338207202091450e+00
1.975838136261147016e+00
1.663050081534799496e+00
1.929067880190392881e+00
3.028405509041553145e+00
2.724066098780132172e+00
2.360891060289226129e+00
2.288659074456653730e+00
3.409902661960291681e+00
3.050968392651161931e+00
2.911107752872251098e+00
2.646972668235850090e+00
