2.335073325444032636e-16
3.423135002882130018e-01
6.217686894182333779e-01
0.000000000000000000e+00
7.009517018573220293e-01
7.068613070207911964e-01
7.936063529037581388e-01
9.374612906865905648e-01
1.118943196179806643e+00
1.024733771639176227e+00
1.002553687715926678e+00
1.040795578209861683e+00
1.144675275364869460e+00
1.466468248405729868e+00
1.297520155369300987e+00
1.229240312838481231e+00
1.184593837940264294e+00
1.212392154131563649e+00
1.405089691130060103e+00
1.793672168292829827e+00
1.697591451338656077e+00
1.464671971643340953e+00
1.363200770570835774e+00
1.306951766373008139e+00
1.443793096956399014e+00
1.640020200363649039e+00
1.581630957152695638e+00
2.153210256091497410e+00
2.165794628617058848e+00
1.771872408759899598e+00
1.852450700197400435e+00
1.571249605401388472e+00
1.809458348112028991e+00
2.781039643138037754e+00
2.587325744488391699e+00
2.173835927418031222e+00
2.097560536483193960e+00
3.007268094642138845e+00
2.817553923272900995e+00
2.782068200883877296e+00
2.495168533859786208e+00
