3.828332614063065797e+00
2.043618020160497206e+00
1.428312129211421588e+00
6.246370622223487157e-01
1.561672341546129106e+00
1.742452846361253860e+00
1.951786587359407354e+00
5.682075842343983219e+00
8.044241426178145860e-01
1.593096528321779504e+00
2.818316787336482943e+00
2.784522027553300028e+00
3.168889022192170835e+00
3.579891156204259572e-01
2.088493109167344652e+00
2.651324077537999369e+00
1.993345254731483607e+00
3.329093855517424760e+00
5.612766485442466369e+00
1.054805724148140555e+00
2.455737253201785819e+00
2.517572569395341464e+00
2.068291987375300955e+00
2.250525048461087252e+00
3.104754586004986550e+00
3.212694603777368041e+00
5.947085665712566360e+00
3.391521868329988032e-01
5.806257929687703268e+00
2.241169473101328080e+00
1.427805877075478014e+00
2.148415930937082940e+00
2.256724053514843842e+00
4.964946967385996390e-01
1.060516771598781327e+00
9.476170112339711293e-01
8.355637769689470140e-01
8.310958518675842788e-01
8.469447295049249425e-01
6.857936897160462619e-01
2.296460737148895703e-01
