8.708605817589540333e-17
3.119913777802442167e-01
6.786349101259245842e-01
-2.752583493585356952e-16
6.289622027353832801e-01
7.085165160400540563e-01
1.001539749460329309e+00
1.293525969115032703e+00
1.131935392135405394e+00
1.052897705255263494e+00
1.336049401687447791e+00
1.436084703529200812e+00
1.636707985378219821e+00
1.851491970093978257e+00
1.681616054901484247e+00
1.607845315755155546e+00
1.631254980887034467e+00
1.725169633163054606e+00
2.057895037033060426e+00
2.350082449743283508e+00
2.583392368263924599e+00
2.177522033661260625e+00
1.930502302615916932e+00
1.864223883195055276e+00
2.128679635649717294e+00
2.489368840225195001e+00
2.378309672195213498e+00
3.224181812891186549e+00
3.232417699140572420e+00
2.802883268226688873e+00
2.861783877976236123e+00
2.413545167577321404e+00
2.765481696096792508e+00
3.781673188164473842e+00
3.617881528352898890e+00
3.243197588343972537e+00
3.140923373705932775e+00
3.984856891925094402e+00
3.822467328505033457e+00
3.795216054117068527e+00
3.553179151738453889e+00
