-2.869598605894695157e-16
4.055979627860746839e-01
6.183614135195090178e-01
0.000000000000000000e+00
8.656076815242279565e-01
9.327234037078573348e-01
9.013956631438924116e-01
1.041521683403528353e+00
1.258656673896723754e+00
1.224714926930300374e+00
1.253756708106983586e+00
1.226838386603141817e+00
1.356219023622574849e+00
1.625417982725297250e+00
1.471452744519762268e+00
1.427455774831466684e+00
1.409450317407482611e+00
1.421467687030239402e+00
1.593879379911522287e+00
1.710995884989759519e+00
1.758437393451633524e+00
1.601796670651333576e+00
1.538986441425923335e+00
1.504948257285940949e+00
1.623010300685226559e+00
1.803115559913616606e+00
1.749353612206529185e+00
2.188706808036321227e+00
2.307456505781282807e+00
1.946458055518562880e+00
2.023508070072546516e+00
1.737999468126093960e+00
1.967251877852804975e+00
2.785045061663288912e+00
2.626965223090300228e+00
2.354116053423280785e+00
2.277338444953713736e+00
3.018162240404609786e+00
2.835486727045283484e+00
2.790620875057733485e+00
2.581197465958023241e+00
