2.342202207386376411e+00
1.520663527210114774e+00
4.091928106393713627e+00
1.650199304104010389e+00
1.689404806013522498e+00
1.413007929118706985e+00
2.588636204900086835e+00
3.512567555576504130e+00
1.668947142482150703e+00
1.004210166044757102e+00
1.784981838387063036e+00
2.863962945048211139e+00
4.683637985022162553e+00
8.310721672193682741e-01
1.523467212839969775e+00
1.786480831658292301e+00
2.764994328813120905e+00
3.851618677435461713e+00
5.560684479931375712e+00
1.290089715868351750e+00
2.382511967203782444e+00
3.168587982345473009e+00
2.683370056634184930e+00
3.080146858004490173e+00
3.538634786989790726e+00
3.733205842412496533e+00
5.410664779181720618e+00
2.153413176835950349e+00
2.632006264511222327e+00
2.242188300312299098e+00
1.923240350267903187e+00
3.115633085221566567e+00
3.021028081362453044e+00
1.510288530619730230e+00
1.595716359544908203e+00
9.504349669618601393e-01
2.311876285692930022e+00
2.700769850018568952e-01
4.875663378939049108e-01
4.125747130038727173e-01
7.278623669745142299e-01
