2.909443381427070759e-16
4.110069327367377179e-01
6.566033277635369148e-01
0.000000000000000000e+00
6.457575284066654486e-01
6.986103452884337983e-01
7.410535118776758745e-01
8.481090228478208592e-01
8.462546317295979170e-01
8.224331508716414829e-01
8.308147339863536374e-01
8.863265124598806999e-01
9.813070067402640539e-01
1.364364222097129709e+00
9.975499185725774653e-01
9.201217652289481741e-01
9.504524954668933656e-01
1.005804413542350506e+00
1.132203390433681456e+00
1.593688522745945413e+00
1.467417605887598508e+00
1.168230951860747435e+00
1.072473594104474737e+00
1.054596387053397200e+00
1.151426889223881700e+00
1.311692302779876140e+00
1.266376248874002686e+00
2.097445045853432610e+00
2.022554986244657904e+00
1.503489479774645199e+00
1.530711584689811167e+00
1.256105218754856034e+00
1.470341278163911580e+00
2.532459860475429814e+00
2.354458844107806925e+00
1.955716483007567952e+00
1.824618948895100345e+00
2.809439734298439184e+00
2.587939095151870816e+00
2.529649944180441423e+00
2.284869451346764446e+00
