-8.415557139248501268e-16
2.914429151801857798e-01
4.257736036536673985e-01
0.000000000000000000e+00
5.537564212738773639e-01
6.035803284525242951e-01
5.504037933657984771e-01
6.242793564815803942e-01
9.230572044790693598e-01
8.523307333196384894e-01
7.811744500697931359e-01
7.225528726033547677e-01
8.458943739649014137e-01
1.406072967968146070e+00
1.136366731659966378e+00
9.992089360854945479e-01
8.923053518644749049e-01
9.294983342212634891e-01
1.239955381132824552e+00
1.542487462728442837e+00
1.580515602986307444e+00
1.328785743055115987e+00
1.149549303630066355e+00
1.065229474767422246e+00
1.302280976122686784e+00
1.617351856599045901e+00
1.530102235906016350e+00
2.125764649888085778e+00
2.089892007284801068e+00
1.814449221778337895e+00
1.884057686204688276e+00
1.533866923221478995e+00
1.837504118037932344e+00
2.502352215811763259e+00
2.318386689501214182e+00
2.095622316976000654e+00
2.053429270176072574e+00
2.759407121643474792e+00
2.544582145002455498e+00
2.480846058919268238e+00
2.263576233629917223e+00
