2.040575734373907935e+00
2.028652695894068714e+00
2.831245599107244715e+00
1.647014245475608485e+00
1.166571204226708680e+00
1.851727383734331323e+00
2.416373675778530128e+00
1.968328950863102778e+00
6.727951539732823782e-01
2.942732683407891958e+00
1.806864086022520910e+00
1.895121623116347243e+00
3.625113947415579574e+00
1.408244988981528723e+00
1.823974773358475465e+00
1.582510136096682896e+00
1.664187115241220871e+00
2.866941217070603898e+00
4.667019921852377351e+00
8.462631967603968519e-01
3.195892710805178893e+00
2.645026441198278455e+00
2.128748210240663408e+00
2.491464239787128054e+00
3.045863550550837129e+00
3.624933783248735164e+00
4.581102697677087221e+00
1.600483982306772690e+00
2.145491289540936819e+00
3.105257585354368910e+00
2.649000279966723159e+00
2.931766072469191631e+00
2.666716398154711953e+00
1.380866833288601381e+00
1.378850899898697913e+00
1.832035790245975626e+00
2.872401411005558014e+00
4.747918584657835894e-01
1.014343906183423405e+00
2.327585819625361541e-01
1.126886532325082291e+00
