1.177277585543545095e-16
3.231536961767332850e-01
7.576895365599317644e-01
0.000000000000000000e+00
6.182012588194217839e-01
7.171327514132191938e-01
9.730963055132395567e-01
1.510325626509248398e+00
1.396413902470651669e+00
1.258567567487273386e+00
1.470994803839699827e+00
1.717266164714800203e+00
1.910451684781812043e+00
2.024818699487862528e+00
1.793704730084042298e+00
1.771930503507540333e+00
1.852958053659456539e+00
1.951236164946640761e+00
2.103002658672612935e+00
2.440326438479541338e+00
2.345286955301347120e+00
2.063361615459454068e+00
2.001277856552183820e+00
2.008893767586576562e+00
2.113408026790994487e+00
2.263562000027309562e+00
2.223150172695687044e+00
2.855805875744934941e+00
2.731941505276017867e+00
2.425386079739927148e+00
2.448663979344603892e+00
2.201266425634446300e+00
2.398939153184603601e+00
3.118439291028253901e+00
2.920348825672562487e+00
2.693082280301190679e+00
2.640433069322725590e+00
3.505725205012431012e+00
3.204630532322228831e+00
3.091345641912784270e+00
2.865957964576613115e+00
