2.371033802615849745e-16
3.736512974162886636e-01
5.523571968924992914e-01
0.000000000000000000e+00
6.140701728150901317e-01
6.117996861929814179e-01
6.213631327351465394e-01
7.089349995200923127e-01
8.725795996619887251e-01
7.846795361656292433e-01
7.225707481123969655e-01
7.523868604044519071e-01
9.563299284676229917e-01
1.314644806162796886e+00
1.020908442514335990e+00
9.074911011684125839e-01
9.045121180720810949e-01
1.025153700206490770e+00
1.413827329596703652e+00
1.709676751705573539e+00
1.840570726988667971e+00
1.366281953500216417e+00
1.207895356362985062e+00
1.171107138350183430e+00
1.468415846827598958e+00
1.885529782869147075e+00
1.778024929801671705e+00
2.731064479493597652e+00
2.675266172900031325e+00
2.164901627937674711e+00
2.271348868238392882e+00
1.734242695197265149e+00
2.192290711556525995e+00
3.370565776435014094e+00
3.078342905976031663e+00
2.659806137099709922e+00
2.556636324031832608e+00
3.569859181843927143e+00
3.328537728765924797e+00
3.283245071009639915e+00
2.993515975442464505e+00
