-0.000000000000000000e+00
3.970234046958097673e-01
7.745891152051180839e-01
0.000000000000000000e+00
8.909551690000995228e-01
1.008849722012632455e+00
1.225419504723987751e+00
1.585303404409537986e+00
1.649786053855285983e+00
1.576082143037826899e+00
1.826590950182926276e+00
1.945733057602975657e+00
2.058819217077911823e+00
2.213479084865092705e+00
2.017179574500712835e+00
2.063347683347633410e+00
2.106966312204431535e+00
2.142209417766771651e+00
2.240726141350858125e+00
2.493622101925770718e+00
2.338802107810024733e+00
2.220584408046569536e+00
2.202037683864360051e+00
2.199912247273710264e+00
2.256934333567374384e+00
2.327308467606555631e+00
2.304312475166008678e+00
2.740423631143633632e+00
2.688658265151130600e+00
2.388567598654139701e+00
2.421572661797441128e+00
2.295786540642769324e+00
2.397068747548793510e+00
3.496814554073911285e+00
3.335816892443316029e+00
2.667501142924471935e+00
2.604532022178496220e+00
4.011010962476444064e+00
3.696745198535893007e+00
3.626642005158009052e+00
3.242707976536920444e+00
