-0.000000000000000000e+00
3.401860811014359443e-01
7.130370538439655403e-01
0.000000000000000000e+00
8.111638832828120815e-01
8.822089436961421116e-01
1.008108922100224847e+00
1.181589513065466557e+00
1.283038301454880958e+00
1.267997571484088981e+00
1.310753013516724907e+00
1.279187904216228633e+00
1.375274059119737657e+00
1.598788723935911982e+00
1.441033310319284944e+00
1.397253464161132053e+00
1.391881907008660324e+00
1.407410375462121666e+00
1.542730141335967975e+00
1.689208021570042684e+00
1.676366706554441421e+00
1.488007273125943719e+00
1.454787516763704769e+00
1.455941147920852385e+00
1.549966745640556365e+00
1.725503256797824569e+00
1.685626575762888768e+00
2.067420477068351747e+00
2.097397063025806752e+00
1.826417537181064255e+00
1.914339741235447923e+00
1.631126364205648827e+00
1.884985003321900443e+00
2.581223998933891650e+00
2.308946543068834067e+00
2.099003878794049704e+00
2.057434526298621336e+00
2.817448803673796132e+00
2.541752384799316200e+00
2.466292060303246991e+00
2.255435732260977488e+00
