-3.012959442861910506e-16
4.585201483769489328e-01
7.004824352311724844e-01
0.000000000000000000e+00
7.370210173372117035e-01
8.030807069441386892e-01
8.974536552257448285e-01
1.057338642267794837e+00
1.109636789671663015e+00
1.017040048273889496e+00
1.059676142548371391e+00
1.164744744451758240e+00
1.315350993731257967e+00
1.873292263460837104e+00
1.351542315925005511e+00
1.224534042752642327e+00
1.262177592019795069e+00
1.358525902734649460e+00
1.546320059836939320e+00
2.025848958149679468e+00
1.871880157934397992e+00
1.528811639251316024e+00
1.430322628758603498e+00
1.427271721878669908e+00
1.572124172378137175e+00
1.795962686186274304e+00
1.730024497404969219e+00
2.631628394138561866e+00
2.542787171019204262e+00
2.022096767585086496e+00
2.096266295420798897e+00
1.712519651836164059e+00
2.018164937996572039e+00
3.386936243651911482e+00
3.074411373550573590e+00
2.593945255396184812e+00
2.518121014922720224e+00
3.673641880752819500e+00
3.388769090199121869e+00
3.315524370037948199e+00
2.985114029195300667e+00
