1.822610324954580641e+00
2.192729675390316491e+00
2.672494159820758775e+00
1.852026553805540487e+00
7.064167466622804925e-01
2.903719296644332815e+00
1.293611947455579170e+00
4.011153289516028231e+00
1.414356289107270293e+00
2.469301958655917950e+00
1.202601125388209180e+00
2.833108316539699523e+00
5.001211340866456467e+00
5.333758176964858988e-01
1.051399409338650726e+00
1.771556790220760069e+00
2.192987685672362019e+00
4.266311632086714489e+00
7.889561684899815575e+00
4.449013342991077202e+00
9.898825010010485759e-01
1.434519675077976064e+00
2.044087368156068951e+00
3.428754834149227104e+00
4.851693572673365651e+00
5.765979362943572717e+00
8.928635047471026098e+00
1.550134714246593992e+00
3.533873625422252918e+00
1.800646375497639839e+00
3.036695323449606132e+00
3.234165816831814144e+00
4.562617491354635568e+00
1.424823010004697910e+00
5.347481897781587445e-01
1.686928207099936960e+00
2.065481768140745800e+00
1.686823897631098745e+00
9.855833445045912855e-01
2.034676157209615865e-01
4.520900602076865504e-01
