-5.256549002624850623e-16
3.324411642884436691e-01
4.223709178772703798e-01
0.000000000000000000e+00
7.221033103548628596e-01
7.025575364779550469e-01
5.343687732615444164e-01
6.168140847768298629e-01
1.273109788327476011e+00
1.139388831569920990e+00
8.506491732871109823e-01
7.881168865370036247e-01
9.911199668611244684e-01
1.694484130828607826e+00
1.500261809206521635e+00
1.290038981948808505e+00
1.071171417849658081e+00
1.099621834550794430e+00
1.457537914791553479e+00
2.075366067689174976e+00
2.142886612550176650e+00
1.728587965845742591e+00
1.407503098223441773e+00
1.269066885572805559e+00
1.527177213654412391e+00
1.928959874307032196e+00
1.817619807589602843e+00
2.792520852190797598e+00
2.752603700648280860e+00
2.339750760958268838e+00
2.349209870808010692e+00
1.829092706064567198e+00
2.255614774160834113e+00
3.294550496517685279e+00
3.087818121384138248e+00
2.734776136237818012e+00
2.644012401981449933e+00
3.726271484035674320e+00
3.417313012182146448e+00
3.341198639895136324e+00
3.014443162089678552e+00
