1.515239866955426118e+00
1.950137169733668241e+00
2.291096181154919531e+00
2.435582629614380323e+00
1.563629261243187907e+00
5.802956306297895051e-01
3.249052255756141872e+00
3.752618859879628399e+00
1.324513287150121732e+00
2.677725350619043265e+00
1.100582343679016306e+00
3.037836464859217322e+00
6.080930227721415449e+00
1.279138102013788192e+00
1.390462551021036886e+00
1.193474019955293564e+00
1.791934828283455738e+00
4.854337232510792965e+00
8.717877785705809401e+00
1.132809812718322373e+00
2.949141141832724244e+00
1.995364245256582958e+00
2.091414317681103530e+00
3.512564639621979623e+00
4.707511171706277864e+00
6.265181338558179824e+00
9.907792185399301843e+00
1.729924268536972676e+00
2.046113388825041568e+00
1.659577729822523162e+00
3.530214205373801484e+00
2.974745273283727620e+00
5.647431405718136510e+00
1.111491806352244316e+00
1.535963870768592976e+00
2.035315676496091797e+00
2.895305152387661174e+00
7.790576330922305281e-01
4.998226779712897083e-01
3.539937204955558303e-01
7.164386754825317061e-01
