1.351001735312258802e-16
4.152911282905498713e-01
8.672059363552269140e-01
0.000000000000000000e+00
9.231773776782138397e-01
1.056130338779821098e+00
1.199643628789402783e+00
1.412283096125975357e+00
1.537693597878455609e+00
1.420584874657539354e+00
1.496302138911636215e+00
1.558901142127191664e+00
1.680663421297993398e+00
2.270910121720325581e+00
1.767032350725959988e+00
1.689805199613799713e+00
1.694218128660174516e+00
1.729004590109028960e+00
1.846945047679794172e+00
2.221170884839804405e+00
1.985823948698296038e+00
1.835491312993551283e+00
1.800357497840371357e+00
1.787830639405898481e+00
1.863781162130054403e+00
1.967096878008669059e+00
1.937180242373468531e+00
2.562558477307146809e+00
2.431069614186267991e+00
2.055063454379900012e+00
2.094885432144859116e+00
1.925997356582654696e+00
2.063364331445942668e+00
3.284871062298340139e+00
2.991425439944469744e+00
2.361349153840519133e+00
2.274172389095602931e+00
3.872339990959176248e+00
3.460495170395499809e+00
3.369730265614931941e+00
2.837541312774316538e+00
