1.402494392293813563e+00
3.422638789333182885e+00
1.454098451381580670e+00
8.706011099070753989e-01
1.290084223201839020e+00
7.748592541318648497e-01
2.132314749341066129e+00
2.750468603339980334e+00
8.724169911484765949e-01
3.093795971989002691e+00
1.839792431140192974e+00
2.458176061031780435e+00
2.899658983790315947e+00
1.943082429153284885e+00
8.921551474891328271e-01
2.315908994846382463e+00
1.655380085614052366e+00
2.752358835671703030e+00
4.298562735136902013e+00
1.875311209001425450e+00
2.785581940474799900e+00
2.703457241808340683e+00
2.099104022628448085e+00
2.115494281289737266e+00
2.600761704488753434e+00
2.551958562481461357e+00
4.189476513863747087e+00
2.891789873531672717e-01
6.400306790102547438e+00
2.103535542761769683e+00
1.134059857562120133e+00
2.022393443435031912e+00
1.623379067992397173e+00
7.648827886142476329e-01
4.163473457516201348e-01
4.287155678874110531e-01
8.448883749702513768e-01
1.527092896616083717e+00
8.983135479016599589e-01
3.920405778399462804e-01
6.020168086475903291e-01
