1.515661647589481076e+00
2.669340608049185271e+00
3.445381080672749619e+00
1.101825737916551917e+00
1.210647145814619297e+00
1.074782052298849377e+00
2.681289796425815997e+00
2.722420832820229730e+00
1.105369804419611635e+00
1.361760216456531447e+00
2.522657814044660274e+00
2.736622877373720453e+00
3.587344515755655827e+00
9.761560208443273989e-01
1.736942508669159002e+00
2.413200135795383616e+00
2.483464287481395694e+00
3.289774792772056866e+00
4.826324759156655375e+00
6.197060883724266889e-01
2.369068894048968144e+00
2.832013768714383151e+00
2.455561790640902853e+00
2.671110214555244777e+00
3.278104523244588009e+00
3.499919822149411885e+00
4.218490378231231297e+00
3.935231490953653211e+00
1.643183417253989198e+00
2.847560526981077533e+00
2.487238018966280162e+00
3.006486356734367149e+00
1.884580503567768295e+00
1.044901863696269251e+00
8.049137541937392282e-01
2.929428985399576746e+00
1.400158629706692581e+00
1.107419257895926989e+00
7.510356829810260759e-01
9.389623507568769512e-01
5.669531046243152517e-01
