4.071757716475642219e+00
9.274399749899503442e-01
3.279581805276112316e+00
1.689293632319143867e+00
8.015971343729835219e-01
2.973877427378386340e+00
2.197625098628613660e+00
5.620710412991947180e+00
7.481485273866022023e-01
1.643012698551933770e+00
1.422139719837155036e+00
2.999043815667909563e+00
4.584068455088108784e+00
3.915229289636472654e-01
2.400949014745745735e+00
1.657842208378797588e+00
2.273414978427194644e+00
4.045516741688277129e+00
7.170417763061355920e+00
1.549180769393788015e+00
2.158113868701107219e+00
1.758154058011982546e+00
2.003535749007223199e+00
2.729946226011906063e+00
3.803273360405177606e+00
4.479193024888018293e+00
8.232727319350033213e+00
3.523085452944584084e+00
2.131512486709120857e+00
1.427038454107137033e+00
2.205191255351730995e+00
2.442311306183089670e+00
4.363641233303072298e+00
1.070825551650891994e+00
1.030835856696145081e+00
1.242735336230023302e+00
2.184674552675057946e+00
5.983377721275517924e-01
1.074174585229197953e+00
8.652587817308127205e-01
1.817536827008942257e+00
