2.140026257498663043e+00
2.708280718073340587e+00
1.288264744282145102e+00
7.632816560389926730e-01
1.919185233774898913e+00
1.451874346365874313e+00
1.996402783772747824e+00
1.931206722383914665e+00
5.750429874857393431e-01
2.400101393081961021e+00
3.386363819436917666e+00
1.773300058583769268e+00
1.971526122140120352e+00
9.947470925429078292e-01
1.236513880246875141e+00
3.497294008811918875e+00
2.173205296520440033e+00
2.136429018547175929e+00
3.161389354711061195e+00
2.054619582038732073e+00
2.623607713328478752e+00
3.276850035211456014e+00
2.729194727270553233e+00
1.915212810868028193e+00
2.507352069560762065e+00
2.559597888722873638e+00
3.339425971044631680e+00
2.400675605988931149e+00
1.474291166817316423e+00
3.391640706140787831e+00
1.815429358170656204e+00
2.842178611935890942e+00
2.043893574968831839e+00
2.254639951828877553e+00
4.711362078167025680e-01
1.315970050100727873e+00
2.844463533466663918e+00
1.106589420539506152e+00
7.411701684948386326e-01
1.053414701128416286e+00
1.991248587228815703e+00
