-1.528912754235259331e-16
4.435771802570474542e-01
8.008122269530995041e-01
0.000000000000000000e+00
8.631357915283012217e-01
9.925245661146527842e-01
1.079654398734963383e+00
1.238994441054760198e+00
1.432084717011075758e+00
1.325524484710158157e+00
1.357899449506451584e+00
1.418220581792380308e+00
1.531477377767325398e+00
1.986592455884457875e+00
1.663223786973241136e+00
1.551776331198950309e+00
1.539595453400151914e+00
1.586903304990523456e+00
1.741376508992698913e+00
2.168582404111149664e+00
2.089373709879551289e+00
1.773288477042015199e+00
1.674118841136091440e+00
1.653205121692949975e+00
1.768288287324241370e+00
1.954306525270798289e+00
1.897211654319688856e+00
2.685534696889031459e+00
2.702587445572206093e+00
2.209491117926501769e+00
2.221874703666907092e+00
1.894971725093624437e+00
2.144947175684302820e+00
3.483204802797797317e+00
3.279086163796854247e+00
2.730651006263126401e+00
2.604603184660647663e+00
3.981367541852667280e+00
3.657391380139811687e+00
3.581398390824485300e+00
3.214333071943316078e+00
