1.520525545314837412e+00
3.374794896319579074e+00
1.453389978631602686e+00
7.135036762937545518e-01
1.668429412224234909e+00
1.297769486905438807e+00
1.632120879286456105e+00
2.980940830139406028e+00
7.685024182108090018e-01
2.015487042959870134e+00
2.100749882882166020e+00
2.349038923809445123e+00
3.102807324596684513e+00
1.680065719611293806e+00
1.808778454847334238e+00
2.449131538335136415e+00
2.211723689657491221e+00
3.067578504873748724e+00
4.720760790930184747e+00
1.140016861743401000e+00
1.980424786440853069e+00
1.992177525232591062e+00
2.370067644220070768e+00
2.519038324609010004e+00
3.355351560655511989e+00
3.508145198271134912e+00
4.730741216677597727e+00
4.893811543682069498e+00
1.593344031640278047e+00
2.470964415833611927e+00
2.184613731515378632e+00
2.777239608404132198e+00
2.399637897623404736e+00
1.200417365849905105e+00
4.944279271550198196e-01
1.953522723805795724e+00
1.948406159053384767e+00
1.201561340532527389e+00
8.689931065912640529e-01
1.195573305776862716e+00
1.470026776386171408e+00
