2.284412370416083693e+00
1.563125654317248259e+00
3.256903641181965625e+00
1.765615091331895758e+00
6.743704068955549413e-01
3.485773642193842559e+00
2.605996763278745298e+00
3.923409652739061393e+00
1.072577176204688731e+00
1.427707608597256428e+00
1.626164277128260061e+00
4.026704948274472784e+00
5.812963573710614895e+00
7.643577523799274243e-01
1.853679009680709422e+00
1.349712486338559891e+00
2.970802593063355257e+00
5.634826635288394669e+00
1.023063822720892269e+01
9.102329517068202813e-01
8.485076865540851498e-01
1.726763529446829981e+00
2.767475547607681552e+00
4.694244736190547940e+00
6.631984625341357464e+00
8.117290892685714354e+00
1.136174243733260347e+01
1.983440441490344153e+00
1.867830705254500900e+00
2.538857876452085716e+00
5.078109249493969024e+00
4.495996765107789450e+00
5.938242834355193622e+00
2.292152281607421571e+00
9.166011130106946903e-01
2.976707746090292872e+00
2.526481739630214385e+00
8.814034635447546284e-01
4.455195019108225685e-01
3.405334745261602847e-01
7.508049747146925412e-01
