-0.000000000000000000e+00
2.412776179137285371e-01
4.727081414829648609e-01
0.000000000000000000e+00
4.756032954165020366e-01
4.859449321167099711e-01
6.327166946191058461e-01
8.615115124201258023e-01
9.842417102142512197e-01
7.592272814871211528e-01
7.405779759042048216e-01
8.936699639016031371e-01
1.060131903366260175e+00
1.682306086891292907e+00
1.303859766979366563e+00
9.864304595591348868e-01
9.591481149903403614e-01
1.066101608723704075e+00
1.223175275858288336e+00
2.023662472586624794e+00
1.932772704636541938e+00
1.317512698257528481e+00
1.119736544457055061e+00
1.113559240109051940e+00
1.227957034895339028e+00
1.430669461016608857e+00
1.380125332210948130e+00
2.831931806839613763e+00
2.780269186639881429e+00
1.682534040987506696e+00
1.714590899691067261e+00
1.334880545874726820e+00
1.637241783423984964e+00
3.730466140404795627e+00
3.385207453405928657e+00
2.406637342737275365e+00
2.146098982260933319e+00
4.206644981458165233e+00
3.833867772923812645e+00
3.757807493246403396e+00
3.156865257564982041e+00
