1.931180726601378739e+00
2.238840171537433310e+00
1.931450772689616402e+00
1.243950486722729787e+00
2.281044514407965185e+00
7.017768705045310806e-01
3.800339037350437543e+00
2.419016338728073201e+00
2.236484145521345113e+00
1.151737976476256753e+00
1.809242053519437343e+00
3.555978910766018686e+00
4.796461316862369095e+00
1.588497954256063327e+00
5.282950434119574323e-01
1.183159242370305231e+00
2.905031653924381452e+00
4.666984988945159785e+00
7.128811857153706910e+00
1.980151832721436689e+00
2.346937862167412181e+00
2.628697256237046531e+00
3.021909831782268352e+00
4.046016596273545929e+00
4.638340630593273062e+00
5.299959988809044731e+00
7.616136818205791137e+00
1.750703646806799574e+00
2.573998930150466879e+00
2.074825327726280921e+00
2.774081661409222299e+00
3.643989245113636866e+00
4.493243736632170915e+00
1.004614893637552298e+00
8.424210498198247965e-01
1.226255317047602267e+00
3.332694671523944496e+00
1.101799538286057922e+00
1.571798811839253407e+00
1.430377381338387814e-02
1.948569145947155246e+00
