2.529280810529411117e+00
9.618762141532509746e-01
3.537920112737684253e+00
1.999980351284326163e+00
3.059509097020232549e+00
8.972284621983938058e-01
1.237417288694580009e+00
6.302889666754680320e+00
1.871603779544289914e+00
1.594360139636928020e+00
1.077060122672652831e+00
2.713860933072343773e+00
5.266847496748578550e+00
1.219132182219900606e+00
1.419841648973813708e+00
1.835409056409330830e+00
1.687763505708354206e+00
4.312392085394423979e+00
6.825949930571741042e+00
1.068949738534249461e+00
3.251366089537564452e+00
2.787475657358750691e+00
2.119607184831142632e+00
2.867333562891140719e+00
3.608674710372183014e+00
4.131709008151029039e+00
7.436918680286990657e+00
1.011471514857623433e+00
3.591464270235717571e+00
1.622426241868766272e+00
1.851185166822584938e+00
2.472861442991366676e+00
3.831316231207763323e+00
1.387493520094432942e+00
1.236314397205252158e+00
9.797609154250304098e-01
2.004825620240736850e+00
5.430651422670202955e-01
9.986370078557348373e-01
-9.767723294445397608e-03
9.528273750935966069e-01
