8.495575204951715254e-01
1.518132103572567893e+00
5.632451704129202597e+00
2.822384575090550740e+00
1.249572004516942725e+00
1.223733473335470334e+00
1.665258961825746731e+00
3.879978118661508546e+00
1.634756498647418788e+00
1.277412174512895682e+00
2.079421087590751061e+00
3.449419376375830737e+00
5.345108414465665980e+00
1.336332226365309905e+00
1.002180811345772860e+00
2.030897636265274642e+00
3.062143831355740087e+00
4.511949774499709243e+00
7.012003602363308552e+00
9.771385367840813574e-01
1.675437410078828515e+00
3.030912283935247142e+00
3.542111550315990343e+00
3.960592032852542577e+00
5.142536377474367981e+00
5.842074315579137256e+00
7.023573277570241302e+00
8.799686297701579951e-01
1.800185958358767158e+00
3.518913554506420294e+00
4.046402832937080696e+00
4.868240350551050533e+00
4.105953256868454027e+00
1.420081605584299522e+00
1.730578665440767772e+00
2.876406337416316905e+00
2.992997175664507292e+00
9.330813838066903676e-02
9.598035280388047541e-01
-4.361171732902387188e-02
1.622203738875662715e+00
