2.165637322340328463e+00
1.929172594538918650e+00
1.836074695769682297e+00
1.990316299398437350e+00
1.320822677012800428e+00
1.755045045926328484e+00
3.150630335702409468e+00
1.073513669968430007e+00
1.623089215562525611e+00
9.395952616431531013e-01
4.551293080613377562e+00
2.326368942264981143e+00
2.742267912659515972e+00
7.637472761181210990e-01
2.079685282987025374e+00
1.231715397789333588e+00
2.595548301822479864e+00
3.259933112435353220e+00
4.570286243838149076e+00
1.687007471886417642e+00
2.196427223992901023e+00
1.756305337562051649e+00
2.505488123860050376e+00
3.162726140914875472e+00
3.784712229696546082e+00
3.518649539181417651e+00
4.456782045938909143e+00
2.354261589326674287e+00
2.087972776433278721e+00
2.740546083383506470e+00
2.307868557645323726e+00
3.040850881577415343e+00
1.800034832691766784e+00
1.689531261010470464e+00
1.701700369924100897e+00
2.074809647074177477e+00
8.124871681090072295e-01
3.628393821933895147e-01
4.279039697173839807e-01
3.978311488649636796e-01
3.132597124685476131e-01
