1.317986204907853454e+00
1.950334493895526933e+00
1.939983632861368434e+00
3.022596489814908249e+00
3.137884841029334737e-01
3.140996273761940127e+00
2.290607469720236100e+00
1.771783388270368853e+00
1.203995655364529238e+00
2.344387393802993547e+00
2.399596886703612597e+00
2.113810345489109732e+00
3.047922750484143073e+00
1.093042322112706799e+00
8.102672391970631161e-01
3.005280000752068581e+00
2.114531637203710179e+00
2.785316899491192988e+00
4.741610507164081056e+00
3.548643180437292877e+00
2.582700976304442175e+00
2.282307420121989061e+00
2.059522244313422679e+00
2.348004232240147093e+00
3.144954881338862140e+00
3.525731318405807890e+00
5.253419671210186159e+00
1.487050747592151057e+00
2.440636253023694469e+00
1.886833465743064098e+00
1.966103597323661134e+00
2.363461771645343656e+00
2.868206651123262674e+00
2.409366850762706846e+00
6.197231206508595491e-01
1.490321232195321421e+00
1.873379317072121797e+00
9.475720613751906773e-01
7.400964043558404537e-01
6.123388743503548337e-01
1.345230972556767934e+00
