1.966882118823892078e+00
2.678174285212739480e+00
1.106850343348931398e+00
1.570104937451522131e+00
1.224562699593563897e+00
2.055275869125254395e+00
1.613067574763891843e+00
2.739383671755532212e+00
1.794595983900912017e+00
1.765828300096006886e+00
2.843480702020221518e+00
2.046483550237214288e+00
3.336260514415233303e+00
1.113608804900042548e+00
1.647592249582124024e+00
2.406234592488475155e+00
2.037966574994581670e+00
2.901865092707584637e+00
5.389399676042422094e+00
1.121319775461703916e+00
2.330602006823318639e+00
2.400987387785836091e+00
2.147509274867802631e+00
2.313140014299535085e+00
3.129474111025057237e+00
4.221202132744898528e+00
6.454487619564750922e+00
4.777769855069681881e+00
1.174563663788058321e+00
1.240228078482159768e+00
2.406932412642258434e+00
2.083620994123529968e+00
3.915531411228380332e+00
2.028316038327628856e+00
8.818655749373048858e-01
1.782622836225921104e+00
3.753399135434460021e+00
9.715501316389287823e-01
3.797510986015155132e-01
3.666523930409882337e-01
1.122558473072530871e+00
