3.524588844234000540e+00
8.795575871996383910e-01
2.265145061928317105e+00
1.754553060106128992e+00
2.001929047385241578e+00
1.259697002814592848e+00
4.174157281550982646e+00
2.867908856133681628e+00
1.627481865348781920e+00
2.105508627049527348e+00
1.363885020510659185e+00
2.467441139079416423e+00
3.924779188129268181e+00
8.053266670677545758e-01
7.590613979026722413e-01
2.011516287263737990e+00
2.065628740647304173e+00
3.393922668095858963e+00
5.223872421107500053e+00
3.031619377953190142e+00
2.292979912715245927e+00
2.343054053646688395e+00
2.360845362892040278e+00
2.645645795364650166e+00
3.300654691719127953e+00
3.175993296088572393e+00
5.052800276141835134e+00
2.149591064809853513e+00
2.241314003906661689e+00
3.325065892864250472e+00
1.715282809292019373e+00
2.606647765952480711e+00
2.061724760752761565e+00
1.818332910878388331e+00
8.995296585718466353e-01
1.716961493782603654e+00
1.195918023973996158e+00
6.957799796219662491e-01
9.569257513100500878e-01
3.472626428593098002e-01
1.360675133659123626e+00
