1.525647603052218582e+00
2.336457184269453702e+00
1.221252311166699078e+00
2.080819132512933933e+00
7.362409814680652698e-01
2.895958863714998444e+00
2.784354601878471946e+00
1.894858877701256716e+00
2.430524224905178610e+00
1.822568587675227558e+00
2.164644340706010084e+00
2.298857793181056763e+00
3.490580624878320659e+00
7.137931988460254340e-01
8.515008249313753552e-01
1.838565326728781812e+00
2.592218654803062794e+00
3.218708490970437985e+00
5.105219212208427670e+00
2.308237231705574821e+00
1.675269305616304605e+00
3.300207140411316242e+00
2.951967602390401346e+00
2.967345858794545155e+00
3.621978338858390600e+00
3.959120436854271841e+00
5.208767269453386639e+00
1.444807268312995330e+00
3.611490213312734454e+00
2.641655809112958497e+00
2.381719526129849385e+00
3.479217336763003932e+00
2.925881942434551242e+00
4.137507245714678872e-01
2.165404193913531561e+00
1.176422948112200828e+00
1.843904898962617667e+00
4.005399031479541794e-01
2.811231730483528257e-01
3.239410058758350752e-01
2.962105885234027070e-01
