1.341728776150914237e+00
1.357039231906103760e+00
5.887439049877162489e+00
2.108817035977506915e+00
1.501211499031326113e+00
1.440044580067180613e+00
1.955873453232435999e+00
3.258748469070174458e+00
1.549794371639537705e+00
1.236765598122901100e+00
2.123056025351583553e+00
3.408202718340659576e+00
5.239452441066479338e+00
5.420685193108589761e-01
1.617614784411594231e+00
1.761590214904021012e+00
2.492804768653584802e+00
4.414436395626418097e+00
7.505596249277195930e+00
1.358144576878092424e+00
1.673750303293831676e+00
2.050541175636039437e+00
2.594865377152611341e+00
3.662656764540415555e+00
4.899403608162335111e+00
5.470200289692282780e+00
7.514341243471820420e+00
6.864417558957620624e-01
3.937288078807247960e+00
2.773642231528060442e+00
3.069511461932122653e+00
3.686543418069180511e+00
3.212123118805077393e+00
1.316744053163018124e+00
7.377470807581246737e-01
2.764146326304387724e+00
1.280901819849089573e+00
6.606523332569406159e-01
1.480983187725799954e+00
2.583832260364361533e-01
5.957968075848155687e-01
