3.339551176271123190e+00
2.283178435836189291e+00
1.939552317080240451e+00
6.365770581678515949e-01
9.077995434336676439e-01
2.041221007432667545e+00
2.982842218470127538e+00
3.544900661225476313e+00
1.423643002720347273e+00
1.814028478945594269e+00
1.761662061307984972e+00
2.865903584272618154e+00
7.062344093612860974e+00
6.099827965078500336e-01
2.155818343591098696e+00
9.379490921096377276e-01
1.335437955776265451e+00
5.008149040980125477e+00
1.113440444209182800e+01
1.648286116823254543e+00
1.962456746016866482e+00
1.060018079421217063e+00
1.111212157588338023e+00
3.041292702388612490e+00
4.813693784047827329e+00
7.756436176366108270e+00
1.337012240102927585e+01
1.387391841316122587e+00
1.567179618012415343e+00
1.446845450780124942e+00
4.605799935177670612e+00
2.189330193558594928e+00
6.517285529743884531e+00
9.118780237570562885e-01
2.127289710954860524e+00
5.178094179528645036e+00
2.417204987446589293e+00
2.377930798651572142e-01
2.233032826605479693e-01
4.808261007278633592e-01
1.426048161472144582e-01
