1.050844977579039830e+00
2.376905758731475693e+00
1.268263523828861095e+00
2.788482300450503271e+00
1.130290918354680096e+00
1.890967924852105408e+00
1.524465412982247692e+00
1.760301577218015945e+00
7.849567188206773016e-01
3.719186514534863264e+00
1.644372908174016157e+00
1.610064731946970973e+00
2.745562278431678216e+00
5.063571934146540166e-01
2.209501876657975483e+00
1.973579983432443674e+00
1.487137020014550171e+00
2.359467011022389649e+00
4.026703061402366224e+00
3.187727097227453843e+00
1.550724465478959813e+00
2.521448021236763815e+00
1.875211215986183122e+00
2.018660314151124346e+00
2.791616207645252867e+00
3.224388239015097302e+00
4.396212136104901802e+00
1.156372891495307087e+00
5.041246035492238597e+00
1.782531814256217206e+00
1.865198607532919661e+00
2.569165056002644221e+00
2.591202222661176169e+00
3.895407195663821986e-01
1.283615665375306580e+00
9.393100444482116451e-01
2.020339711278136718e+00
9.545582057761999861e-01
6.317442125174693723e-01
3.345797259629368914e-01
5.560943566982103903e-01
