-3.322629284424038696e-16
5.196685232485872552e-01
7.339342942280012716e-01
0.000000000000000000e+00
6.948583899348055315e-01
7.337110564967121995e-01
8.616300978356570273e-01
1.095336701308489591e+00
1.020354675030573643e+00
9.041162372489793819e-01
9.115509218505576383e-01
1.130151708736076621e+00
1.315317308410586472e+00
1.415571375371276863e+00
1.289758616669395952e+00
1.215143265309871490e+00
1.203860029610546833e+00
1.334626715002291908e+00
1.545716729203958195e+00
1.720058513876043138e+00
1.941448600416158632e+00
1.664510345276747794e+00
1.439855310645163256e+00
1.406956517440615784e+00
1.570478377095719136e+00
1.828619111563118516e+00
1.760625110772118695e+00
2.583686822454281717e+00
2.631791365687039530e+00
2.177703637074023035e+00
2.138293023648104807e+00
1.753501197661289757e+00
2.052198654202221473e+00
3.364822562829356212e+00
3.161243604207546465e+00
2.609751559975398649e+00
2.454017918734975101e+00
3.748164618719312280e+00
3.499719658153702007e+00
3.442370149545006530e+00
3.054552635609430578e+00
