1.104394235891871237e-16
3.240168765229725634e-01
5.771734843000223547e-01
0.000000000000000000e+00
6.830232981686698013e-01
7.561672278812031633e-01
9.470355831233366883e-01
1.165413422262120857e+00
1.281521301339596075e+00
1.118118813019185254e+00
1.201355004526920567e+00
1.300394957390205608e+00
1.455846183177192277e+00
1.854586770854425914e+00
1.707041758647231067e+00
1.464265967448902028e+00
1.423756282342464541e+00
1.512471930130569575e+00
1.715040781286405913e+00
2.005596050084165416e+00
1.961435053221119329e+00
1.843911839836314570e+00
1.665272734847456304e+00
1.604249594722296113e+00
1.752772730855412853e+00
1.913025364115640281e+00
1.862694978445570193e+00
2.149305665701526813e+00
2.167191094281512687e+00
2.021736465638108271e+00
2.050060819964970804e+00
1.886178111065955232e+00
2.021413276438102535e+00
2.680995231613758634e+00
2.507794909086941360e+00
2.199881284491312705e+00
2.161370975090573854e+00
3.242399665755716143e+00
2.891372039309637376e+00
2.816872175480647833e+00
2.441936732533938947e+00
