2.955193354452488208e+00
2.005154939001152936e+00
2.492387234592819745e+00
1.323510324745136746e+00
6.346844471629625728e-01
1.406233565053415902e+00
4.131389226533218384e+00
3.156543095532809318e+00
8.911813293130255165e-01
1.656562170605825113e+00
1.945069242678268528e+00
2.904007944658395513e+00
3.678825713393905517e+00
7.133509167060767542e-01
9.430799061102227432e-01
3.485280670086106536e+00
2.945680631021312390e+00
3.833548553751845223e+00
4.821937262277545599e+00
2.046881322416763904e+00
6.876525121824270670e-01
4.189780299370845285e+00
3.089028538543933333e+00
2.897252851414620967e+00
3.827566882147341865e+00
3.699178103833772102e+00
4.349970651245065767e+00
3.006587530731777758e+00
1.347453012085774171e+00
4.427587570473576761e+00
2.750661247258447517e+00
4.158828113950718830e+00
2.083423250065142174e+00
1.988125174441847998e+00
5.479233539450901747e-01
3.209362811515291902e+00
1.426913674872757998e+00
8.444522256548497863e-01
1.148219869627570056e+00
4.769541876666578695e-01
1.166818664559729379e+00
