1.739832614346356721e+00
2.169900079761342582e+00
1.658340498476228442e+00
1.515589787037184610e+00
2.405969250324176301e+00
2.157254841796895750e+00
1.934011020591742014e+00
1.448484571982533220e+00
8.436132662143194239e-01
1.001719879397453106e+00
3.307637200721503579e+00
2.390928104222734607e+00
2.338529244953350794e+00
1.025341299110768878e+00
1.904321458183108051e+00
2.885566475512351570e+00
3.464010318329444171e+00
2.889539577730911635e+00
4.068188049855104182e+00
1.473786798586112168e+00
1.623245312154341091e+00
3.797654618603953924e+00
3.612550726413799929e+00
3.246366471514914309e+00
3.923601409752715874e+00
3.448773687988891279e+00
4.297815724587410458e+00
9.274849792832612350e-01
3.443569039631790840e+00
2.754333707731156711e+00
1.938675787966720687e+00
4.050032632121338239e+00
2.716926725908792584e+00
1.058599388487664772e+00
1.759853585940826859e+00
1.119195403566834335e+00
1.425005337783658232e+00
3.028956728971402557e-01
6.568145627669714770e-01
-2.036676051213602654e-03
1.144868954784852288e+00
