2.702780367186991217e+00
6.472806398884192181e-01
6.221354664629260789e+00
1.747505080485335816e+00
1.918218193215498246e+00
2.107776639121721196e+00
1.507990490469475420e+00
3.382791258616980379e+00
1.395778161976613196e+00
9.617091132605095627e-01
1.538746486391508572e+00
3.670429243958908572e+00
7.907065485487531298e+00
5.430965785298428328e-01
1.575992651124537680e+00
1.250021765613070324e+00
2.920018954273611467e+00
5.374933645617509193e+00
1.026477056117074049e+01
1.099647693780765545e+00
1.488425724812413975e+00
1.407359365745445290e+00
2.764067099563729535e+00
5.161548289088434771e+00
6.640410516169089838e+00
8.904288341832609532e+00
9.795322120266847676e+00
8.489769751297406852e-01
2.597699531530827333e+00
2.454974655445058218e+00
6.499680913952754935e+00
4.774450774762193817e+00
5.516094197438673241e+00
1.029324354103497097e+00
3.606533428554595244e-01
4.098633997059881295e+00
4.824216451646668347e+00
1.123257504164650200e+00
1.211018699930641818e+00
1.022260719070035018e+00
1.734567238682952928e+00
