2.096253468977058887e+00
1.885543940070475655e+00
2.429437431831150018e+00
1.260229308208363763e+00
2.987067957770574989e+00
8.540185917162055329e-01
1.541337544471848675e+00
2.757085695634742706e+00
1.754023940357176015e+00
2.299894707508176595e+00
1.539581814431555173e+00
2.588246999408170268e+00
3.608950370690641396e+00
1.231162011783976107e+00
9.697566703216482509e-01
2.322433222503020644e+00
2.255042639852169017e+00
3.593350645252366693e+00
5.124546449657080949e+00
2.343364026756558971e+00
1.367574014623899048e+00
3.101855911368359919e+00
3.222749205881572099e+00
3.316868750906704744e+00
4.209365660015522259e+00
4.575885170861989870e+00
4.653937466510106091e+00
1.968836076017802972e+00
1.437403168017399091e+00
3.874176129922867862e+00
3.659682082809911918e+00
4.463143825179654911e+00
2.335990868415851462e+00
1.429810211316368207e+00
8.138964566887777474e-01
3.826378373949328893e+00
1.521988013380425109e+00
1.379398984684501395e+00
5.428958636960596884e-01
1.817982494351632061e-01
2.146624838866394214e+00
