2.277890036019156295e+00
1.230102959163908105e+00
2.283606293785007235e+00
2.192882464557607047e+00
2.671107246864890872e+00
2.431001091786837431e+00
1.619605648000489451e+00
3.968103378728722319e+00
2.172253505070810498e+00
5.535593728426342341e-01
1.816367333581407451e+00
3.020057413547141856e+00
5.302392220327754480e+00
5.263162448886784528e-01
2.028942016024608108e+00
1.358358472687626994e+00
3.046414099377246831e+00
4.431715762666862624e+00
8.562612085356837710e+00
1.563842738953681089e+00
1.868971192137132808e+00
1.925232761319047414e+00
2.621863955695147297e+00
3.900764227814524698e+00
5.191997883785241186e+00
6.945259127592569470e+00
1.060983454974225637e+01
2.130789147372904591e+00
1.514272190719653910e+00
1.715503107298093299e+00
3.580563920255057209e+00
3.490038361468950523e+00
7.397812045314293705e+00
1.618333852313107446e+00
1.030639619230325543e+00
1.771367227736231786e+00
6.534683919575841493e+00
9.443162158650251214e-01
3.521193810802922819e-01
1.583525700045069318e+00
1.007518255506056226e+00
