2.775990598978435919e+00
1.277952882428503800e+00
1.848243194632841480e+00
2.665744020330186537e+00
8.496008268482410086e-01
3.593991702672800326e+00
1.435913168119853811e+00
1.902060282918971890e+00
7.377354218504298400e-01
1.860436660465919489e+00
4.123318341397370190e+00
2.621438932946102085e+00
3.025959217002397228e+00
8.548496350549745770e-01
1.185549903375577863e+00
2.511469093210477954e+00
6.217576723428908103e+00
3.560960786096696307e+00
5.736133403648312701e+00
8.902860649597541531e-01
2.001109680514576272e+00
2.029067844647665098e+00
6.813090406205931870e+00
5.607278243253383643e+00
6.556592318205167302e+00
6.336175167090513760e+00
5.679576248044111431e+00
9.849774517677104546e-01
1.477729967906057817e+00
4.753815594684991375e+00
4.312106754363743910e+00
7.378571235773039305e+00
3.505644965645499767e+00
1.688987785673370823e+00
7.547539556994250498e-01
1.835066808996665522e+00
3.015691877335432203e+00
1.342302946198376645e+00
7.427927152781713671e-01
-1.247688932765038394e-01
3.234033095204942754e+00
