-1.081182393745044757e-16
3.076225319360078592e-01
6.078751884635245073e-01
0.000000000000000000e+00
6.366594006156899299e-01
7.242295742319949658e-01
8.310617404582156809e-01
1.238054687123809172e+00
1.486904939001592707e+00
1.381508817775395137e+00
1.451968942532640749e+00
1.601102155186334253e+00
1.791412287680616000e+00
2.082651123829675655e+00
1.779645150366755857e+00
1.733238124133923863e+00
1.777416102182597379e+00
1.858970886479391904e+00
2.002716655343751206e+00
2.365582851437582068e+00
2.105939694301294018e+00
1.964641592162268857e+00
1.924272279564050558e+00
1.924754947971528019e+00
2.013679241749144033e+00
2.108466172337238653e+00
2.082101357225970784e+00
2.582325481639483833e+00
2.376306555545599775e+00
2.171509046921432429e+00
2.202132571462574795e+00
2.068292303773779484e+00
2.180021506360798167e+00
2.944817912484836597e+00
2.669624174240216696e+00
2.347168083648357939e+00
2.300496654531157148e+00
3.270590389640638307e+00
2.956637672281784646e+00
2.907621058197948916e+00
2.579367624822544336e+00
