1.477074046986203149e+00
9.385989599089750168e-01
7.295054496672162436e+00
2.185646040792332379e+00
1.342949745986384613e+00
1.644001597826892036e+00
2.627170848483506127e+00
9.436708741527485289e-01
2.111200849794536705e+00
1.601346062695448547e+00
3.154433834670911985e+00
2.203246052391973464e+00
2.428074457468357927e+00
1.410705984766474907e+00
8.000568573371295011e-01
2.292048878254281163e+00
2.020991035856479989e+00
1.973900847520210444e+00
3.144293179416900674e+00
2.746424417184703426e+00
2.277678701718236720e+00
2.606024282452814145e+00
2.476879472624577083e+00
1.939510578889406034e+00
2.257799979060162165e+00
2.123138218047353032e+00
2.939868331815808755e+00
3.235889005973194177e+00
2.273592661513937241e+00
2.685381493960335320e+00
1.329412075056271236e+00
2.181434249184242447e+00
1.250424178845501499e+00
1.426710850659868246e+00
1.419849344090384324e+00
1.753434278687633574e+00
1.053305441561876332e+00
4.332450298415831957e-01
4.923146207433178878e-01
4.195657676397376301e-01
1.042158607160812878e+00
