1.669872345436518302e+00
3.079104882958375811e+00
3.494357468372202735e+00
8.147023758348482803e-01
5.956405706971769076e-01
1.147248925324773072e+00
1.846491672817858642e+00
3.446030312463271628e+00
1.420936256966284228e+00
1.764596153755402907e+00
2.555493016451487964e+00
5.101468642940394815e+00
5.712737636069810776e+00
1.455716943859407753e+00
4.405116256895967863e-01
1.311522443871789845e+00
3.393692038193335758e+00
6.272668553165069660e+00
1.055108206826025175e+01
1.449760407893233127e+00
2.858048085039896602e+00
1.367462078409335202e+00
3.170030036820837172e+00
5.576120843109773517e+00
6.645519781887005095e+00
8.469835041635610295e+00
1.136962640684773618e+01
1.377033530793744021e+00
1.385636399012075692e+00
1.855898750622208215e+00
5.084390883868787014e+00
3.878429872534299605e+00
5.768030538656705453e+00
1.768386529731364787e+00
1.325303969426175232e+00
2.172166862834746137e+00
2.570435655992705737e+00
7.525407563230784858e-01
7.154241267824675843e-01
5.094038599914282317e-01
6.941297609907762789e-01
