1.820545169292115739e+00
1.867709602892784426e+00
1.558794498739132228e+00
2.358726997896799737e+00
2.330714223465359058e+00
1.698746921248853514e+00
1.657637403548052557e+00
2.692597128963192255e+00
1.382588108391617387e+00
1.715290200301473833e+00
1.652816465152523007e+00
2.346226022138391265e+00
3.304693386354294216e+00
1.579725234932867650e+00
2.168179581038916837e+00
1.641040757215056267e+00
1.678894483561182982e+00
2.961294379434324942e+00
5.217933355140454310e+00
2.413822419476189030e+00
2.519423715733719593e+00
1.545278863122429014e+00
1.491150621560582090e+00
2.318882575132934942e+00
3.117426584651519228e+00
3.745256491968096402e+00
5.474221735696720437e+00
1.927128179800872365e+00
2.504041402037990416e+00
1.947705763870832607e+00
2.374024627460305403e+00
2.212893181499675954e+00
2.675238450379197719e+00
1.356039645888767131e+00
1.296895043614209708e+00
2.494138857469647252e+00
1.812554009675736211e+00
6.832961995170416802e-01
7.248318164007409026e-01
3.111589500380035900e-01
1.032233322921090490e+00
