2.571986137810654771e+00
1.416888447097579551e+00
1.543714978765802215e+00
2.535094027561420660e+00
9.527048593377314134e-01
4.444879996480731066e+00
1.515162151913441946e+00
5.538420256290145005e+00
8.175265786292553738e-01
1.113285031220017540e+00
2.096754489757425510e+00
4.196177878335744182e+00
6.905388960199744020e+00
2.025267604637454255e+00
8.391344907260941399e-01
1.882802560156229932e+00
4.766967470786066308e+00
6.492499235549377801e+00
1.207867919917005928e+01
1.257572262925033879e+00
1.906392047585422356e+00
1.217414419641445145e+00
3.152350589636875977e+00
6.026682964228225359e+00
7.409978759122286540e+00
8.888460840650644457e+00
1.500829841039770685e+01
1.142040575777191203e+00
2.037717143695295441e+00
2.393917093172142962e+00
4.039297555212558954e+00
4.209184579388018932e+00
9.210816789591023124e+00
1.807524645351675119e+00
7.532739802874852675e-01
1.758451232057795188e+00
4.280909318353729454e+00
1.161047694160953103e+00
6.392691863044966949e-01
7.726736319487162996e-01
1.359657593846029577e+00
