1.411140425760168737e+00
1.586295728374055969e+00
5.778046810513394860e+00
2.209681579646171734e+00
8.130779884086797304e-01
1.505359543132234856e+00
1.717573944081764115e+00
2.980525193067200984e+00
1.271839459828906227e+00
3.001587130618695198e+00
1.175955710285293776e+00
2.898172813842088580e+00
5.921798381144768975e+00
8.255616771589568970e-01
1.055303305490110422e+00
1.589028796060814264e+00
1.721335539131290115e+00
4.314690337199976966e+00
8.057949268108297147e+00
2.971892537178642879e+00
1.759128779607161075e+00
2.218851325054653323e+00
2.244720266166502221e+00
3.269796612316760775e+00
4.740425264360832891e+00
6.039141869075110414e+00
9.658785744915540761e+00
1.617482046566623977e+00
2.637550077136617155e+00
1.360873073393259469e+00
2.921550149282079456e+00
2.972632596377290159e+00
6.796060896728318035e+00
1.347750174616629160e+00
2.128911841881223899e-01
1.177149402218927943e+00
4.079005247620464125e+00
1.097376666228195186e+00
2.056908940456267487e+00
2.510710995727212791e-01
3.483695202077526254e+00
