-0.000000000000000000e+00
4.434724683355677488e-01
7.600338863201140382e-01
0.000000000000000000e+00
9.349647960234991340e-01
1.008317078001349287e+00
1.229553695484755682e+00
1.449191804423056507e+00
1.575976116416432982e+00
1.465037776468817610e+00
1.413547093480157724e+00
1.531086264065808278e+00
1.657303496311044233e+00
1.810754624372102439e+00
1.695665022800675104e+00
1.647338319715879740e+00
1.603021867782281618e+00
1.677326973911703156e+00
1.791333642986926877e+00
1.895411943099984509e+00
1.884726778022016269e+00
1.794753642785190006e+00
1.729619473920153805e+00
1.720993977400163688e+00
1.801849552262242637e+00
1.903368413470813536e+00
1.874330020653504070e+00
2.195609527682388151e+00
2.186137367293004008e+00
1.978296282030662878e+00
2.017226673865037068e+00
1.864925392402585258e+00
1.988394184048513758e+00
2.794217646233636554e+00
2.577148311757203381e+00
2.216134690640563676e+00
2.156543594851868306e+00
3.048993762965476861e+00
2.813586998415190887e+00
2.762801695901873078e+00
2.514889695137413561e+00
