-1.019142188628519075e-16
2.915029721372926486e-01
6.377658365792204798e-01
0.000000000000000000e+00
5.990892715970531635e-01
6.676658559705184182e-01
9.164894102780291041e-01
1.158368900244635569e+00
1.106777270502965704e+00
9.835907439739525193e-01
1.089618043124034985e+00
1.227754329130485322e+00
1.391756189858509796e+00
1.714439452072108239e+00
1.507985066585702194e+00
1.372619852947893015e+00
1.339756227720629411e+00
1.429707250472783020e+00
1.666199022157473619e+00
2.138827274198720207e+00
2.252108941965297984e+00
1.818500804975913931e+00
1.562581316187499958e+00
1.515717081450321579e+00
1.704312807634556615e+00
2.025873023538948825e+00
1.936795612198645378e+00
2.694571475055104859e+00
2.741203893003172798e+00
2.367855456415862037e+00
2.400039032323769916e+00
1.929319922239117302e+00
2.302350248501517704e+00
3.069447525018946799e+00
2.958623940122059981e+00
2.733587412033170239e+00
2.647842977005144594e+00
3.315804173951020672e+00
3.140869094717257504e+00
3.102829529660700913e+00
2.918099691379021809e+00
