1.912291373419946039e+00
1.611474534263739322e+00
1.398808157877998282e+00
2.827086569590798515e+00
8.048231331766965146e-01
3.114163640649615594e+00
3.052301115932851250e+00
1.487676347526966314e+00
1.090615300023687118e+00
1.738858654728865583e+00
2.663710830265567875e+00
2.881861434937955213e+00
3.036401678589543351e+00
7.464338590531556239e-01
1.416694379636340928e+00
2.375006708823515833e+00
3.370095300059330334e+00
3.519642698554254157e+00
5.000836587522604404e+00
1.804445361941098280e+00
1.987270132072010309e+00
2.809328840389402338e+00
3.110362221078810663e+00
3.447362522184535205e+00
4.046267961103201749e+00
3.581038653317419218e+00
5.174200262818769325e+00
9.712788390835459529e-01
4.778117515753568689e+00
1.984641090533456165e+00
1.542791700367857066e+00
3.429902506558039299e+00
2.491229953140198017e+00
1.237608858887535357e+00
1.068356039950816072e+00
5.576979453494859129e-01
1.036777767753942481e+00
9.882504282474040558e-01
6.064262130736532974e-01
3.566680356829757259e-02
6.529207279714148715e-01
