1.123491409605287709e-16
3.067619848030643803e-01
6.439412854054129554e-01
0.000000000000000000e+00
6.300496885308547457e-01
7.249816988427524311e-01
9.108049334317981360e-01
1.067272446404953445e+00
1.069604437929423169e+00
1.041308008220537706e+00
1.166457354833541959e+00
1.181606715565320931e+00
1.344128319842998298e+00
1.554776839087780749e+00
1.415103273911457515e+00
1.384706550665696811e+00
1.369531240432193542e+00
1.400082848528453328e+00
1.613717662724287516e+00
1.724078579033093250e+00
1.768771438928080197e+00
1.610651082900369957e+00
1.549032052556881922e+00
1.500541195218350055e+00
1.646835250482129309e+00
1.845231357840085185e+00
1.790122846361262621e+00
2.205939032072369077e+00
2.235553187096486205e+00
1.956127989592767902e+00
2.039760319079173545e+00
1.773741995609444677e+00
2.002759002171940583e+00
2.896415525101718735e+00
2.611991869172284098e+00
2.283293112945080860e+00
2.230034078050382451e+00
3.203183097770311072e+00
2.913400437032658274e+00
2.836362846479659083e+00
2.543178110604732201e+00
