2.919543937285622448e+00
2.284764856118265630e+00
1.769598420135296113e+00
1.113503775202495438e+00
9.764732397763926652e-01
3.165518501738675994e+00
1.640229653117063480e+00
1.878680048150212167e+00
6.112348096490746174e-01
2.001728716873870884e+00
2.074754725650095555e+00
1.606916267120338082e+00
2.467976708609163516e+00
7.041664652942831726e-01
2.256712742309259667e+00
3.075336217178723963e+00
1.935523434977556967e+00
2.061735009139359587e+00
3.111063363500006673e+00
5.891747871923107560e-01
3.232071045992271241e+00
4.384374978608444273e+00
1.919200968580186073e+00
1.728590935507627435e+00
2.083477725563770644e+00
2.621672083824339694e+00
3.124023439476889763e+00
2.809204482919020140e+00
1.649476780903456508e+00
2.558578353669789696e+00
1.872672824227735289e+00
2.519782435452612823e+00
2.049506104338802093e+00
2.059217951337158681e+00
4.231028554527704322e-01
1.080458577724729752e+00
3.386846399274813901e+00
7.576629784412991508e-01
1.666238943731120248e+00
7.083568215789197708e-01
1.541097774971057266e+00
