2.401696574083735936e+00
1.530830331069196193e+00
1.215855380871187608e+00
2.137556894481073222e+00
1.563996330987481809e+00
4.152004614593639786e+00
2.025520276378674378e+00
2.092641169325962558e+00
1.798204224337440316e+00
9.331417644950673607e-01
1.739216708328804595e+00
1.610101828616262276e+00
3.162958281030110452e+00
8.502404281158524313e-01
1.635993322204789102e+00
3.057434625982679233e+00
2.271353093086237784e+00
2.423694064911474211e+00
4.117504702664056104e+00
1.299510913135373480e+00
1.711959608580214010e+00
4.982280985222216962e+00
2.179985420206377977e+00
2.087447418878064287e+00
2.608585185662601003e+00
3.488482063857949456e+00
4.421081610782847449e+00
2.124065042138922443e+00
2.306203420388012848e+00
2.847601689525631308e+00
2.551011942623271356e+00
3.000339900684081851e+00
3.063338235399960308e+00
1.752441396999704804e+00
3.203762060538034029e-01
2.118721863331868516e+00
4.351271883847092958e+00
1.201731514906137166e+00
1.109940893409721685e+00
4.796724017048826227e-01
2.330923222507426562e+00
