-1.711969691410222822e-16
4.564756134831918222e-01
7.119648330059122898e-01
0.000000000000000000e+00
8.763098209588645604e-01
9.350471355062607293e-01
9.050007021811644625e-01
1.156965818488454367e+00
1.605910226633969540e+00
1.437674099569530961e+00
1.314011820814120712e+00
1.417841125168229688e+00
1.669934053673591379e+00
2.119546625799824557e+00
1.878340431453321857e+00
1.743107361283538825e+00
1.663320451861098670e+00
1.757569959927176129e+00
2.018303500666942085e+00
2.297618926711685106e+00
2.305999127140199167e+00
2.085650157339197897e+00
1.930251464511830939e+00
1.879870667906949899e+00
2.055173700183706487e+00
2.236053603627947695e+00
2.181679135244906309e+00
2.548178180981829577e+00
2.468340134562343025e+00
2.366569897053478311e+00
2.376344738603719975e+00
2.200476939728118086e+00
2.340531322415808191e+00
2.684452115130253169e+00
2.552309713744102648e+00
2.459495980023735928e+00
2.438865331711919548e+00
2.982256563607779132e+00
2.775406787654481899e+00
2.739641780474091792e+00
2.522508645863447363e+00
