2.499191252468647928e+00
3.097701088994695873e+00
1.182491996111559862e+00
5.806601494997479795e-01
8.193496791867560525e-01
2.686931222964328292e+00
1.819498412052282132e+00
3.338795398179262630e+00
1.164799377059133167e+00
2.055401293153361397e+00
1.733986900173303258e+00
2.043341741853983429e+00
3.627287645183732590e+00
1.492861487105141105e+00
7.842492633262755364e-01
2.557859036668122865e+00
2.200645778757002180e+00
3.156387638583871169e+00
4.462335515868561586e+00
1.727674184536718505e+00
1.640379203607324143e+00
4.571924115629087737e+00
2.691393603785070088e+00
2.641999128208403658e+00
3.046807828631087123e+00
3.382326726641363912e+00
3.865915637515019654e+00
3.031966088554193917e+00
1.358455857397851352e+00
4.406960705493642827e+00
2.534839285929213037e+00
3.530993513628513103e+00
2.107619039151341855e+00
1.577886889464025222e+00
1.144601364645833064e+00
1.715244846360543862e+00
2.084950749944166848e+00
4.999596671024437167e-01
1.053664863215044711e+00
4.937177190309791075e-01
1.135093600163591399e+00
