1.522873093828974289e+00
1.893638762422318544e+00
2.166093450581449087e+00
2.735601212284370920e+00
7.925442880481909924e-01
3.123231350802634587e+00
1.167032282512729058e+00
2.511670618609707084e+00
1.452776485765863823e+00
2.395299694790478107e+00
1.879956986337339986e+00
2.090420992176939219e+00
3.483885781753021327e+00
8.391695152875200403e-01
1.454903896134765562e+00
2.645104608178757921e+00
2.667282647063399015e+00
3.050642688715022199e+00
5.169535197047118835e+00
1.478779894284034224e+00
3.757169663481415789e+00
2.100682135270012463e+00
2.838116920490740380e+00
2.941898421903534455e+00
3.852034620446247448e+00
4.256289199141114032e+00
5.648175609143642362e+00
1.046501456150559228e+00
1.656227956723054673e+00
2.252508194428914479e+00
2.435195555153854663e+00
3.117777392372578671e+00
3.365329407523709904e+00
3.488797849645296711e+00
5.929822146764472945e-01
1.303108821508125459e+00
2.257146875956831167e+00
4.501718262705207696e-01
9.714150077488516999e-01
3.838082246259493790e-01
9.843173018363693405e-01
