0.000000000000000000e+00
6.402308878690500249e-01
1.179543639158746826e+00
0.000000000000000000e+00
1.409539350342079000e+00
1.498382096723300361e+00
1.617792379809979586e+00
1.887164904043213687e+00
2.032751749958466636e+00
1.937649629714482291e+00
2.007175568494906415e+00
2.062321645474096687e+00
2.197297147127687200e+00
2.538671027291556026e+00
2.326523022041837585e+00
2.228775013166242491e+00
2.222021792664591988e+00
2.261687926782231628e+00
2.434142845986456472e+00
2.686209552487262009e+00
2.700475324904776819e+00
2.492019001113367160e+00
2.381572785213738275e+00
2.342717364180580741e+00
2.468949632862710963e+00
2.647574519917367475e+00
2.593423676638029640e+00
3.110338633359056359e+00
3.086410332157938363e+00
2.829032970991967044e+00
2.853009577928430129e+00
2.606141100360753970e+00
2.798300928433672397e+00
3.515976483079028547e+00
3.360987365493893098e+00
3.092753760298385668e+00
3.029484858319468454e+00
3.813759706824698448e+00
3.603946883841810944e+00
3.552930300789207685e+00
3.311976385500400522e+00
