-1.337604202664127752e-16
3.793456704902082866e-01
7.484680915156809444e-01
0.000000000000000000e+00
7.962796418133218923e-01
7.570006574347004635e-01
9.012269093890482585e-01
1.064473224546985675e+00
1.474506941648330516e+00
1.322871765147840106e+00
1.159632121093661539e+00
1.140878236366108078e+00
1.253164963101342844e+00
2.018247033542628799e+00
1.710773396435113280e+00
1.473655600921126796e+00
1.322674527501066954e+00
1.317045821749738499e+00
1.551885142341973944e+00
2.348272946245533177e+00
2.149579747956058107e+00
1.741253063071855456e+00
1.528786017127191643e+00
1.425877420831177078e+00
1.603711974539654195e+00
1.957626398812685187e+00
1.863317057956656697e+00
2.788282110194834740e+00
2.748301533092904592e+00
2.245570261345335439e+00
2.359677548634637745e+00
1.835344355152464191e+00
2.283559733962101213e+00
3.491234327310150931e+00
3.136989754230981919e+00
2.758852136466421801e+00
2.671577255076172275e+00
3.721916707263981383e+00
3.436882066862986029e+00
3.356533168433492254e+00
3.048538372296880183e+00
