3.825739930727909410e+00
1.344257697270145213e+00
2.796388213147652735e+00
1.584145172280966518e+00
1.471321812716895217e+00
1.389094898883464158e+00
2.322073023330465169e+00
4.492781678901083708e+00
1.181515766690344416e+00
1.196193423721975568e+00
2.398198424995871658e+00
3.786877819128935396e+00
5.567101905079861801e+00
1.969296462104264567e+00
9.324654136086409917e-01
2.111903077315731458e+00
3.852906428660567872e+00
5.457933862606847875e+00
9.417120323464752474e+00
1.169516294756493657e+00
6.954970404762533809e-01
1.914027178808756169e+00
3.989427433991607153e+00
5.292741264217861286e+00
7.380476474517502439e+00
8.687203086487192749e+00
1.064995313162729396e+01
1.089509550117164771e+00
1.878330718584192649e+00
3.074899123819468727e+00
5.725465035031392702e+00
5.753619078748316795e+00
6.826552217788649735e+00
1.305517587206873831e+00
1.446148247467988757e+00
3.064458369132479376e+00
4.237596527915128419e+00
6.087413644257499978e-01
6.743851271815536341e-01
9.716950875981080760e-01
8.597659687033986087e-01
