2.260983050621466539e+00
1.830026353275807427e+00
1.487231986064904143e+00
1.786616306879711180e+00
1.838509928226583323e+00
2.314516730644115672e+00
3.202447256774739071e+00
1.774151090065497538e+00
9.848806658908594303e-01
7.348624659509923607e-01
3.674531987944621214e+00
2.333145627065911221e+00
3.144034117255281036e+00
1.429357618284512466e+00
1.259906334757655566e+00
2.801368267622122321e+00
3.018128062944369638e+00
3.090325923175833545e+00
4.875717670544133853e+00
1.559971966186922687e+00
1.848336012814619123e+00
3.778562889606694064e+00
2.948366261345543471e+00
2.909101864153952111e+00
3.583088449041929913e+00
4.125760208847471411e+00
5.548430938479222085e+00
1.975402521677025014e+00
1.254812786140390823e+00
2.833212665422743637e+00
2.927065654326234334e+00
3.484754900412839085e+00
3.725899218216545794e+00
2.008558645399085130e+00
1.661592290512237335e+00
1.835551512770992710e+00
3.449397784273850132e+00
7.477667638366257696e-01
1.813669181647602491e-01
9.082989036203734101e-02
8.495454364731185315e-01
