3.276049114721946959e-16
2.657758360892504834e-01
4.499545262765236586e-01
-2.091578004396563979e-16
4.768215460845970921e-01
5.404180034168283298e-01
6.258696032570126855e-01
8.256487947527484383e-01
8.542569127301251619e-01
8.052274101252490102e-01
8.192226686365892130e-01
8.649146677036840813e-01
9.701728736743283621e-01
1.474105419184851495e+00
1.136198571756396491e+00
9.744256947252923906e-01
9.406758073211828330e-01
9.881765932829272847e-01
1.135792438691413997e+00
1.618882261088516961e+00
1.573554110488153857e+00
1.333540640149282641e+00
1.089058001265888365e+00
1.041594478541155500e+00
1.163987445907463503e+00
1.388765308116024055e+00
1.321635985784959333e+00
1.921802356145344559e+00
1.946223809685825978e+00
1.703101863162763685e+00
1.691357093845203607e+00
1.338728644321435679e+00
1.605604958078223232e+00
2.355172322724085276e+00
2.208054603595241527e+00
1.990431530410806671e+00
1.945804357572622267e+00
2.734144324451502683e+00
2.461307697645089387e+00
2.384041368749619583e+00
2.172353016513962398e+00
