-1.837775829682297381e-16
5.405109767065946480e-01
1.034184528476184806e+00
0.000000000000000000e+00
1.114176588902422660e+00
1.170933539548954405e+00
1.314227116713986288e+00
1.513292765837569442e+00
1.482056621406254049e+00
1.426321440526536311e+00
1.474462243354975222e+00
1.592503539949924107e+00
1.714033883073332820e+00
1.871661624122768597e+00
1.664444317272674834e+00
1.594761465846962656e+00
1.646958032570601027e+00
1.731747651949870237e+00
1.849648710369866222e+00
2.216848944219600881e+00
2.096348389324505401e+00
1.824918018655428797e+00
1.756432275164686585e+00
1.767532315192399839e+00
1.855227709051364027e+00
1.992622445245065599e+00
1.957795425055029126e+00
2.572557463779885811e+00
2.479894059121805938e+00
2.141049948203842312e+00
2.167365304543499516e+00
1.931140303417909765e+00
2.124487989889380479e+00
3.083913774295780730e+00
2.805506592009082922e+00
2.453444419295336409e+00
2.372230814661977050e+00
3.470083312477409532e+00
3.146322489506311104e+00
3.055011498298393580e+00
2.726535330077495267e+00
