8.363299843627439874e-17
2.393216368517345205e-01
4.415440514250510984e-01
0.000000000000000000e+00
7.146462819772971820e-01
7.019413093245896462e-01
6.694712342431539120e-01
8.314462929155331805e-01
1.565497286012121680e+00
1.376334080403125881e+00
1.054271190838330652e+00
1.001502489564164655e+00
1.277739523478787165e+00
1.961893447569612814e+00
1.900345903752808763e+00
1.815359588912521138e+00
1.435107998209426361e+00
1.470346917974868939e+00
2.058747256388411273e+00
2.326980219514893200e+00
2.697682510407252376e+00
2.333133639508929935e+00
1.969814682870471678e+00
1.765232990233233767e+00
2.208579562546257868e+00
2.764656833146259984e+00
2.587223501777584644e+00
3.429330389019205505e+00
3.539817135464175202e+00
3.131057862410486781e+00
3.257442046838981753e+00
2.679020944434364893e+00
3.151571716355731745e+00
4.120858396297880866e+00
3.916496400608892259e+00
3.593490448463610321e+00
3.536268488701701518e+00
4.414676742127185527e+00
4.183058254222181915e+00
4.130539017203393115e+00
3.850661515738069696e+00
