1.944592509043931328e+00
2.144157088427786739e+00
1.998558821416800413e+00
2.010053963353159112e+00
6.220677879206778504e-01
1.889701271280816552e+00
4.830871540906001016e+00
3.493341621071425873e+00
9.199520841839079477e-01
1.103459982435992082e+00
1.496800721386126298e+00
3.866370858253612486e+00
6.868653728954303261e+00
3.349429905005467112e-01
2.077966129147751140e+00
1.108303934896951226e+00
3.027579860101536013e+00
5.622351406568996346e+00
9.004878919191009246e+00
5.213980211098694362e-01
2.065627978865652192e+00
2.681622802344952650e+00
2.587447203104226823e+00
4.527441991709791225e+00
5.330341319196036487e+00
6.473595567405992846e+00
9.463020879744599156e+00
7.262093075945373899e-01
3.143946662639084177e+00
2.670707649123153171e+00
3.677617339136599384e+00
4.212253177429418294e+00
6.076179436575039894e+00
4.860714198562755550e-01
6.088133240607815910e-01
1.176436306506607465e+00
4.690589945516181025e+00
1.155459653162010492e+00
1.300755608308700184e+00
7.792656921744560428e-02
4.403980278673737203e+00
