-0.000000000000000000e+00
4.181880236707766763e-01
7.072638300124172162e-01
0.000000000000000000e+00
8.004794043634257950e-01
8.335859212309131294e-01
9.609938429533340098e-01
1.198814148441836869e+00
1.419356603887454105e+00
1.263250875647642824e+00
1.224804531286604492e+00
1.302574816680538872e+00
1.456926372788790891e+00
1.885843797294418644e+00
1.636651518775015468e+00
1.475244086167899260e+00
1.432156515330009761e+00
1.506283931337583537e+00
1.734861349151257448e+00
2.097654546755908456e+00
2.101820275808700345e+00
1.750520746581133880e+00
1.614222605745318617e+00
1.590898298930745192e+00
1.766474093218997510e+00
2.060634702193110623e+00
1.979330935372918265e+00
2.908652571598078662e+00
2.990864373516021413e+00
2.330465518008477233e+00
2.425108842351300087e+00
1.946389429486827582e+00
2.335553659772079182e+00
4.046929684271936445e+00
3.765383668978747433e+00
3.011807193601527821e+00
2.832952307337232245e+00
4.381172476710157859e+00
4.088568847016150087e+00
4.026634801550642351e+00
3.669959952781431500e+00
