3.069347127969124678e+00
2.110862080311718625e+00
1.455306791908248520e+00
1.120579469304467946e+00
1.333636627668526309e+00
2.545081349316952846e+00
1.855616490355667558e+00
5.124399889828233690e+00
1.201976017398380892e+00
1.960011237841313703e+00
1.303234993385323337e+00
2.627893935460712260e+00
6.539960011686365426e+00
6.531177443563650487e-01
2.128130574296617006e+00
9.849593057931693707e-01
1.576561457348074846e+00
4.660500505414109540e+00
9.612773055455097193e+00
1.623275710685562645e+00
1.863064385639192411e+00
1.407635894753403560e+00
1.549362710610974858e+00
3.232605311313613061e+00
4.651670930177726149e+00
6.401155568513691385e+00
1.135901230998844014e+01
1.448366490743119739e+00
3.406982876346009714e+00
1.790007155404913286e+00
3.285728796817301234e+00
2.720503297026670708e+00
6.070525069697203513e+00
9.563992825683195198e-01
1.072106065274945008e+00
1.924717648236406342e+00
3.189930573107729206e+00
6.306383625837376217e-01
1.104438399278849792e+00
5.064492264726400128e-01
1.037515625947657449e+00
