-0.000000000000000000e+00
4.516385793182859376e-01
9.001105413864537441e-01
0.000000000000000000e+00
1.036738135354515755e+00
1.081987609170865561e+00
1.173036102292239535e+00
1.374611103666553147e+00
1.459323848244378663e+00
1.382537524407902119e+00
1.406902511900544051e+00
1.463456775714276459e+00
1.577792694806797957e+00
1.897882024748654972e+00
1.685797404390276810e+00
1.594403676759399646e+00
1.577628822473580383e+00
1.619907193612620366e+00
1.780100613827709122e+00
2.136875079126982158e+00
2.161716828020270764e+00
1.907012545255730940e+00
1.743112902692637745e+00
1.691612554938620283e+00
1.816730870436166656e+00
2.009909608866794262e+00
1.948839925028403419e+00
2.580697508854561839e+00
2.560290891788006729e+00
2.262023356079052583e+00
2.252704019323489515e+00
1.975939709248036191e+00
2.178563508104660595e+00
2.934676852488118382e+00
2.822696623821641548e+00
2.537447672124543363e+00
2.457651971077010611e+00
3.241456877031955841e+00
3.060191020888365365e+00
3.023252780174610521e+00
2.762561420584914273e+00
