1.727673929808017200e-16
4.753654319982931753e-01
9.700164960847770246e-01
0.000000000000000000e+00
1.037983891611049980e+00
1.120473688282927816e+00
1.355614848714553400e+00
1.827673724010741019e+00
1.887096540950077284e+00
1.807740128880044983e+00
1.918144002109835489e+00
2.133173865893189358e+00
2.280315411005283899e+00
2.319419585503268433e+00
2.211475267006244305e+00
2.225417444489449448e+00
2.266612489695688293e+00
2.329073265405714910e+00
2.430675292264630638e+00
2.530087802903135952e+00
2.506451286530734901e+00
2.393544232829392548e+00
2.370177398450335371e+00
2.374479403792066456e+00
2.437285253564184906e+00
2.520792544212473452e+00
2.497920547139496072e+00
2.887418934080264954e+00
2.815522834921731388e+00
2.579599910960439058e+00
2.624068264421445029e+00
2.479226859133291327e+00
2.598713105628747133e+00
3.694908550993467156e+00
3.289365196810271730e+00
2.831141233799979506e+00
2.775118293285298243e+00
3.797285383323186547e+00
3.577049105925237615e+00
3.535019989738532153e+00
3.154368659182472445e+00
