-5.181962872173567678e-17
1.751948612199607236e-01
4.588877591831464486e-01
-1.935148484455721943e-16
3.706412761455718519e-01
4.140348824198548661e-01
6.310709501873932314e-01
1.022094967243582619e+00
1.013698522323210893e+00
8.533757676673472403e-01
1.089256013791745303e+00
1.142333343732292672e+00
1.319351774467564464e+00
1.735759360449422140e+00
1.602718427346981223e+00
1.457837453709643682e+00
1.372896696704957398e+00
1.399891243795203355e+00
1.659682813926942613e+00
2.150047085677862846e+00
2.171313849516702810e+00
1.847102109653911528e+00
1.631125617146567564e+00
1.528294858778462828e+00
1.721079427245723936e+00
2.006817764923646941e+00
1.921734271139940331e+00
2.620980361549747784e+00
2.610818482852449662e+00
2.291243376459163983e+00
2.303228129018099146e+00
1.951800427103025370e+00
2.235140436142771581e+00
2.985666649937103845e+00
2.875679193418590796e+00
2.581591625122745981e+00
2.507545852569758704e+00
3.294669005395461259e+00
3.085065773474929607e+00
3.053454750675681062e+00
2.827991787975872029e+00
