1.108141513629098458e-16
3.115815884499494870e-01
5.870949731962915585e-01
0.000000000000000000e+00
5.788091570252599238e-01
6.735629969386367488e-01
7.337737496189952191e-01
9.260975626760713508e-01
9.724085186109642232e-01
8.913992535287931229e-01
9.229476299208673185e-01
9.944369579386641567e-01
1.083114087389983826e+00
1.399641702986309966e+00
1.132111492440785572e+00
1.021254090324252406e+00
1.043895699936901789e+00
1.097022329229862203e+00
1.189453262947476775e+00
1.558684745692305640e+00
1.487658157680890270e+00
1.180955232517095554e+00
1.118517976684021864e+00
1.124692823704838363e+00
1.194985557823541544e+00
1.322711444161506655e+00
1.288225422089774863e+00
2.123657598108034339e+00
1.981282829493367093e+00
1.513198752064516484e+00
1.512019918831580156e+00
1.267344570407982429e+00
1.453824469745391923e+00
2.557183107265309285e+00
2.365444970431409111e+00
1.881800673630607879e+00
1.751124554750891349e+00
2.841815324132397791e+00
2.647026766489397165e+00
2.588574354828239610e+00
2.245526265314752301e+00
