1.606123159920503696e+00
1.179590736594843259e+00
3.581697465025440952e+00
2.870661480806924182e+00
2.562641996836202196e+00
1.211424171195324417e+00
1.233081909903335438e+00
2.772081705731878731e+00
2.818790883917162038e+00
1.503032575631713330e+00
1.676853183913962653e+00
2.529752268732528009e+00
4.934409916957258169e+00
1.289565453161030995e+00
7.877329353994776406e-01
1.943235348133025342e+00
2.231490639291835887e+00
3.775221739424988066e+00
7.226610920912210467e+00
3.189952269599273915e+00
1.886889647685762839e+00
1.878944107581280054e+00
2.450972159464604783e+00
3.316015839946136357e+00
4.616963412462718352e+00
6.107353673301099128e+00
8.379439414381495865e+00
1.517617354598496116e+00
2.438070356259614435e+00
1.627629399752231976e+00
3.580365814697175519e+00
3.174392217878498901e+00
5.256108774858025967e+00
1.000876172048319246e+00
9.231064724053241743e-01
2.453962436664504310e+00
4.152561412611136760e+00
1.525238776585075229e+00
5.937008852255312163e-01
7.945996848044085681e-01
1.059772638741333317e+00
