-2.067889400705581818e-16
2.484627215404252576e-01
3.952579852109138203e-01
4.596697599984490394e-17
5.347126142699087925e-01
5.808413395183303907e-01
5.477233553258501475e-01
9.876846965835125447e-01
9.639453744286351489e-01
9.314448246948577870e-01
1.047627501698766839e+00
1.159934469865625539e+00
1.505931501100570058e+00
1.672563697291623352e+00
1.342683265035130802e+00
1.289627435576281123e+00
1.442171493639432533e+00
1.594177003504623436e+00
1.955148350266755264e+00
2.009638810816766430e+00
2.203968278098644262e+00
1.834052944095318161e+00
1.747959120174440883e+00
1.741872110358000825e+00
1.983773123440686792e+00
2.253073651963400703e+00
2.191887623233119697e+00
2.746286774421870192e+00
2.727534695171978107e+00
2.401943760529889449e+00
2.462385622539057906e+00
2.146856937741770999e+00
2.427321526311783551e+00
3.343563231241106770e+00
3.061494590192302745e+00
2.678555054833278160e+00
2.616490471629092873e+00
3.580140076448822484e+00
3.339460722395326542e+00
3.303271133958944894e+00
2.936610900352969900e+00
