-0.000000000000000000e+00
4.175746578722575042e-01
6.397576934911011204e-01
0.000000000000000000e+00
8.318347749573998806e-01
9.069527309579300534e-01
8.559553378129372003e-01
1.001144142078814303e+00
1.467187019823373406e+00
1.327078058035093822e+00
1.278735804421099465e+00
1.226845937529877251e+00
1.378158683493544201e+00
1.825311672246808792e+00
1.607761860492051387e+00
1.542172072931595084e+00
1.495427826319471354e+00
1.479736332931859799e+00
1.683693938715308702e+00
1.899268542130008397e+00
1.860513727125582717e+00
1.704306120408725089e+00
1.649956026285532396e+00
1.596015247740263376e+00
1.722751934225961179e+00
1.905331607900021984e+00
1.850808264386618385e+00
2.424569064813663299e+00
2.423175428359942263e+00
2.019548017769614567e+00
2.114855589595949326e+00
1.836065810649246455e+00
2.071356275356206922e+00
3.238598242240629865e+00
2.906471356922064597e+00
2.461374297377590281e+00
2.389965196348851073e+00
3.713810646992901088e+00
3.308985752770553734e+00
3.196147558845279679e+00
2.816809302336374721e+00
