1.529643444564381394e+00
2.570646360942224540e+00
1.939529403902554572e+00
1.211119966270956638e+00
2.151057935938951893e+00
1.468288014887638715e+00
1.492912682215725040e+00
2.266102256445925001e+00
1.082396560826543785e+00
1.549625274994125279e+00
4.429509626237170039e+00
1.887307119357114260e+00
2.087686401684315296e+00
8.880541710055435134e-01
1.249803227018104979e+00
3.846241947143828277e+00
2.071969539192530796e+00
2.215369419663567374e+00
3.590068523177611937e+00
6.890262502733430772e-01
4.107049676444531450e+00
2.651774871837495162e+00
2.564386973780129697e+00
1.880192821517765234e+00
2.436674252239934280e+00
2.617650321726697982e+00
3.913413905270390902e+00
1.240544742586643157e+00
2.696986967310488037e+00
2.320772179167497118e+00
1.657838768453755884e+00
2.026608404755982917e+00
1.996742136431478354e+00
5.509664780090872682e-01
2.182709095323247972e+00
1.951589005241708419e+00
1.769817084560210807e+00
4.581170226044322114e-01
1.176142781725761921e-01
5.483054186426363774e-01
6.032452521656310740e-01
