1.693220984817943808e+00
1.641890770488088513e+00
2.528240331391879980e+00
2.094160470747025826e+00
1.912622980464541156e+00
2.487821343362660365e+00
2.399800880002781689e+00
2.646035000392714220e+00
3.388096671165070184e+00
8.125978773216493423e-01
9.302002739074617388e-01
3.341869866264322475e+00
6.823722588349977691e+00
1.414285541342214181e+00
1.181590384273112582e+00
7.194121551913040813e-01
2.039800895075628784e+00
5.379206980461065157e+00
1.022338723383290571e+01
1.250123206468163772e+00
2.756433254232621088e+00
1.457330620202411664e+00
1.864630606425899284e+00
4.424536874330411429e+00
5.755073175452760204e+00
8.767796220760523340e+00
1.114290231840470469e+01
1.719473105735145335e+00
1.092841036014635669e+00
1.125248751335921504e+00
6.015647389561362246e+00
3.170994820696648731e+00
7.146676118829729418e+00
7.929647182771166758e-01
1.467808342001659216e+00
3.379111177455591974e+00
5.182542034608934145e+00
1.424927529147639982e+00
2.277820372335728760e-01
5.494063616646249759e-01
1.563585669515706433e+00
