4.271986626651808806e-16
5.859307556570070297e-01
7.765288351190270388e-01
0.000000000000000000e+00
1.111916866569819140e+00
1.000662983614417634e+00
9.378588851996857434e-01
1.064700408018098621e+00
1.476866629938117681e+00
1.360680593844938668e+00
1.157834114588283558e+00
1.178764550978523840e+00
1.334275669212780624e+00
1.817534017184951889e+00
1.652195274638112998e+00
1.458603561843100582e+00
1.359532962048982885e+00
1.411868782845794312e+00
1.688935571164169813e+00
2.201543946731109092e+00
2.273183582750001097e+00
1.809912632350796802e+00
1.599307167576179411e+00
1.531602726665267866e+00
1.740822343967306285e+00
2.060461186210550188e+00
1.968524475583537825e+00
2.804772430991269605e+00
2.760802904099210142e+00
2.382967762870553230e+00
2.404889939990334291e+00
1.972697581053090010e+00
2.314787216299566186e+00
3.293106033828940848e+00
3.084357928098813151e+00
2.735148799503452910e+00
2.642933294150958456e+00
3.618258193928187261e+00
3.365041262955863921e+00
3.313652759375007140e+00
3.012441813241220068e+00
