1.094355762374126018e+00
1.238064988896523611e+00
1.978565337715845418e+00
3.835308949719900884e+00
1.367790947728080519e+00
2.561919734541467708e+00
2.029143179781289774e+00
1.135111517196023767e+00
5.130576042210908128e-01
2.615735487968325668e+00
3.045712091588469672e+00
1.817067646634393352e+00
2.022624850861249879e+00
1.091589885789761016e+00
1.852135277116269796e+00
3.580205804853128448e+00
2.436671507415844484e+00
2.213169555540857036e+00
3.193160683219512741e+00
1.035466555042317438e+00
1.626968381262464458e+00
3.504903657143926488e+00
3.064253850968210902e+00
2.290379209758004020e+00
3.031605514353789221e+00
2.829555276197094127e+00
2.953385189174976944e+00
2.200330040781119489e+00
2.068275149760039344e+00
4.612804879152328397e+00
2.452797314011807117e+00
3.888319763496921766e+00
1.486586788365876322e+00
1.496922211774844635e+00
1.411142575271950417e+00
2.400164267274708774e+00
9.513369510138707241e-01
8.904495674771506497e-01
2.919035543255550924e-01
4.481371611196527383e-01
3.844041834205674801e-01
