2.315559052084380287e+00
1.833990169160110373e+00
2.661286488054603439e+00
1.568896937825819515e+00
1.402250590437715827e+00
1.760100924476545092e+00
3.073837386627711776e+00
3.287470014882651892e+00
2.083737653259558176e+00
1.263076541081032733e+00
1.896357636510216382e+00
2.996048596201600578e+00
4.326378317811198748e+00
1.035184026812835389e+00
1.049993868781127659e+00
1.404466076966219168e+00
2.723589529114659680e+00
4.000345435089910140e+00
5.808948412896102198e+00
1.261941636340652817e+00
3.192998360244303502e+00
2.759915129449124205e+00
2.884430693550067204e+00
3.449544003381336932e+00
3.893488307064040033e+00
3.946631172990592074e+00
5.674988403649710911e+00
1.448667873757203850e+00
1.658047703500626913e+00
3.058026819346658431e+00
2.181106120420055916e+00
3.326381552773816086e+00
2.866731385630461926e+00
2.629697743283295086e+00
8.252326574857061781e-01
1.412768880224495760e+00
1.935842637936923127e+00
6.963072470366767908e-01
7.484429991544002680e-01
1.462510465255204839e-01
1.767692783209134477e+00
