1.910921742700028236e+00
3.141858043002091261e+00
1.030207165478064679e+00
1.175331984036448230e+00
6.317581978411728194e-01
1.297446413725520387e+00
2.593491812211293546e+00
4.474574100653765818e+00
1.189508072954914342e+00
2.945234330659011412e+00
9.630535008334335512e-01
3.289457502765292585e+00
6.339322056689319140e+00
5.730175823526549861e-01
1.983545470182225934e+00
8.209396294342524714e-01
1.448605772316250651e+00
5.255158474535853053e+00
9.828466908132854840e+00
1.843238226967026216e+00
1.700106714948104614e+00
1.329201373218749982e+00
1.593828506848544269e+00
3.669580513798945898e+00
5.307332679012980670e+00
7.142746856230969499e+00
1.048447296297929476e+01
8.988328128753211299e-01
2.000390342122619014e+00
2.626223145632617051e+00
4.602286459734212798e+00
3.265929629222268371e+00
4.731959049384662386e+00
4.967778456354389749e-01
1.923360833270125747e+00
4.884572299968614750e+00
1.595287720001004272e+00
8.271496735312786619e-01
4.155419875935218998e-01
1.413930150846543221e-01
5.694754568535651540e-01
