1.754981281313353847e+00
2.473572353322394779e+00
3.483916146788653467e+00
1.330132689428652482e+00
8.432299885617048352e-01
2.075842380571680135e+00
1.758530504514043136e+00
3.376222603010118561e+00
1.469487993953132010e+00
1.480969569822547349e+00
2.406045266656331005e+00
2.654135270965273463e+00
3.531105919477814492e+00
1.303213838807807612e+00
1.041269233910333103e+00
2.345031191415442251e+00
2.618817194471916743e+00
3.143723108299822488e+00
4.694688879057498987e+00
7.481170045255144396e-01
3.616791999432202864e+00
2.979773595307440903e+00
2.743063684539178482e+00
2.665167362223143765e+00
3.005737792281621523e+00
3.281743205831872956e+00
4.559328321306655774e+00
2.466929462623649982e+00
2.155803723617738754e+00
2.103595504562486784e+00
1.966162156119750648e+00
2.583813393984654372e+00
2.240261537249707224e+00
1.574442493031331214e+00
5.495097833720254954e-01
1.883929199971855484e+00
2.188692562273490516e+00
1.021259732481069271e+00
8.983757439794340938e-01
6.140178225821000257e-01
1.904196027731919649e+00
