2.596989851225816714e+00
5.668736275819695747e-01
3.179709898057317741e+00
3.004021504062730497e+00
2.111968644951601970e+00
2.069761589380246125e+00
2.069021191633170886e+00
4.015003459049676593e+00
2.804346888750609335e+00
4.889458376769457715e-01
2.360933337254950359e+00
3.161436070173290425e+00
3.601952869391748191e+00
7.709594232999026353e-01
1.407077618676342068e+00
1.205767607121476237e+00
3.317964043267863872e+00
3.857196058610887324e+00
5.361951060896521959e+00
1.459434405948254021e+00
1.873254596872151012e+00
2.657446458967104075e+00
3.411811675320372661e+00
3.679938497763906469e+00
4.259646801295800422e+00
3.939889237230861596e+00
4.856669086223921461e+00
2.489770888571083862e+00
1.382887967391303707e+00
3.992558118658574795e+00
2.574941211855675149e+00
4.150446944473712207e+00
2.149041673285912335e+00
2.033898392537766497e+00
1.346274098589413715e+00
1.917911507767678048e+00
1.104608977380177715e+00
2.412114382345432184e-01
1.032399345928018519e+00
4.657911472625890781e-01
5.512081993823708670e-01
