3.596217290720165206e-16
5.046690600684977657e-01
7.186212178994961786e-01
0.000000000000000000e+00
7.867863729285560215e-01
9.186065694571348139e-01
9.800783642837729293e-01
1.041086666793905158e+00
1.279583872237756159e+00
1.136524234822686052e+00
1.141340688005455073e+00
1.191947036624456002e+00
1.306280469604442773e+00
2.001929347643217838e+00
1.550720804990993074e+00
1.290402487861162184e+00
1.273390940482195033e+00
1.365259269329202274e+00
1.579461144485656776e+00
2.083975401926601023e+00
1.951839104323159546e+00
1.590361057711787041e+00
1.448351665539160171e+00
1.438095353936496901e+00
1.610615501924403947e+00
1.870663357381407543e+00
1.793665825047113138e+00
2.736716389649464176e+00
2.744774441985880831e+00
2.112263396018417172e+00
2.207038124879126872e+00
1.772640661904949289e+00
2.123980707454285355e+00
3.973163066908329544e+00
3.633472907136471086e+00
2.816327897319168105e+00
2.694017602143169654e+00
4.438571951696101969e+00
4.012535899142355866e+00
3.923188572479538117e+00
3.532357793273448454e+00
