-0.000000000000000000e+00
2.775468735900429862e-01
4.944331899619515136e-01
0.000000000000000000e+00
6.163893060701099991e-01
6.721192762885128680e-01
7.692797246424731838e-01
9.395894580247704519e-01
1.256954533865800361e+00
1.031231014339388352e+00
9.719657473659605307e-01
1.041624203999455656e+00
1.214468467637444204e+00
1.978038563956355134e+00
1.626464177640786657e+00
1.278809152119110282e+00
1.176615726324580447e+00
1.272521966362501589e+00
1.596716029708685536e+00
2.114273644309588640e+00
2.183865712838084505e+00
1.775647092361745782e+00
1.456623546054190310e+00
1.387074694481821080e+00
1.652809522886509841e+00
2.108987161129570076e+00
1.986178612371433116e+00
2.767571185021099556e+00
2.956061602202745942e+00
2.489867561374186966e+00
2.605115141527973854e+00
1.963994140408080957e+00
2.512445591997677141e+00
3.487339691723049917e+00
3.300737868057836533e+00
3.033952360026956452e+00
2.955111437280485642e+00
3.698650927592572302e+00
3.492904129941615032e+00
3.447629212893500217e+00
3.261612826052205261e+00
