1.258135621281868621e+00
4.317657727331873474e+00
5.958773347845586210e-01
2.747395498872434172e-01
1.127256823659120721e+00
1.384140067340373648e+00
7.769165217492379760e-01
2.856503355745980244e+00
7.590258278723568397e-01
3.005111042154691603e+00
2.471840855445745166e+00
2.268083079152532378e+00
3.219135245288438973e+00
1.749463832810106423e+00
1.470691901917394295e+00
2.467628417028862930e+00
2.780958491171405811e+00
3.254172395221844649e+00
5.776907616617436680e+00
1.233587488889425376e+00
1.092278817720247153e+00
2.174001011127285832e+00
3.244189690405302251e+00
3.230670070551911355e+00
4.403286152560895950e+00
5.189576870520193452e+00
5.977383595305685304e+00
2.832683994720055498e+00
1.885055032139975717e+00
3.282867358764298693e+00
4.182434190108286209e+00
4.157566153698312839e+00
3.538843677103526097e+00
6.984049564152829959e-01
1.068565749981324586e+00
3.379862536051997601e+00
3.501179018525767184e+00
6.838530348820223148e-01
9.612631090369163633e-01
7.580495513046592304e-01
2.254363325665243334e+00
