2.707532854147508328e+00
1.460107393695435185e+00
2.131354941665931424e+00
1.977123875182688950e+00
1.519364052495589590e+00
2.523010007561890866e+00
1.923415448720130705e+00
3.803200450397924648e+00
1.314342465133373716e+00
1.720949947561221771e+00
1.942769394868592903e+00
3.080381923791540633e+00
6.126368056423783237e+00
6.830113532460587722e-01
2.113452974049354616e+00
1.103735622064370148e+00
2.635741021341334811e+00
5.187683876216946821e+00
1.005796909936665173e+01
1.328633073321680458e+00
1.708139678001182604e+00
1.224655671220821418e+00
2.194296766284865363e+00
4.386603957949146704e+00
5.978483004325684469e+00
8.050212685382813760e+00
1.204250676354591043e+01
1.919854420368784398e+00
1.963150489777697461e+00
1.664451854977688994e+00
4.610447516270427037e+00
3.338939192711319226e+00
7.341459247696202617e+00
1.107512046720033005e+00
1.389999405140794231e+00
2.783594795521834087e+00
3.872878084643251118e+00
9.997885812047800913e-01
5.096432033587376953e-01
3.918945062738519725e-01
7.070755851769701117e-01
