2.001837787256526280e+00
1.765119000868442756e+00
3.778920447163192531e+00
1.810032060809136256e+00
1.114742080093596321e+00
1.698740633839271874e+00
2.282518114085100525e+00
1.197454981426775866e+00
1.927059862671368418e+00
9.504913565225574512e-01
4.571075356303115456e+00
2.118679280856448521e+00
2.020476914314798034e+00
1.450009149970380662e+00
4.163322747371075994e-01
4.612778188700035642e+00
2.928773047567719612e+00
2.358922088050028343e+00
3.444155566841539784e+00
2.029768314309128296e+00
1.014781227003159980e+00
3.742349381892874582e+00
3.443753068663051309e+00
2.462393150656539298e+00
3.623899360681401394e+00
3.068995476094419583e+00
3.824423111468905123e+00
2.641731755571920637e+00
3.040540788636364233e+00
2.662560023703580026e+00
2.007448188320601012e+00
3.730203795661342081e+00
1.932632513210341019e+00
4.267370702505626778e-01
1.357702488113455175e+00
2.258484365875732536e+00
1.254794649699462639e+00
5.858319560240479174e-01
1.643220053978562634e+00
1.030131303190414543e-02
1.151073468828197388e+00
