2.355669222625543568e+00
1.532615183290579663e+00
3.040184020184300007e+00
1.847158197121381518e+00
1.379230651130356478e+00
3.419981830641084741e+00
1.152814387345305835e+00
2.898006296803604886e+00
1.976611015020365070e+00
1.278910535233514834e+00
2.015780796399430752e+00
1.811990240146995612e+00
3.011913278372979619e+00
1.600188106393186427e+00
8.430050822219073980e-01
3.530029976197945896e+00
2.400696396768653873e+00
2.438689695146303738e+00
3.892449808434264913e+00
1.296894239681936067e+00
2.412632495866065430e+00
4.027046778620713141e+00
2.692191880978592966e+00
2.038555586608912673e+00
2.783486959520072634e+00
2.954502565571887285e+00
3.973483288090156496e+00
2.219183195575139322e+00
1.929171700206091300e+00
2.927193392323764076e+00
2.031535768413616605e+00
2.924781861654478288e+00
2.365087734572123068e+00
1.587580733921466258e+00
1.737597761667093899e+00
1.712520020992275072e+00
1.811387683514888547e+00
3.412467334207776593e-01
2.122839423814104343e-01
9.244558387282947320e-01
5.264193611738924305e-01
