-0.000000000000000000e+00
4.946872292390619985e-01
7.324491851105915385e-01
0.000000000000000000e+00
8.735885002805707789e-01
8.756948970037475855e-01
1.046637591286245783e+00
1.573949028012598284e+00
1.586792689493301989e+00
1.269482656458374326e+00
1.295343478656161285e+00
1.710094004322670891e+00
1.973075982038151599e+00
1.926757680455640775e+00
1.831223734096417699e+00
1.793803977373870095e+00
1.852476889336986954e+00
1.999524594914701137e+00
2.179893473947741800e+00
2.175994108357930834e+00
2.329589448005988661e+00
2.105166880819797193e+00
2.053275359286900414e+00
2.065340721477120667e+00
2.183545634332070495e+00
2.335994788121697141e+00
2.301510883118598194e+00
2.813559178740485667e+00
2.784506160893964299e+00
2.445776601325977406e+00
2.495013775321781591e+00
2.260861064070136095e+00
2.462279068923566516e+00
3.279579447306970597e+00
3.044511860223775290e+00
2.727135612954159516e+00
2.661531356945294302e+00
3.659432702222920941e+00
3.325552946124792797e+00
3.248627011190221126e+00
2.967898672847738784e+00
