2.192428247198641156e+00
1.252120652533258882e+00
3.651920028565044607e+00
1.942459008649071173e+00
1.534724067415991211e+00
3.209100431581668467e+00
2.503271248373822200e+00
2.845216694962628967e+00
9.988574016195300720e-01
9.962374477715107979e-01
1.105216549718085917e+00
3.451440437847286269e+00
4.441821028152094897e+00
4.275207628108444458e-01
1.910951170144270073e+00
1.716719002057455867e+00
2.885599221035313189e+00
4.190392206990484425e+00
6.387379425402686550e+00
2.715279479198202228e+00
2.106447794266313345e+00
2.022340596808565039e+00
2.347889054744806359e+00
3.477542850234091709e+00
4.132287763440098516e+00
4.284405485322714924e+00
6.675793272600678563e+00
2.410661786553328856e+00
2.725116918861813620e+00
1.566524591995546611e+00
2.032600789933848517e+00
2.965550462108302199e+00
3.291069731687521482e+00
1.601401480072901506e+00
4.376915704954947861e-01
1.130663535631127870e+00
1.566724181379285818e+00
9.192275223057000400e-01
1.581150023694396056e+00
6.209940982388991726e-01
1.585393618320125153e+00
