-0.000000000000000000e+00
4.980318984859246068e-01
8.734823516875158678e-01
0.000000000000000000e+00
8.019859791568071383e-01
9.726816761804639722e-01
1.053769105789323257e+00
1.162466247908179762e+00
1.323550744449995431e+00
1.167025812831730569e+00
1.162905780391720434e+00
1.214915902305196749e+00
1.288564002088187666e+00
1.933145460718884268e+00
1.462031869329629696e+00
1.248240527087192797e+00
1.252022183125691246e+00
1.302652073456815440e+00
1.399603866385020989e+00
2.062444643947014544e+00
1.732387704310567988e+00
1.405818074563272457e+00
1.325919043643521977e+00
1.330023008805812701e+00
1.407699175728567731e+00
1.542108246896698898e+00
1.505981704404426802e+00
2.150836847479923986e+00
2.009458118325550657e+00
1.727211029261607633e+00
1.719988230103738358e+00
1.490195608837839858e+00
1.672316704962583112e+00
2.515662628447827842e+00
2.294642834198295400e+00
1.969991137445815665e+00
1.887332822079229366e+00
2.905330506421954340e+00
2.627240214178778288e+00
2.559246738525599252e+00
2.220149634605290245e+00
