2.196587650666283142e+00
2.054057077978796553e+00
1.465689414864973950e+00
1.663140034124733324e+00
2.098045429166403242e+00
1.454516876855557639e+00
1.925364559262138675e+00
3.591151040227254398e+00
2.142867710015991634e+00
2.001674819400297789e+00
2.074533774212353521e+00
3.058250990600521746e+00
5.060959755427703044e+00
1.262186786341993328e+00
9.191521677545586577e-01
9.798987498746115632e-01
2.174287224431487697e+00
4.583511535895770095e+00
8.466690420724548360e+00
2.620533306458868505e+00
2.658006320850325732e+00
1.177969529555427997e+00
2.222341912622848525e+00
3.722998796929240850e+00
4.886118785057766978e+00
6.445521264333914147e+00
9.473807860180599505e+00
1.601556605133452660e+00
8.508796182005049502e-01
2.059762416095811677e+00
4.060013146133885087e+00
3.139801727428885858e+00
5.414899858127030896e+00
2.316153773129827176e+00
8.674352249249639435e-01
2.716195412864806258e+00
4.002464584163079486e+00
9.777948428770668610e-01
5.818426637014116887e-01
2.740846691974168636e-01
2.152603451266045020e+00
