2.969600983089112578e+00
1.717779330108371916e+00
1.008554018929752161e+00
2.187866445672509652e+00
1.386686350527756018e+00
2.137330968362650019e+00
2.178177567632261447e+00
1.400572072477073826e+00
2.444969949222236316e+00
1.191114853244953364e+00
4.103616044887520076e+00
1.899309109620201275e+00
2.504762463681798224e+00
1.521577550567460468e+00
7.523284419680416057e-01
2.386011573175541578e+00
3.026306133984790758e+00
2.665464798206387709e+00
4.153709804222043722e+00
2.285304612995720852e+00
1.154458980029206439e+00
3.284025737298915004e+00
3.569980522907119980e+00
2.969919569132460690e+00
3.662060052639194652e+00
4.347701010334755978e+00
4.352330519592806368e+00
2.931801282010793042e+00
1.010183645663458973e+00
3.400397509428140008e+00
3.768000721485095905e+00
4.330930408400699427e+00
2.877139675250373063e+00
1.775323437735940590e+00
5.686942192374928595e-01
3.233983342848519627e+00
4.384592291529504138e+00
1.153480930143263361e+00
6.933847033708637753e-01
5.017722499756384069e-01
2.100231903014287305e+00
