3.021934014807609703e+00
2.002042054583906161e+00
1.684914474925380379e+00
1.347820407643379736e+00
8.506772399069856272e-01
3.081190643600189016e+00
2.795594412853139588e+00
2.648100907090047418e+00
1.281600136726757988e+00
1.211746057952901134e+00
1.733730881268973567e+00
2.245092976185480094e+00
3.645453543909131788e+00
3.743329614006575823e-01
1.568781869556044484e+00
2.800354261772413977e+00
2.715083914016251931e+00
3.278150246508805488e+00
4.449024639904066269e+00
2.249414119530089184e+00
8.383767363305841824e-01
3.891227081889708117e+00
2.780331926879593851e+00
2.763534682787378571e+00
3.330547781464498591e+00
3.392767356161853431e+00
3.797861178798652482e+00
1.219132523256974743e+00
3.058336603766907302e+00
4.969763927564791572e+00
2.607397542967413884e+00
4.200922193179997599e+00
1.919262540817871177e+00
1.194245192982514858e+00
1.021525839491826071e+00
2.256347458960219043e+00
1.665231652864746392e+00
1.116618236645098072e+00
4.109722269731720945e-01
4.615205790499892768e-01
9.127316474795029722e-01
