2.264719266207659155e-16
3.892092267123504201e-01
5.121139888400149109e-01
0.000000000000000000e+00
7.988644940444084019e-01
7.379765382209947377e-01
8.246024865970511541e-01
1.150889327044822386e+00
1.149988197405472867e+00
9.824784339583304549e-01
9.947567161978008166e-01
1.293616194349756832e+00
1.484583042620328586e+00
1.614336445699751543e+00
1.335535283155134811e+00
1.298852252089351955e+00
1.403852271964163956e+00
1.519879716084796328e+00
1.659230969879293749e+00
1.758665894888951087e+00
1.751880422132342741e+00
1.588217262395904772e+00
1.563773772271948470e+00
1.575558295599744030e+00
1.668439615942236554e+00
1.774923991552434854e+00
1.746666435298404707e+00
2.244607776109388109e+00
2.138589862136631936e+00
1.857140230519904067e+00
1.893851641895890170e+00
1.727178739358598669e+00
1.865125679583958807e+00
2.827223454630288124e+00
2.521037086673020955e+00
2.106086560013897824e+00
2.042272877863359426e+00
3.260940096012876044e+00
2.892048964175649495e+00
2.814123436220346886e+00
2.424138496795784192e+00
