2.066145222653914981e+00
1.487401198678538039e+00
6.325529719500374348e+00
1.349966792574524010e+00
1.348400777882487800e+00
8.193277220719502596e-01
2.412914312085661983e+00
3.845600110362203061e+00
1.402405065063112133e+00
1.771802445452558938e+00
1.584517512865320388e+00
3.472589883894096729e+00
5.828858286251499266e+00
1.306309084963489298e+00
1.570592750796713233e+00
1.212529344986837287e+00
2.020774577823038154e+00
4.697228806593679806e+00
8.021308444210504263e+00
1.021630248844846989e+00
1.459134872563561780e+00
2.101544365919945534e+00
2.363227550794321008e+00
3.567789506676890987e+00
4.796583229477895394e+00
5.889411167585786089e+00
8.129219028767217026e+00
3.801800546820734539e+00
1.153839994044424833e+00
2.346144367131913100e+00
3.898584675725718984e+00
3.419771327404945716e+00
4.058247858794708840e+00
9.292406060744233809e-01
1.049409308431560328e+00
2.928170892671662084e+00
2.266846266962028178e+00
1.521744975799099509e+00
4.879577790885692434e-01
1.506444885793899735e-01
1.806225073184563934e+00
