3.164444719786064564e+00
1.366726618485560207e+00
1.131082092067233091e+00
1.999896854724517947e+00
1.275304942297900368e+00
4.481824134764118561e+00
1.452131010983928938e+00
4.716192178569923676e+00
1.428328540442481476e+00
9.187048571871107017e-01
1.506555721324076780e+00
2.622099781755540704e+00
5.872148381988570698e+00
6.914578872669783216e-01
2.356052349773300580e+00
1.461387161553422187e+00
2.367365297194258478e+00
4.196874975975307009e+00
8.755803933040152032e+00
1.450641238879876838e+00
1.345280696052261415e+00
1.448121213301755361e+00
1.837240846829183205e+00
3.507421471405338664e+00
4.836468735236650218e+00
6.829485926194309720e+00
9.376413357671809834e+00
1.704874144005705805e+00
1.255200320963851146e+00
3.015929986266403073e+00
5.030391579006946223e+00
3.684974546175716181e+00
5.645487485894448376e+00
1.181892480621717922e+00
1.453825894462328350e+00
4.349951999989553286e+00
5.917492864574989575e+00
5.394810307934782001e-01
3.589588728973019394e-01
8.611761216435743771e-01
1.214709555228767890e+00
