3.063516057214255017e+00
1.436951992846148274e+00
2.362292110836071934e+00
1.499382356152221707e+00
1.932169923779138987e+00
2.481751048065361065e+00
2.427293038964619676e+00
1.595293811501650616e+00
7.147234423224261279e-01
1.593649662903262154e+00
1.945902933328988116e+00
1.711379671317073248e+00
2.441947161372837627e+00
7.089314320878218334e-01
3.031791917761679223e+00
2.675073784615908945e+00
1.761388834381411250e+00
2.137534017313301060e+00
3.526871931224992096e+00
1.197111788502137175e+00
1.934532439827384875e+00
2.144246789477166182e+00
1.538882773217774780e+00
1.593823718905964526e+00
2.398936916823819931e+00
2.513133568593065803e+00
3.719762649459437132e+00
1.820378207035540985e+00
4.782466335924487666e+00
1.808009021395728277e+00
1.368341336158985788e+00
1.869480020425174693e+00
1.588539447922103331e+00
1.044546328233249666e+00
1.089015988951847369e+00
1.563533244936309519e+00
9.746957036195038615e-01
7.026655054117323385e-01
6.100112497127344602e-01
4.352031142395779706e-01
8.059828169833586076e-01
