1.571492919429972268e+00
2.231345262486067682e+00
4.034209719838079522e+00
1.437993439092714043e+00
1.042666681650769034e+00
2.934321332150939377e+00
9.815405732844368902e-01
2.104278695327193471e+00
1.746505803206352292e+00
1.976870763503628892e+00
1.829045670343329988e+00
2.146816296527275014e+00
2.907744754985692293e+00
1.052138625814117212e+00
1.246356567925416048e+00
2.117836029916531970e+00
2.413457932980538345e+00
2.522497079678647225e+00
3.227843198874383646e+00
8.493892070935438188e-01
2.573382828948609369e+00
3.768324998119761737e+00
3.056828178151041797e+00
2.516417848147557645e+00
2.651079505928597424e+00
1.983943225531657140e+00
2.429317030285174983e+00
2.603568828729593276e-01
6.344182014694507821e+00
3.428607283487846491e+00
9.367140905307032028e-01
3.022127690893945839e+00
8.097872994421960735e-01
4.304991920367247094e-01
7.219449122171127664e-01
2.110828371425393923e-01
4.491961832296998414e-01
9.619187482963975633e-01
1.335640554591273066e+00
2.026712532777640019e-01
9.777036221761523649e-01
