2.740910009987927332e+00
1.205145803671343163e+00
4.074387580618292759e+00
1.645067347606584462e+00
2.104236053667308148e+00
1.453959420030634497e+00
1.461485266473729228e+00
5.262260264294425838e+00
1.053342583299051727e+00
1.760192145367140970e+00
1.684928041116597441e+00
2.921701433604152243e+00
5.920103596381303568e+00
9.229819684888019848e-01
1.439141836788513373e+00
2.138054093756758700e+00
2.116098639412858251e+00
4.580603508518220401e+00
8.531146259418061817e+00
1.816886887272997519e+00
1.140261343097864088e+00
2.396665116568404308e+00
2.396637180771219455e+00
3.313682428132292301e+00
4.837017533217979448e+00
5.879856341409964493e+00
1.023679511925918639e+01
1.548126445832549880e+00
4.096297156520297023e+00
1.768431210899708006e+00
2.639490016865464028e+00
3.277742245229376739e+00
5.674917463399173911e+00
7.847617706860204878e-01
1.134253002526529830e+00
1.382267519912979026e+00
2.860469790391198863e+00
6.603596673660964145e-01
1.079412661238939419e+00
3.696052343749823832e-01
8.014717828869797334e-01
