4.752299462655983575e+00
1.169798636196976771e+00
7.150196053486091996e-01
1.058088923329592035e+00
1.935378326166708796e+00
2.816876909615072311e+00
2.015048676140102746e+00
1.493691494893810923e+00
1.066323222728342346e+00
1.459178687600708235e+00
5.454405032832698730e+00
2.015054523944025178e+00
2.314774195046604088e+00
1.264547219104464437e+00
5.645123001156622244e-01
3.212735408905397883e+00
3.261794600673737943e+00
3.239735197057473037e+00
4.918705765978677924e+00
3.013485121918012322e+00
1.575363009630981637e+00
2.480257697976460562e+00
3.178961004080777641e+00
3.309059356674816321e+00
4.297120048143034943e+00
4.447399555179890385e+00
5.391178175297168806e+00
1.688121226518054518e+00
1.225504228690321273e+00
3.147871983380816641e+00
3.476265238715642081e+00
3.836103532233138935e+00
2.859641463195496502e+00
1.083517944201876082e+00
1.254569295758209524e+00
3.632765496405978567e+00
2.428979811823231305e+00
1.445411279086709078e+00
2.302259908131367716e-01
9.250317622212919089e-01
1.851404742436183026e+00
