-1.414313620053667725e-16
3.779239889119838658e-01
6.566391721005202520e-01
0.000000000000000000e+00
6.954592971475042074e-01
7.951581809017598257e-01
8.883915273864119166e-01
1.036912309321929015e+00
1.051861728559304376e+00
1.050190123795289976e+00
1.156698560559533018e+00
1.209797165768883298e+00
1.422855206867652322e+00
1.623713746903067578e+00
1.426968266037738520e+00
1.353296300688279663e+00
1.398227362824254305e+00
1.480707764662210213e+00
1.703726656140230444e+00
1.831974634997653784e+00
1.944855781060196520e+00
1.653934755783645016e+00
1.582081374043555311e+00
1.573187450383862318e+00
1.723866325729617399e+00
1.940240131549270997e+00
1.881920345574844111e+00
2.429888826918732647e+00
2.566894529168823436e+00
2.103526199493293447e+00
2.192628324870327994e+00
1.844169695145399634e+00
2.133459445888886030e+00
3.092641893992721602e+00
2.937933871554101906e+00
2.580854493247933590e+00
2.474951087288630003e+00
3.412515742744236746e+00
3.190902920387026498e+00
3.144613131027758968e+00
2.876707623645000211e+00
