-0.000000000000000000e+00
3.199735403672138712e-01
6.199692804869528784e-01
0.000000000000000000e+00
8.014192371413315641e-01
8.779362064566954560e-01
9.042751677960013668e-01
1.059698079686462568e+00
1.063213222752450005e+00
1.065497585557092952e+00
1.155085054227052543e+00
1.182946391232824856e+00
1.284412622485045619e+00
1.668453665128142527e+00
1.258621175835067163e+00
1.274727769437842717e+00
1.309515771915697346e+00
1.337538426978310602e+00
1.450364313868907962e+00
1.773380315240694616e+00
1.564382307155991247e+00
1.446427321614375927e+00
1.417391310734235077e+00
1.399113051177802491e+00
1.472538752542816853e+00
1.555833630503520970e+00
1.528155708304878679e+00
1.877347153219960818e+00
1.806923186404759463e+00
1.622943944305708097e+00
1.648874263630335735e+00
1.529709205894399071e+00
1.624696062247968475e+00
2.247419818290997906e+00
2.083927717657296341e+00
1.798797387500186806e+00
1.754114952012542972e+00
2.613579777344993360e+00
2.380966855723133602e+00
2.335099043013268982e+00
2.019548835047115354e+00
