1.682257506931468471e+00
1.807579218919818542e+00
3.054995543379054102e+00
2.669065316378122166e+00
9.164115207513344741e-01
1.596459881602355413e+00
2.054216534258416438e+00
5.226378766759576244e+00
1.118043466264463159e+00
2.375571558705750430e+00
1.246313098738535574e+00
2.520237882557021081e+00
4.911080244427865615e+00
8.575867409215829351e-01
1.625315396785958599e+00
1.833940251119663412e+00
1.975704552606651676e+00
4.157400304885051412e+00
6.239834248869652100e+00
1.652203615659717517e+00
1.858332959295304176e+00
3.525225909990255868e+00
2.235629130603722814e+00
2.874918407877451010e+00
3.749264403618398855e+00
4.113895328018005060e+00
6.408706681848124198e+00
2.089734229815110478e+00
2.295574357277927913e+00
2.347508915246692140e+00
2.251330117968024958e+00
2.928295309106327071e+00
3.347179280502216692e+00
1.775581914009767504e+00
1.427699359629214904e+00
1.803418942989823970e+00
1.472153411454895977e+00
3.571876733800763426e-01
6.434439493658107301e-01
5.851703229387305027e-01
4.406323963011534173e-01
