2.266489360166715539e+00
1.604799628138776413e+00
1.240459711556098688e+00
2.699095182369344759e+00
1.474992059891632179e+00
8.729773797986860595e-01
4.153282221989146983e+00
2.688039048842251422e+00
2.370565202683183603e+00
1.759459474692474101e+00
2.030080235391885424e+00
3.595665636732108261e+00
6.819727268747913129e+00
1.057027277557353040e+00
9.069933887292400687e-01
1.265809372836004698e+00
2.321876779152926673e+00
5.538328600163384685e+00
1.061456756021698844e+01
1.549012476452920284e+00
1.892977241629073992e+00
1.813559333369668458e+00
2.304956070645543420e+00
4.086579171658966558e+00
5.583853800089340069e+00
7.835522718842391932e+00
1.217543222892056676e+01
7.200094089415047804e-01
2.818034896348347029e+00
2.231147835362169207e+00
4.614160849517839225e+00
3.294520776122267680e+00
6.758637590011224106e+00
1.508893866008184315e+00
6.241056553717098110e-01
3.352825613713860786e+00
3.659489719964257759e+00
8.902262328298229388e-01
1.411281305034390643e+00
6.989581707331771199e-01
4.325788286190696552e-01
