-1.525962198989269449e-16
4.453189557158881429e-01
7.694380750721793172e-01
0.000000000000000000e+00
9.456305592669191906e-01
9.949897180382362150e-01
1.099638622672180599e+00
1.318760119608702652e+00
1.542079264706121888e+00
1.404377040091199680e+00
1.435896671051985818e+00
1.472010816547951739e+00
1.663873088856713478e+00
2.114668507316657564e+00
1.866502629806526592e+00
1.702644303659654135e+00
1.664791855250127073e+00
1.740423354586934979e+00
2.031509957713449666e+00
2.325341918142469932e+00
2.333564187140811708e+00
2.069652788247937636e+00
1.910222928468837678e+00
1.860696860503411765e+00
2.072617635403298575e+00
2.363024412204269620e+00
2.287823397843621986e+00
2.834838590739380937e+00
2.836578785552696047e+00
2.531393129201529923e+00
2.622312644857818231e+00
2.263114735189423854e+00
2.578363111212486292e+00
3.500213009279199206e+00
3.201186966950608337e+00
2.874169129680936852e+00
2.817863648246926811e+00
3.721799111963165707e+00
3.443518648892628153e+00
3.387343359566924672e+00
3.133728648729918742e+00
