1.678693492190176606e+00
3.022308138134245148e+00
2.077728286656622014e+00
1.276153477113716406e+00
6.071835800275341422e-01
1.392000441097332342e+00
1.939042000087196849e+00
3.566974566604243613e+00
6.609901773187101259e-01
2.994681501864167927e+00
2.270510819882577191e+00
2.956705718451882348e+00
3.718990518709528903e+00
1.486039765180602101e+00
7.765471077561880708e-01
2.328399818399192966e+00
2.449995995451323960e+00
3.699333604183561608e+00
5.722409910563086122e+00
1.163079938851792727e+00
2.129655581947143883e+00
3.483131776916282174e+00
3.201878943854691073e+00
3.179919810160434679e+00
3.975648105808874178e+00
4.454426836295947822e+00
5.661810388558661700e+00
2.399025848989736254e+00
1.421712220683234218e+00
3.862538401280782629e+00
3.177158346474924677e+00
3.818929604964901081e+00
3.338867701016999145e+00
1.377008409893251129e+00
7.852393189659676587e-01
1.765775349154379503e+00
3.348652053538313744e+00
9.312671969086122603e-01
8.502943497534646289e-01
5.034557271251691724e-01
3.039465538895228747e+00
