1.494190468849889209e-16
3.805006439812619878e-01
6.169459224665496677e-01
0.000000000000000000e+00
8.773755197306809528e-01
8.472311721237980597e-01
8.371830729855972431e-01
1.006824110150737139e+00
1.398875729165447446e+00
1.367919394010969070e+00
1.305531133236465413e+00
1.243811241390246902e+00
1.397452703757344983e+00
1.613150497857688048e+00
1.590224404594398511e+00
1.610655376990520526e+00
1.534476924681297261e+00
1.495491712282088770e+00
1.650238487631108475e+00
1.770085284455913177e+00
1.760272618468640360e+00
1.706134186668925468e+00
1.676798080233659283e+00
1.606288869860810653e+00
1.686957225939400340e+00
1.778666756943927174e+00
1.747416158267446118e+00
1.997726199980349504e+00
1.994749565217508902e+00
1.830154722265125322e+00
1.870218809040277597e+00
1.756283066776890056e+00
1.852858807688240184e+00
2.444496416863704003e+00
2.283380664452316910e+00
2.018885161881026846e+00
1.982937541836007567e+00
2.812978368536791063e+00
2.542060236423365094e+00
2.478320756816896786e+00
2.229990114814333069e+00
