-3.567571432350332522e-16
5.000157986649692576e-01
7.114635958281845252e-01
0.000000000000000000e+00
8.102059337292900620e-01
8.673399434987797418e-01
8.722729180156951756e-01
9.899732650164789760e-01
1.434422425123032196e+00
1.260997578179741785e+00
1.095836259663432788e+00
1.128616372266874279e+00
1.350464513308855530e+00
2.014297148516423608e+00
1.804063840007023245e+00
1.493501845173865972e+00
1.314310499056146719e+00
1.414641379414431022e+00
1.770039618276505244e+00
2.306303123513192332e+00
2.487857628767710327e+00
1.993130259666730852e+00
1.610820727442259903e+00
1.542128028664903283e+00
1.821136369392707621e+00
2.325470817475860930e+00
2.183482246779539171e+00
3.280502068858373033e+00
3.486606399557057756e+00
2.881625445681981645e+00
2.968662503383395546e+00
2.153393492027572353e+00
2.803704029906513018e+00
4.146394097609499951e+00
3.933480624561831007e+00
3.571551246380450628e+00
3.475782692143594144e+00
4.400492070700110503e+00
4.181204844288429534e+00
4.119320166502074443e+00
3.873516782234834643e+00
