7.261272207192202994e-17
3.257962118130737772e-01
4.954596238367184879e-01
-9.706127320606426957e-17
5.385288716401274156e-01
6.248255193009947250e-01
6.296934198445849340e-01
7.437336773989987604e-01
8.192468208800091078e-01
8.179636427857405190e-01
8.904157399849064181e-01
9.201269088315833233e-01
1.116999402792054008e+00
1.265613398589497729e+00
1.069742302597634698e+00
1.076697240149906420e+00
1.110787811473259445e+00
1.167818006751646154e+00
1.305161155152707586e+00
1.421858092551775643e+00
1.360760174183933247e+00
1.263968347079749588e+00
1.248387293274667798e+00
1.238203897241448193e+00
1.316646186678389396e+00
1.400485273780586182e+00
1.377621437493947498e+00
1.718532590694114015e+00
1.652105850434878898e+00
1.448199928303077533e+00
1.490689201179377532e+00
1.360628927025288260e+00
1.471229948859147374e+00
2.109046833079374572e+00
1.899941505610247106e+00
1.662544330534871939e+00
1.615899835388762806e+00
2.288021350239527241e+00
2.089676271491119675e+00
2.041297068341144882e+00
1.854140243836457591e+00
